1,Indian Institute of Technology Bhubaneswar,"Civil Engineering (4 Years, Bachelor of Technology)",AI,General,Gender-Neutral,5057,6780
1,Indian Institute of Technology Bhubaneswar,"Civil Engineering (4 Years, Bachelor of Technology)",AI,General,Female-only (including Supernumerary),10078,10789
1,Indian Institute of Technology Bhubaneswar,"Civil Engineering (4 Years, Bachelor of Technology)",AI,OBC-NCL,Gender-Neutral,1649,2592
1,Indian Institute of Technology Bhubaneswar,"Civil Engineering (4 Years, Bachelor of Technology)",AI,OBC-NCL,Female-only (including Supernumerary),4343,4522
1,Indian Institute of Technology Bhubaneswar,"Civil Engineering (4 Years, Bachelor of Technology)",AI,SC,Gender-Neutral,1054,1233
1,Indian Institute of Technology Bhubaneswar,"Civil Engineering (4 Years, Bachelor of Technology)",AI,SC,Female-only (including Supernumerary),1766,1766
1,Indian Institute of Technology Bhubaneswar,"Civil Engineering (4 Years, Bachelor of Technology)",AI,ST,Gender-Neutral,407,430
1,Indian Institute of Technology Bhubaneswar,"Civil Engineering and M. Tech. in Structural Engineering (5 Years, Bachelor and Master of Technology (Dual Degree))",AI,General,Gender-Neutral,7281,7708
1,Indian Institute of Technology Bhubaneswar,"Civil Engineering and M. Tech. in Structural Engineering (5 Years, Bachelor and Master of Technology (Dual Degree))",AI,General,Female-only (including Supernumerary),10844,10844
1,Indian Institute of Technology Bhubaneswar,"Civil Engineering and M. Tech. in Structural Engineering (5 Years, Bachelor and Master of Technology (Dual Degree))",AI,OBC-NCL,Gender-Neutral,2716,2973
1,Indian Institute of Technology Bhubaneswar,"Civil Engineering and M. Tech. in Structural Engineering (5 Years, Bachelor and Master of Technology (Dual Degree))",AI,OBC-NCL,Female-only (including Supernumerary),4008,4008
1,Indian Institute of Technology Bhubaneswar,"Civil Engineering and M. Tech. in Structural Engineering (5 Years, Bachelor and Master of Technology (Dual Degree))",AI,SC,Gender-Neutral,1309,1309
1,Indian Institute of Technology Bhubaneswar,"Civil Engineering and M. Tech. in Structural Engineering (5 Years, Bachelor and Master of Technology (Dual Degree))",AI,ST,Gender-Neutral,449,449
1,Indian Institute of Technology Bhubaneswar,"Civil Engineering and M.Tech in Transportation Engineering (5 Years, Bachelor and Master of Technology (Dual Degree))",AI,General,Female-only (including Supernumerary),11727,11727
1,Indian Institute of Technology Bhubaneswar,"Civil Engineering and M.Tech in Transportation Engineering (5 Years, Bachelor and Master of Technology (Dual Degree))",AI,General,Gender-Neutral,6258,7843
1,Indian Institute of Technology Bhubaneswar,"Civil Engineering and M.Tech in Transportation Engineering (5 Years, Bachelor and Master of Technology (Dual Degree))",AI,OBC-NCL,Gender-Neutral,2969,3014
1,Indian Institute of Technology Bhubaneswar,"Civil Engineering and M.Tech in Transportation Engineering (5 Years, Bachelor and Master of Technology (Dual Degree))",AI,OBC-NCL,Female-only (including Supernumerary),4859,4859
1,Indian Institute of Technology Bhubaneswar,"Civil Engineering and M.Tech in Transportation Engineering (5 Years, Bachelor and Master of Technology (Dual Degree))",AI,SC,Gender-Neutral,1375,1375
1,Indian Institute of Technology Bhubaneswar,"Civil Engineering and M.Tech in Transportation Engineering (5 Years, Bachelor and Master of Technology (Dual Degree))",AI,ST,Gender-Neutral,522,522
1,Indian Institute of Technology Bhubaneswar,"Civil Engineering and M.Tech. in Environmental Engineering (5 Years, Bachelor and Master of Technology (Dual Degree))",AI,General,Female-only (including Supernumerary),11349,11349
1,Indian Institute of Technology Bhubaneswar,"Civil Engineering and M.Tech. in Environmental Engineering (5 Years, Bachelor and Master of Technology (Dual Degree))",AI,General,Gender-Neutral,6790,7977
1,Indian Institute of Technology Bhubaneswar,"Civil Engineering and M.Tech. in Environmental Engineering (5 Years, Bachelor and Master of Technology (Dual Degree))",AI,OBC-NCL,Gender-Neutral,3025,3089
1,Indian Institute of Technology Bhubaneswar,"Civil Engineering and M.Tech. in Environmental Engineering (5 Years, Bachelor and Master of Technology (Dual Degree))",AI,OBC-NCL,Female-only (including Supernumerary),5133,5133
1,Indian Institute of Technology Bhubaneswar,"Civil Engineering and M.Tech. in Environmental Engineering (5 Years, Bachelor and Master of Technology (Dual Degree))",AI,SC,Gender-Neutral,1429,1429
1,Indian Institute of Technology Bhubaneswar,"Civil Engineering and M.Tech. in Environmental Engineering (5 Years, Bachelor and Master of Technology (Dual Degree))",AI,ST,Gender-Neutral,520,520
1,Indian Institute of Technology Bhubaneswar,"Computer Science and Engineering (4 Years, Bachelor of Technology)",AI,General,Gender-Neutral,1404,2055
1,Indian Institute of Technology Bhubaneswar,"Computer Science and Engineering (4 Years, Bachelor of Technology)",AI,General,Female-only (including Supernumerary),2602,3442
1,Indian Institute of Technology Bhubaneswar,"Computer Science and Engineering (4 Years, Bachelor of Technology)",AI,General PwD,Gender-Neutral,86,86
1,Indian Institute of Technology Bhubaneswar,"Computer Science and Engineering (4 Years, Bachelor of Technology)",AI,OBC-NCL,Gender-Neutral,501,861
1,Indian Institute of Technology Bhubaneswar,"Computer Science and Engineering (4 Years, Bachelor of Technology)",AI,OBC-NCL,Female-only (including Supernumerary),1030,1400
1,Indian Institute of Technology Bhubaneswar,"Computer Science and Engineering (4 Years, Bachelor of Technology)",AI,OBC-NCL(PwD),Gender-Neutral,7,7
1,Indian Institute of Technology Bhubaneswar,"Computer Science and Engineering (4 Years, Bachelor of Technology)",AI,SC,Female-only (including Supernumerary),566,566
1,Indian Institute of Technology Bhubaneswar,"Computer Science and Engineering (4 Years, Bachelor of Technology)",AI,SC,Gender-Neutral,56,389
1,Indian Institute of Technology Bhubaneswar,"Computer Science and Engineering (4 Years, Bachelor of Technology)",AI,ST,Female-only (including Supernumerary),393,393
1,Indian Institute of Technology Bhubaneswar,"Computer Science and Engineering (4 Years, Bachelor of Technology)",AI,ST,Gender-Neutral,155,161
1,Indian Institute of Technology Bhubaneswar,"Computer Science and Engineering (5 Years, Bachelor and Master of Technology (Dual Degree))",AI,General,Gender-Neutral,2357,2504
1,Indian Institute of Technology Bhubaneswar,"Computer Science and Engineering (5 Years, Bachelor and Master of Technology (Dual Degree))",AI,General,Female-only (including Supernumerary),4352,4352
1,Indian Institute of Technology Bhubaneswar,"Computer Science and Engineering (5 Years, Bachelor and Master of Technology (Dual Degree))",AI,OBC-NCL,Female-only (including Supernumerary),2344,2344
1,Indian Institute of Technology Bhubaneswar,"Computer Science and Engineering (5 Years, Bachelor and Master of Technology (Dual Degree))",AI,OBC-NCL,Gender-Neutral,1025,1041
1,Indian Institute of Technology Bhubaneswar,"Computer Science and Engineering (5 Years, Bachelor and Master of Technology (Dual Degree))",AI,SC,Gender-Neutral,422,719
1,Indian Institute of Technology Bhubaneswar,"Electrical Engineering and M.Tech Power Electronics and Drives (5 Years, Bachelor and Master of Technology (Dual Degree))",AI,General,Female-only (including Supernumerary),7540,7540
1,Indian Institute of Technology Bhubaneswar,"Electrical Engineering and M.Tech Power Electronics and Drives (5 Years, Bachelor and Master of Technology (Dual Degree))",AI,General,Gender-Neutral,4365,4648
1,Indian Institute of Technology Bhubaneswar,"Electrical Engineering and M.Tech Power Electronics and Drives (5 Years, Bachelor and Master of Technology (Dual Degree))",AI,OBC-NCL,Gender-Neutral,1950,1996
1,Indian Institute of Technology Bhubaneswar,"Electrical Engineering and M.Tech Power Electronics and Drives (5 Years, Bachelor and Master of Technology (Dual Degree))",AI,OBC-NCL,Female-only (including Supernumerary),2897,2897
1,Indian Institute of Technology Bhubaneswar,"Electrical Engineering and M.Tech Power Electronics and Drives (5 Years, Bachelor and Master of Technology (Dual Degree))",AI,SC,Gender-Neutral,877,1328
1,Indian Institute of Technology Bhubaneswar,"Electrical Engineering (4 Years, Bachelor of Technology)",AI,General,Gender-Neutral,3249,4338
1,Indian Institute of Technology Bhubaneswar,"Electrical Engineering (4 Years, Bachelor of Technology)",AI,General,Female-only (including Supernumerary),5689,6178
1,Indian Institute of Technology Bhubaneswar,"Electrical Engineering (4 Years, Bachelor of Technology)",AI,General PwD,Gender-Neutral,118,118
1,Indian Institute of Technology Bhubaneswar,"Electrical Engineering (4 Years, Bachelor of Technology)",AI,OBC-NCL,Female-only (including Supernumerary),2367,2504
1,Indian Institute of Technology Bhubaneswar,"Electrical Engineering (4 Years, Bachelor of Technology)",AI,OBC-NCL,Gender-Neutral,1546,1743
1,Indian Institute of Technology Bhubaneswar,"Electrical Engineering (4 Years, Bachelor of Technology)",AI,SC,Gender-Neutral,874,1008
1,Indian Institute of Technology Bhubaneswar,"Electrical Engineering (4 Years, Bachelor of Technology)",AI,SC,Female-only (including Supernumerary),1449,1449
1,Indian Institute of Technology Bhubaneswar,"Electrical Engineering (4 Years, Bachelor of Technology)",AI,ST,Female-only (including Supernumerary),783,783
1,Indian Institute of Technology Bhubaneswar,"Electrical Engineering (4 Years, Bachelor of Technology)",AI,ST,Gender-Neutral,421,475
1,Indian Institute of Technology Bhubaneswar,"Electronics and Communication Engineering (4 Years, Bachelor of Technology)",AI,General,Gender-Neutral,2124,3322
1,Indian Institute of Technology Bhubaneswar,"Electronics and Communication Engineering (4 Years, Bachelor of Technology)",AI,General,Female-only (including Supernumerary),3615,5492
1,Indian Institute of Technology Bhubaneswar,"Electronics and Communication Engineering (4 Years, Bachelor of Technology)",AI,OBC-NCL,Female-only (including Supernumerary),1505,1657
1,Indian Institute of Technology Bhubaneswar,"Electronics and Communication Engineering (4 Years, Bachelor of Technology)",AI,OBC-NCL,Gender-Neutral,766,1282
1,Indian Institute of Technology Bhubaneswar,"Electronics and Communication Engineering (4 Years, Bachelor of Technology)",AI,SC,Gender-Neutral,595,854
1,Indian Institute of Technology Bhubaneswar,"Electronics and Communication Engineering (4 Years, Bachelor of Technology)",AI,ST,Gender-Neutral,378,478
1,Indian Institute of Technology Bhubaneswar,"Electronics and Communication Engineering (4 Years, Bachelor of Technology)",AI,ST,Female-only (including Supernumerary),822,822
1,Indian Institute of Technology Bhubaneswar,"Mechanical Engineering (4 Years, Bachelor of Technology)",AI,General,Female-only (including Supernumerary),8510,9039
1,Indian Institute of Technology Bhubaneswar,"Mechanical Engineering (4 Years, Bachelor of Technology)",AI,General,Gender-Neutral,3752,4775
1,Indian Institute of Technology Bhubaneswar,"Mechanical Engineering (4 Years, Bachelor of Technology)",AI,OBC-NCL,Gender-Neutral,1427,1947
1,Indian Institute of Technology Bhubaneswar,"Mechanical Engineering (4 Years, Bachelor of Technology)",AI,OBC-NCL,Female-only (including Supernumerary),2289,3754
1,Indian Institute of Technology Bhubaneswar,"Mechanical Engineering (4 Years, Bachelor of Technology)",AI,SC,Gender-Neutral,743,1062
1,Indian Institute of Technology Bhubaneswar,"Mechanical Engineering (4 Years, Bachelor of Technology)",AI,SC,Female-only (including Supernumerary),1897,1897
1,Indian Institute of Technology Bhubaneswar,"Mechanical Engineering (4 Years, Bachelor of Technology)",AI,ST,Gender-Neutral,461,468
1,Indian Institute of Technology Bhubaneswar,"Mechanical Engineering (4 Years, Bachelor of Technology)",AI,ST,Female-only (including Supernumerary),791,791
1,Indian Institute of Technology Bhubaneswar,"Mechanical Engineering and M. Tech. in Mechanical System Design (5 Years, Bachelor and Master of Technology (Dual Degree))",AI,General,Gender-Neutral,5165,5855
1,Indian Institute of Technology Bhubaneswar,"Mechanical Engineering and M. Tech. in Mechanical System Design (5 Years, Bachelor and Master of Technology (Dual Degree))",AI,General,Female-only (including Supernumerary),10356,10356
1,Indian Institute of Technology Bhubaneswar,"Mechanical Engineering and M. Tech. in Mechanical System Design (5 Years, Bachelor and Master of Technology (Dual Degree))",AI,OBC-NCL,Gender-Neutral,2128,2494
1,Indian Institute of Technology Bhubaneswar,"Mechanical Engineering and M. Tech. in Mechanical System Design (5 Years, Bachelor and Master of Technology (Dual Degree))",AI,SC,Gender-Neutral,825,825
1,Indian Institute of Technology Bhubaneswar,"Mechanical Engineering and M. Tech. in Mechanical System Design (5 Years, Bachelor and Master of Technology (Dual Degree))",AI,SC,Female-only (including Supernumerary),2819,2819
1,Indian Institute of Technology Bhubaneswar,"Mechanical Engineering and M. Tech. in Mechanical System Design (5 Years, Bachelor and Master of Technology (Dual Degree))",AI,ST,Gender-Neutral,551,551
1,Indian Institute of Technology Bhubaneswar,"Mechanical Engineering and M. Tech. in Thermal Science & Engineering (5 Years, Bachelor and Master of Technology (Dual Degree))",AI,General,Gender-Neutral,5925,6127
1,Indian Institute of Technology Bhubaneswar,"Mechanical Engineering and M. Tech. in Thermal Science & Engineering (5 Years, Bachelor and Master of Technology (Dual Degree))",AI,General,Female-only (including Supernumerary),10671,10671
1,Indian Institute of Technology Bhubaneswar,"Mechanical Engineering and M. Tech. in Thermal Science & Engineering (5 Years, Bachelor and Master of Technology (Dual Degree))",AI,OBC-NCL,Gender-Neutral,2542,2669
1,Indian Institute of Technology Bhubaneswar,"Mechanical Engineering and M. Tech. in Thermal Science & Engineering (5 Years, Bachelor and Master of Technology (Dual Degree))",AI,SC,Gender-Neutral,1393,1393
1,Indian Institute of Technology Bhubaneswar,"Mechanical Engineering and M. Tech. in Thermal Science & Engineering (5 Years, Bachelor and Master of Technology (Dual Degree))",AI,SC,Female-only (including Supernumerary),2744,2744
1,Indian Institute of Technology Bhubaneswar,"Mechanical Engineering and M. Tech. in Thermal Science & Engineering (5 Years, Bachelor and Master of Technology (Dual Degree))",AI,ST,Gender-Neutral,635,635
1,Indian Institute of Technology Bhubaneswar,"Mechanical Engineering with M.Tech. in Manufacturing Engineering (5 Years, Bachelor and Master of Technology (Dual Degree))",AI,General,Gender-Neutral,5903,6309
1,Indian Institute of Technology Bhubaneswar,"Mechanical Engineering with M.Tech. in Manufacturing Engineering (5 Years, Bachelor and Master of Technology (Dual Degree))",AI,General,Female-only (including Supernumerary),10519,10519
1,Indian Institute of Technology Bhubaneswar,"Mechanical Engineering with M.Tech. in Manufacturing Engineering (5 Years, Bachelor and Master of Technology (Dual Degree))",AI,OBC-NCL,Gender-Neutral,2423,2703
1,Indian Institute of Technology Bhubaneswar,"Mechanical Engineering with M.Tech. in Manufacturing Engineering (5 Years, Bachelor and Master of Technology (Dual Degree))",AI,SC,Female-only (including Supernumerary),2753,2753
1,Indian Institute of Technology Bhubaneswar,"Mechanical Engineering with M.Tech. in Manufacturing Engineering (5 Years, Bachelor and Master of Technology (Dual Degree))",AI,SC,Gender-Neutral,2840,2840
1,Indian Institute of Technology Bhubaneswar,"Mechanical Engineering with M.Tech. in Manufacturing Engineering (5 Years, Bachelor and Master of Technology (Dual Degree))",AI,ST,Gender-Neutral,573,573
1,Indian Institute of Technology Bhubaneswar,"Metallurgical and Materials Engineering (4 Years, Bachelor of Technology)",AI,General,Female-only (including Supernumerary),11337,11713
1,Indian Institute of Technology Bhubaneswar,"Metallurgical and Materials Engineering (4 Years, Bachelor of Technology)",AI,General,Gender-Neutral,6920,7873
1,Indian Institute of Technology Bhubaneswar,"Metallurgical and Materials Engineering (4 Years, Bachelor of Technology)",AI,OBC-NCL,Female-only (including Supernumerary),5610,5610
1,Indian Institute of Technology Bhubaneswar,"Metallurgical and Materials Engineering (4 Years, Bachelor of Technology)",AI,OBC-NCL,Gender-Neutral,2999,3334
1,Indian Institute of Technology Bhubaneswar,"Metallurgical and Materials Engineering (4 Years, Bachelor of Technology)",AI,SC,Female-only (including Supernumerary),2721,2721
1,Indian Institute of Technology Bhubaneswar,"Metallurgical and Materials Engineering (4 Years, Bachelor of Technology)",AI,SC,Gender-Neutral,1700,1704
1,Indian Institute of Technology Bhubaneswar,"Metallurgical and Materials Engineering (4 Years, Bachelor of Technology)",AI,ST,Gender-Neutral,859,889
1,Indian Institute of Technology Bhubaneswar,"Metallurgical and Materials Engineering and M.Tech. in Materials Science and Engineering (5 Years, Bachelor and Master of Technology (Dual Degree))",AI,General,Gender-Neutral,7918,8473
1,Indian Institute of Technology Bhubaneswar,"Metallurgical and Materials Engineering and M.Tech. in Materials Science and Engineering (5 Years, Bachelor and Master of Technology (Dual Degree))",AI,General,Female-only (including Supernumerary),11996,11996
1,Indian Institute of Technology Bhubaneswar,"Metallurgical and Materials Engineering and M.Tech. in Materials Science and Engineering (5 Years, Bachelor and Master of Technology (Dual Degree))",AI,OBC-NCL,Female-only (including Supernumerary),6160,6160
1,Indian Institute of Technology Bhubaneswar,"Metallurgical and Materials Engineering and M.Tech. in Materials Science and Engineering (5 Years, Bachelor and Master of Technology (Dual Degree))",AI,OBC-NCL,Gender-Neutral,3555,3563
1,Indian Institute of Technology Bhubaneswar,"Metallurgical and Materials Engineering and M.Tech. in Materials Science and Engineering (5 Years, Bachelor and Master of Technology (Dual Degree))",AI,SC,Gender-Neutral,1943,1943
1,Indian Institute of Technology Bhubaneswar,"Metallurgical and Materials Engineering and M.Tech. in Materials Science and Engineering (5 Years, Bachelor and Master of Technology (Dual Degree))",AI,ST,Gender-Neutral,230,230
1,Indian Institute of Technology Bombay,"Aerospace Engineering (4 Years, Bachelor of Technology)",AI,General,Female-only (including Supernumerary),1425,3605
1,Indian Institute of Technology Bombay,"Aerospace Engineering (4 Years, Bachelor of Technology)",AI,General,Gender-Neutral,1040,1974
1,Indian Institute of Technology Bombay,"Aerospace Engineering (4 Years, Bachelor of Technology)",AI,General PwD,Gender-Neutral,20,20
1,Indian Institute of Technology Bombay,"Aerospace Engineering (4 Years, Bachelor of Technology)",AI,OBC-NCL,Gender-Neutral,703,1037
1,Indian Institute of Technology Bombay,"Aerospace Engineering (4 Years, Bachelor of Technology)",AI,OBC-NCL,Female-only (including Supernumerary),1161,1185
1,Indian Institute of Technology Bombay,"Aerospace Engineering (4 Years, Bachelor of Technology)",AI,OBC-NCL(PwD),Gender-Neutral,21,21
1,Indian Institute of Technology Bombay,"Aerospace Engineering (4 Years, Bachelor of Technology)",AI,SC,Gender-Neutral,158,407
1,Indian Institute of Technology Bombay,"Aerospace Engineering (4 Years, Bachelor of Technology)",AI,SC,Female-only (including Supernumerary),1074,1074
1,Indian Institute of Technology Bombay,"Aerospace Engineering (4 Years, Bachelor of Technology)",AI,ST,Female-only (including Supernumerary),99,99
1,Indian Institute of Technology Bombay,"Aerospace Engineering (4 Years, Bachelor of Technology)",AI,ST,Gender-Neutral,56,230
1,Indian Institute of Technology Bombay,"BS in Mathematics (4 Years, Bachelor of Science)",AI,General,Gender-Neutral,742,1082
1,Indian Institute of Technology Bombay,"BS in Mathematics (4 Years, Bachelor of Science)",AI,General,Female-only (including Supernumerary),2898,2898
1,Indian Institute of Technology Bombay,"BS in Mathematics (4 Years, Bachelor of Science)",AI,OBC-NCL,Female-only (including Supernumerary),4002,4002
1,Indian Institute of Technology Bombay,"BS in Mathematics (4 Years, Bachelor of Science)",AI,OBC-NCL,Gender-Neutral,1492,1535
1,Indian Institute of Technology Bombay,"BS in Mathematics (4 Years, Bachelor of Science)",AI,SC,Gender-Neutral,53,53
1,Indian Institute of Technology Bombay,"BS in Mathematics (4 Years, Bachelor of Science)",AI,ST,Gender-Neutral,627,627
1,Indian Institute of Technology Bombay,"Chemical Engineering (4 Years, Bachelor of Technology)",AI,General,Female-only (including Supernumerary),1766,2878
1,Indian Institute of Technology Bombay,"Chemical Engineering (4 Years, Bachelor of Technology)",AI,General,Gender-Neutral,653,1655
1,Indian Institute of Technology Bombay,"Chemical Engineering (4 Years, Bachelor of Technology)",AI,General PwD,Gender-Neutral,41,41
1,Indian Institute of Technology Bombay,"Chemical Engineering (4 Years, Bachelor of Technology)",AI,OBC-NCL,Female-only (including Supernumerary),600,2598
1,Indian Institute of Technology Bombay,"Chemical Engineering (4 Years, Bachelor of Technology)",AI,OBC-NCL,Gender-Neutral,539,932
1,Indian Institute of Technology Bombay,"Chemical Engineering (4 Years, Bachelor of Technology)",AI,SC,Female-only (including Supernumerary),649,851
1,Indian Institute of Technology Bombay,"Chemical Engineering (4 Years, Bachelor of Technology)",AI,SC,Gender-Neutral,211,605
1,Indian Institute of Technology Bombay,"Chemical Engineering (4 Years, Bachelor of Technology)",AI,ST,Gender-Neutral,144,319
1,Indian Institute of Technology Bombay,"Chemical Engineering (4 Years, Bachelor of Technology)",AI,ST,Female-only (including Supernumerary),584,584
1,Indian Institute of Technology Bombay,"Chemistry (4 Years, Bachelor of Science)",AI,General,Female-only (including Supernumerary),4731,8302
1,Indian Institute of Technology Bombay,"Chemistry (4 Years, Bachelor of Science)",AI,General,Gender-Neutral,4203,5111
1,Indian Institute of Technology Bombay,"Chemistry (4 Years, Bachelor of Science)",AI,OBC-NCL,Gender-Neutral,1417,2558
1,Indian Institute of Technology Bombay,"Chemistry (4 Years, Bachelor of Science)",AI,OBC-NCL,Female-only (including Supernumerary),2878,4221
1,Indian Institute of Technology Bombay,"Chemistry (4 Years, Bachelor of Science)",AI,SC,Gender-Neutral,1473,1615
1,Indian Institute of Technology Bombay,"Chemistry (4 Years, Bachelor of Science)",AI,SC,Female-only (including Supernumerary),1835,1835
1,Indian Institute of Technology Bombay,"Chemistry (4 Years, Bachelor of Science)",AI,ST,Gender-Neutral,686,835
1,Indian Institute of Technology Bombay,"Civil Engineering (4 Years, Bachelor of Technology)",AI,General,Female-only (including Supernumerary),2471,4675
1,Indian Institute of Technology Bombay,"Civil Engineering (4 Years, Bachelor of Technology)",AI,General,Gender-Neutral,1443,2465
1,Indian Institute of Technology Bombay,"Civil Engineering (4 Years, Bachelor of Technology)",AI,General PwD,Gender-Neutral,67,67
1,Indian Institute of Technology Bombay,"Civil Engineering (4 Years, Bachelor of Technology)",AI,General PwD,Female-only (including Supernumerary),32,32
1,Indian Institute of Technology Bombay,"Civil Engineering (4 Years, Bachelor of Technology)",AI,OBC-NCL,Gender-Neutral,601,1069
1,Indian Institute of Technology Bombay,"Civil Engineering (4 Years, Bachelor of Technology)",AI,OBC-NCL,Female-only (including Supernumerary),2012,2214
1,Indian Institute of Technology Bombay,"Civil Engineering (4 Years, Bachelor of Technology)",AI,OBC-NCL(PwD),Gender-Neutral,14,14
1,Indian Institute of Technology Bombay,"Civil Engineering (4 Years, Bachelor of Technology)",AI,OBC-NCL(PwD),Female-only (including Supernumerary),16,16
1,Indian Institute of Technology Bombay,"Civil Engineering (4 Years, Bachelor of Technology)",AI,SC,Female-only (including Supernumerary),369,467
1,Indian Institute of Technology Bombay,"Civil Engineering (4 Years, Bachelor of Technology)",AI,SC,Gender-Neutral,172,425
1,Indian Institute of Technology Bombay,"Civil Engineering (4 Years, Bachelor of Technology)",AI,SC PwD,Gender-Neutral,8,8
1,Indian Institute of Technology Bombay,"Civil Engineering (4 Years, Bachelor of Technology)",AI,ST,Gender-Neutral,93,139
1,Indian Institute of Technology Bombay,"Civil Engineering (4 Years, Bachelor of Technology)",AI,ST,Female-only (including Supernumerary),231,231
1,Indian Institute of Technology Bombay,"Computer Science and Engineering (4 Years, Bachelor of Technology)",AI,General,Gender-Neutral,1,59
1,Indian Institute of Technology Bombay,"Computer Science and Engineering (4 Years, Bachelor of Technology)",AI,General,Female-only (including Supernumerary),6,173
1,Indian Institute of Technology Bombay,"Computer Science and Engineering (4 Years, Bachelor of Technology)",AI,General PwD,Gender-Neutral,1,1
1,Indian Institute of Technology Bombay,"Computer Science and Engineering (4 Years, Bachelor of Technology)",AI,OBC-NCL,Female-only (including Supernumerary),27,158
1,Indian Institute of Technology Bombay,"Computer Science and Engineering (4 Years, Bachelor of Technology)",AI,OBC-NCL,Gender-Neutral,9,37
1,Indian Institute of Technology Bombay,"Computer Science and Engineering (4 Years, Bachelor of Technology)",AI,OBC-NCL(PwD),Female-only (including Supernumerary),14,14
1,Indian Institute of Technology Bombay,"Computer Science and Engineering (4 Years, Bachelor of Technology)",AI,OBC-NCL(PwD),Gender-Neutral,1,1
1,Indian Institute of Technology Bombay,"Computer Science and Engineering (4 Years, Bachelor of Technology)",AI,SC,Female-only (including Supernumerary),25,44
1,Indian Institute of Technology Bombay,"Computer Science and Engineering (4 Years, Bachelor of Technology)",AI,SC,Gender-Neutral,1,14
1,Indian Institute of Technology Bombay,"Computer Science and Engineering (4 Years, Bachelor of Technology)",AI,SC PwD,Gender-Neutral,2,2
1,Indian Institute of Technology Bombay,"Computer Science and Engineering (4 Years, Bachelor of Technology)",AI,ST,Gender-Neutral,1,9
1,Indian Institute of Technology Bombay,"Computer Science and Engineering (4 Years, Bachelor of Technology)",AI,ST,Female-only (including Supernumerary),102,102
1,Indian Institute of Technology Bombay,"Economics (4 Years, Bachelor of Science)",AI,General,Gender-Neutral,780,1953
1,Indian Institute of Technology Bombay,"Economics (4 Years, Bachelor of Science)",AI,General,Female-only (including Supernumerary),3145,3757
1,Indian Institute of Technology Bombay,"Economics (4 Years, Bachelor of Science)",AI,OBC-NCL,Female-only (including Supernumerary),2332,2340
1,Indian Institute of Technology Bombay,"Economics (4 Years, Bachelor of Science)",AI,OBC-NCL,Gender-Neutral,702,1262
1,Indian Institute of Technology Bombay,"Economics (4 Years, Bachelor of Science)",AI,SC,Female-only (including Supernumerary),1178,1178
1,Indian Institute of Technology Bombay,"Economics (4 Years, Bachelor of Science)",AI,SC,Gender-Neutral,483,1036
1,Indian Institute of Technology Bombay,"Economics (4 Years, Bachelor of Science)",AI,ST,Gender-Neutral,531,617
1,Indian Institute of Technology Bombay,"Electrical Engineering (4 Years, Bachelor of Technology)",AI,General,Gender-Neutral,43,265
1,Indian Institute of Technology Bombay,"Electrical Engineering (4 Years, Bachelor of Technology)",AI,General,Female-only (including Supernumerary),394,730
1,Indian Institute of Technology Bombay,"Electrical Engineering (4 Years, Bachelor of Technology)",AI,OBC-NCL,Gender-Neutral,50,163
1,Indian Institute of Technology Bombay,"Electrical Engineering (4 Years, Bachelor of Technology)",AI,OBC-NCL,Female-only (including Supernumerary),100,200
1,Indian Institute of Technology Bombay,"Electrical Engineering (4 Years, Bachelor of Technology)",AI,OBC-NCL(PwD),Gender-Neutral,9,9
1,Indian Institute of Technology Bombay,"Electrical Engineering (4 Years, Bachelor of Technology)",AI,SC,Female-only (including Supernumerary),66,66
1,Indian Institute of Technology Bombay,"Electrical Engineering (4 Years, Bachelor of Technology)",AI,SC,Gender-Neutral,17,76
1,Indian Institute of Technology Bombay,"Electrical Engineering (4 Years, Bachelor of Technology)",AI,SC PwD,Gender-Neutral,5,5
1,Indian Institute of Technology Bombay,"Electrical Engineering (4 Years, Bachelor of Technology)",AI,ST,Gender-Neutral,14,45
1,Indian Institute of Technology Bombay,"Electrical Engineering (4 Years, Bachelor of Technology)",AI,ST,Female-only (including Supernumerary),111,111
1,Indian Institute of Technology Bombay,"Electrical Engineering with M.Tech. in Communications and Signal Processing (5 Years, Bachelor and Master of Technology (Dual Degree))",AI,General,Gender-Neutral,275,554
1,Indian Institute of Technology Bombay,"Electrical Engineering with M.Tech. in Communications and Signal Processing (5 Years, Bachelor and Master of Technology (Dual Degree))",AI,General,Female-only (including Supernumerary),1349,1459
1,Indian Institute of Technology Bombay,"Electrical Engineering with M.Tech. in Communications and Signal Processing (5 Years, Bachelor and Master of Technology (Dual Degree))",AI,OBC-NCL,Female-only (including Supernumerary),619,619
1,Indian Institute of Technology Bombay,"Electrical Engineering with M.Tech. in Communications and Signal Processing (5 Years, Bachelor and Master of Technology (Dual Degree))",AI,OBC-NCL,Gender-Neutral,239,401
1,Indian Institute of Technology Bombay,"Electrical Engineering with M.Tech. in Communications and Signal Processing (5 Years, Bachelor and Master of Technology (Dual Degree))",AI,OBC-NCL(PwD),Gender-Neutral,18,18
1,Indian Institute of Technology Bombay,"Electrical Engineering with M.Tech. in Communications and Signal Processing (5 Years, Bachelor and Master of Technology (Dual Degree))",AI,SC,Female-only (including Supernumerary),170,170
1,Indian Institute of Technology Bombay,"Electrical Engineering with M.Tech. in Communications and Signal Processing (5 Years, Bachelor and Master of Technology (Dual Degree))",AI,SC,Gender-Neutral,201,252
1,Indian Institute of Technology Bombay,"Electrical Engineering with M.Tech. in Communications and Signal Processing (5 Years, Bachelor and Master of Technology (Dual Degree))",AI,ST,Gender-Neutral,105,162
1,Indian Institute of Technology Bombay,"Electrical Engineering with M.Tech. in Microelectronics (5 Years, Bachelor and Master of Technology (Dual Degree))",AI,General,Gender-Neutral,284,446
1,Indian Institute of Technology Bombay,"Electrical Engineering with M.Tech. in Microelectronics (5 Years, Bachelor and Master of Technology (Dual Degree))",AI,General,Female-only (including Supernumerary),812,1332
1,Indian Institute of Technology Bombay,"Electrical Engineering with M.Tech. in Microelectronics (5 Years, Bachelor and Master of Technology (Dual Degree))",AI,General PwD,Gender-Neutral,30,30
1,Indian Institute of Technology Bombay,"Electrical Engineering with M.Tech. in Microelectronics (5 Years, Bachelor and Master of Technology (Dual Degree))",AI,OBC-NCL,Female-only (including Supernumerary),938,938
1,Indian Institute of Technology Bombay,"Electrical Engineering with M.Tech. in Microelectronics (5 Years, Bachelor and Master of Technology (Dual Degree))",AI,OBC-NCL,Gender-Neutral,183,347
1,Indian Institute of Technology Bombay,"Electrical Engineering with M.Tech. in Microelectronics (5 Years, Bachelor and Master of Technology (Dual Degree))",AI,SC,Female-only (including Supernumerary),444,444
1,Indian Institute of Technology Bombay,"Electrical Engineering with M.Tech. in Microelectronics (5 Years, Bachelor and Master of Technology (Dual Degree))",AI,SC,Gender-Neutral,114,236
1,Indian Institute of Technology Bombay,"Electrical Engineering with M.Tech. in Microelectronics (5 Years, Bachelor and Master of Technology (Dual Degree))",AI,ST,Gender-Neutral,125,174
1,Indian Institute of Technology Bombay,"Energy Engineering with M.Tech. in Energy Systems Engineering (5 Years, Bachelor and Master of Technology (Dual Degree))",AI,General,Female-only (including Supernumerary),4389,5260
1,Indian Institute of Technology Bombay,"Energy Engineering with M.Tech. in Energy Systems Engineering (5 Years, Bachelor and Master of Technology (Dual Degree))",AI,General,Gender-Neutral,1579,2597
1,Indian Institute of Technology Bombay,"Energy Engineering with M.Tech. in Energy Systems Engineering (5 Years, Bachelor and Master of Technology (Dual Degree))",AI,OBC-NCL,Gender-Neutral,997,1540
1,Indian Institute of Technology Bombay,"Energy Engineering with M.Tech. in Energy Systems Engineering (5 Years, Bachelor and Master of Technology (Dual Degree))",AI,OBC-NCL,Female-only (including Supernumerary),1049,1049
1,Indian Institute of Technology Bombay,"Energy Engineering with M.Tech. in Energy Systems Engineering (5 Years, Bachelor and Master of Technology (Dual Degree))",AI,SC,Gender-Neutral,442,801
1,Indian Institute of Technology Bombay,"Energy Engineering with M.Tech. in Energy Systems Engineering (5 Years, Bachelor and Master of Technology (Dual Degree))",AI,SC,Female-only (including Supernumerary),1589,1589
1,Indian Institute of Technology Bombay,"Energy Engineering with M.Tech. in Energy Systems Engineering (5 Years, Bachelor and Master of Technology (Dual Degree))",AI,ST,Gender-Neutral,288,420
1,Indian Institute of Technology Bombay,"Engineering Physics (4 Years, Bachelor of Technology)",AI,General,Female-only (including Supernumerary),900,1692
1,Indian Institute of Technology Bombay,"Engineering Physics (4 Years, Bachelor of Technology)",AI,General,Gender-Neutral,85,848
1,Indian Institute of Technology Bombay,"Engineering Physics (4 Years, Bachelor of Technology)",AI,General PwD,Gender-Neutral,17,17
1,Indian Institute of Technology Bombay,"Engineering Physics (4 Years, Bachelor of Technology)",AI,OBC-NCL,Female-only (including Supernumerary),1816,1817
1,Indian Institute of Technology Bombay,"Engineering Physics (4 Years, Bachelor of Technology)",AI,OBC-NCL,Gender-Neutral,107,778
1,Indian Institute of Technology Bombay,"Engineering Physics (4 Years, Bachelor of Technology)",AI,SC,Gender-Neutral,93,330
1,Indian Institute of Technology Bombay,"Engineering Physics (4 Years, Bachelor of Technology)",AI,SC,Female-only (including Supernumerary),751,751
1,Indian Institute of Technology Bombay,"Engineering Physics (4 Years, Bachelor of Technology)",AI,ST,Gender-Neutral,279,459
1,Indian Institute of Technology Bombay,"Environmental Science and Engineering (5 Years, Bachelor and Master of Technology (Dual Degree))",AI,General,Female-only (including Supernumerary),6066,7050
1,Indian Institute of Technology Bombay,"Environmental Science and Engineering (5 Years, Bachelor and Master of Technology (Dual Degree))",AI,General,Gender-Neutral,2260,4846
1,Indian Institute of Technology Bombay,"Environmental Science and Engineering (5 Years, Bachelor and Master of Technology (Dual Degree))",AI,OBC-NCL,Female-only (including Supernumerary),4166,4166
1,Indian Institute of Technology Bombay,"Environmental Science and Engineering (5 Years, Bachelor and Master of Technology (Dual Degree))",AI,OBC-NCL,Gender-Neutral,1896,2980
1,Indian Institute of Technology Bombay,"Environmental Science and Engineering (5 Years, Bachelor and Master of Technology (Dual Degree))",AI,SC,Female-only (including Supernumerary),1664,1664
1,Indian Institute of Technology Bombay,"Environmental Science and Engineering (5 Years, Bachelor and Master of Technology (Dual Degree))",AI,SC,Gender-Neutral,832,1582
1,Indian Institute of Technology Bombay,"Environmental Science and Engineering (5 Years, Bachelor and Master of Technology (Dual Degree))",AI,ST,Gender-Neutral,850,886
1,Indian Institute of Technology Bombay,"Mechanical Engineering (4 Years, Bachelor of Technology)",AI,General,Female-only (including Supernumerary),1399,1951
1,Indian Institute of Technology Bombay,"Mechanical Engineering (4 Years, Bachelor of Technology)",AI,General,Gender-Neutral,305,845
1,Indian Institute of Technology Bombay,"Mechanical Engineering (4 Years, Bachelor of Technology)",AI,General PwD,Gender-Neutral,36,36
1,Indian Institute of Technology Bombay,"Mechanical Engineering (4 Years, Bachelor of Technology)",AI,General PwD,Female-only (including Supernumerary),28,28
1,Indian Institute of Technology Bombay,"Mechanical Engineering (4 Years, Bachelor of Technology)",AI,OBC-NCL,Gender-Neutral,117,438
1,Indian Institute of Technology Bombay,"Mechanical Engineering (4 Years, Bachelor of Technology)",AI,OBC-NCL,Female-only (including Supernumerary),280,1023
1,Indian Institute of Technology Bombay,"Mechanical Engineering (4 Years, Bachelor of Technology)",AI,OBC-NCL(PwD),Gender-Neutral,11,11
1,Indian Institute of Technology Bombay,"Mechanical Engineering (4 Years, Bachelor of Technology)",AI,SC,Gender-Neutral,38,180
1,Indian Institute of Technology Bombay,"Mechanical Engineering (4 Years, Bachelor of Technology)",AI,SC,Female-only (including Supernumerary),251,421
1,Indian Institute of Technology Bombay,"Mechanical Engineering (4 Years, Bachelor of Technology)",AI,ST,Female-only (including Supernumerary),310,310
1,Indian Institute of Technology Bombay,"Mechanical Engineering (4 Years, Bachelor of Technology)",AI,ST,Gender-Neutral,11,67
1,Indian Institute of Technology Bombay,"Mechanical Engineering and M.Tech. in Computer Integrated Manufacturing (5 Years, Bachelor and Master of Technology (Dual Degree))",AI,General,Gender-Neutral,888,1128
1,Indian Institute of Technology Bombay,"Mechanical Engineering and M.Tech. in Computer Integrated Manufacturing (5 Years, Bachelor and Master of Technology (Dual Degree))",AI,General,Female-only (including Supernumerary),2174,2339
1,Indian Institute of Technology Bombay,"Mechanical Engineering and M.Tech. in Computer Integrated Manufacturing (5 Years, Bachelor and Master of Technology (Dual Degree))",AI,OBC-NCL,Gender-Neutral,415,512
1,Indian Institute of Technology Bombay,"Mechanical Engineering and M.Tech. in Computer Integrated Manufacturing (5 Years, Bachelor and Master of Technology (Dual Degree))",AI,OBC-NCL,Female-only (including Supernumerary),2018,2018
1,Indian Institute of Technology Bombay,"Mechanical Engineering and M.Tech. in Computer Integrated Manufacturing (5 Years, Bachelor and Master of Technology (Dual Degree))",AI,OBC-NCL(PwD),Gender-Neutral,21,21
1,Indian Institute of Technology Bombay,"Mechanical Engineering and M.Tech. in Computer Integrated Manufacturing (5 Years, Bachelor and Master of Technology (Dual Degree))",AI,SC,Gender-Neutral,165,270
1,Indian Institute of Technology Bombay,"Mechanical Engineering and M.Tech. in Computer Integrated Manufacturing (5 Years, Bachelor and Master of Technology (Dual Degree))",AI,SC,Female-only (including Supernumerary),481,481
1,Indian Institute of Technology Bombay,"Mechanical Engineering and M.Tech. in Computer Integrated Manufacturing (5 Years, Bachelor and Master of Technology (Dual Degree))",AI,ST,Gender-Neutral,187,192
1,Indian Institute of Technology Bombay,"Metallurgical Engineering and Materials Science (4 Years, Bachelor of Technology)",AI,General,Gender-Neutral,1010,3089
1,Indian Institute of Technology Bombay,"Metallurgical Engineering and Materials Science (4 Years, Bachelor of Technology)",AI,General,Female-only (including Supernumerary),4435,6439
1,Indian Institute of Technology Bombay,"Metallurgical Engineering and Materials Science (4 Years, Bachelor of Technology)",AI,General PwD,Gender-Neutral,109,109
1,Indian Institute of Technology Bombay,"Metallurgical Engineering and Materials Science (4 Years, Bachelor of Technology)",AI,OBC-NCL,Female-only (including Supernumerary),2852,3421
1,Indian Institute of Technology Bombay,"Metallurgical Engineering and Materials Science (4 Years, Bachelor of Technology)",AI,OBC-NCL,Gender-Neutral,1052,1593
1,Indian Institute of Technology Bombay,"Metallurgical Engineering and Materials Science (4 Years, Bachelor of Technology)",AI,SC,Female-only (including Supernumerary),628,1474
1,Indian Institute of Technology Bombay,"Metallurgical Engineering and Materials Science (4 Years, Bachelor of Technology)",AI,SC,Gender-Neutral,667,990
1,Indian Institute of Technology Bombay,"Metallurgical Engineering and Materials Science (4 Years, Bachelor of Technology)",AI,ST,Female-only (including Supernumerary),763,763
1,Indian Institute of Technology Bombay,"Metallurgical Engineering and Materials Science (4 Years, Bachelor of Technology)",AI,ST,Gender-Neutral,503,623
1,Indian Institute of Technology Bombay,"Metallurgical Engineering and Materials Science with M.Tech. in Ceramics and Composites (5 Years, Bachelor and Master of Technology (Dual Degree))",AI,General,Gender-Neutral,3379,3525
1,Indian Institute of Technology Bombay,"Metallurgical Engineering and Materials Science with M.Tech. in Ceramics and Composites (5 Years, Bachelor and Master of Technology (Dual Degree))",AI,General,Female-only (including Supernumerary),6702,6702
1,Indian Institute of Technology Bombay,"Metallurgical Engineering and Materials Science with M.Tech. in Ceramics and Composites (5 Years, Bachelor and Master of Technology (Dual Degree))",AI,OBC-NCL,Female-only (including Supernumerary),4201,4201
1,Indian Institute of Technology Bombay,"Metallurgical Engineering and Materials Science with M.Tech. in Ceramics and Composites (5 Years, Bachelor and Master of Technology (Dual Degree))",AI,OBC-NCL,Gender-Neutral,1733,1738
1,Indian Institute of Technology Bombay,"Metallurgical Engineering and Materials Science with M.Tech. in Ceramics and Composites (5 Years, Bachelor and Master of Technology (Dual Degree))",AI,SC,Gender-Neutral,1059,1087
1,Indian Institute of Technology Bombay,"Metallurgical Engineering and Materials Science with M.Tech. in Ceramics and Composites (5 Years, Bachelor and Master of Technology (Dual Degree))",AI,ST,Gender-Neutral,808,808
1,Indian Institute of Technology Bombay,"Metallurgical Engineering and Materials Science with M.Tech. in Metallurgical Process Engineering (5 Years, Bachelor and Master of Technology (Dual Degree))",AI,General,Female-only (including Supernumerary),6560,6701
1,Indian Institute of Technology Bombay,"Metallurgical Engineering and Materials Science with M.Tech. in Metallurgical Process Engineering (5 Years, Bachelor and Master of Technology (Dual Degree))",AI,General,Gender-Neutral,3185,3344
1,Indian Institute of Technology Bombay,"Metallurgical Engineering and Materials Science with M.Tech. in Metallurgical Process Engineering (5 Years, Bachelor and Master of Technology (Dual Degree))",AI,OBC-NCL,Female-only (including Supernumerary),3840,3840
1,Indian Institute of Technology Bombay,"Metallurgical Engineering and Materials Science with M.Tech. in Metallurgical Process Engineering (5 Years, Bachelor and Master of Technology (Dual Degree))",AI,OBC-NCL,Gender-Neutral,1672,1754
1,Indian Institute of Technology Bombay,"Metallurgical Engineering and Materials Science with M.Tech. in Metallurgical Process Engineering (5 Years, Bachelor and Master of Technology (Dual Degree))",AI,SC,Gender-Neutral,1092,1095
1,Indian Institute of Technology Bombay,"Metallurgical Engineering and Materials Science with M.Tech. in Metallurgical Process Engineering (5 Years, Bachelor and Master of Technology (Dual Degree))",AI,ST,Gender-Neutral,731,731
1,Indian Institute of Technology Mandi,"Civil Engineering (4 Years, Bachelor of Technology)",AI,General,Female-only (including Supernumerary),10692,11140
1,Indian Institute of Technology Mandi,"Civil Engineering (4 Years, Bachelor of Technology)",AI,General,Gender-Neutral,6247,7323
1,Indian Institute of Technology Mandi,"Civil Engineering (4 Years, Bachelor of Technology)",AI,OBC-NCL,Gender-Neutral,2506,2842
1,Indian Institute of Technology Mandi,"Civil Engineering (4 Years, Bachelor of Technology)",AI,OBC-NCL,Female-only (including Supernumerary),4800,5547
1,Indian Institute of Technology Mandi,"Civil Engineering (4 Years, Bachelor of Technology)",AI,SC,Gender-Neutral,1320,1482
1,Indian Institute of Technology Mandi,"Civil Engineering (4 Years, Bachelor of Technology)",AI,SC,Female-only (including Supernumerary),2522,2522
1,Indian Institute of Technology Mandi,"Civil Engineering (4 Years, Bachelor of Technology)",AI,ST,Female-only (including Supernumerary),845,845
1,Indian Institute of Technology Mandi,"Civil Engineering (4 Years, Bachelor of Technology)",AI,ST,Gender-Neutral,353,399
1,Indian Institute of Technology Mandi,"Computer Science and Engineering (4 Years, Bachelor of Technology)",AI,General,Female-only (including Supernumerary),3776,4407
1,Indian Institute of Technology Mandi,"Computer Science and Engineering (4 Years, Bachelor of Technology)",AI,General,Gender-Neutral,1401,2334
1,Indian Institute of Technology Mandi,"Computer Science and Engineering (4 Years, Bachelor of Technology)",AI,General PwD,Gender-Neutral,52,74
1,Indian Institute of Technology Mandi,"Computer Science and Engineering (4 Years, Bachelor of Technology)",AI,General PwD,Female-only (including Supernumerary),105,105
1,Indian Institute of Technology Mandi,"Computer Science and Engineering (4 Years, Bachelor of Technology)",AI,OBC-NCL,Gender-Neutral,854,1142
1,Indian Institute of Technology Mandi,"Computer Science and Engineering (4 Years, Bachelor of Technology)",AI,OBC-NCL,Female-only (including Supernumerary),1921,2531
1,Indian Institute of Technology Mandi,"Computer Science and Engineering (4 Years, Bachelor of Technology)",AI,SC,Female-only (including Supernumerary),912,1512
1,Indian Institute of Technology Mandi,"Computer Science and Engineering (4 Years, Bachelor of Technology)",AI,SC,Gender-Neutral,377,684
1,Indian Institute of Technology Mandi,"Computer Science and Engineering (4 Years, Bachelor of Technology)",AI,ST,Gender-Neutral,222,438
1,Indian Institute of Technology Mandi,"Computer Science and Engineering (4 Years, Bachelor of Technology)",AI,ST,Female-only (including Supernumerary),624,624
1,Indian Institute of Technology Mandi,"Electrical Engineering (4 Years, Bachelor of Technology)",AI,General,Female-only (including Supernumerary),6201,7995
1,Indian Institute of Technology Mandi,"Electrical Engineering (4 Years, Bachelor of Technology)",AI,General,Gender-Neutral,3264,4787
1,Indian Institute of Technology Mandi,"Electrical Engineering (4 Years, Bachelor of Technology)",AI,OBC-NCL,Female-only (including Supernumerary),4269,4437
1,Indian Institute of Technology Mandi,"Electrical Engineering (4 Years, Bachelor of Technology)",AI,OBC-NCL,Gender-Neutral,1242,2250
1,Indian Institute of Technology Mandi,"Electrical Engineering (4 Years, Bachelor of Technology)",AI,SC,Gender-Neutral,1183,1354
1,Indian Institute of Technology Mandi,"Electrical Engineering (4 Years, Bachelor of Technology)",AI,SC,Female-only (including Supernumerary),1965,1965
1,Indian Institute of Technology Mandi,"Electrical Engineering (4 Years, Bachelor of Technology)",AI,ST,Gender-Neutral,433,506
1,Indian Institute of Technology Mandi,"Electrical Engineering (4 Years, Bachelor of Technology)",AI,ST,Female-only (including Supernumerary),865,865
1,Indian Institute of Technology Mandi,"Mechanical Engineering (4 Years, Bachelor of Technology)",AI,General,Female-only (including Supernumerary),9068,9337
1,Indian Institute of Technology Mandi,"Mechanical Engineering (4 Years, Bachelor of Technology)",AI,General,Gender-Neutral,4905,5655
1,Indian Institute of Technology Mandi,"Mechanical Engineering (4 Years, Bachelor of Technology)",AI,OBC-NCL,Female-only (including Supernumerary),4836,4845
1,Indian Institute of Technology Mandi,"Mechanical Engineering (4 Years, Bachelor of Technology)",AI,OBC-NCL,Gender-Neutral,2174,2487
1,Indian Institute of Technology Mandi,"Mechanical Engineering (4 Years, Bachelor of Technology)",AI,SC,Female-only (including Supernumerary),2480,2499
1,Indian Institute of Technology Mandi,"Mechanical Engineering (4 Years, Bachelor of Technology)",AI,SC,Gender-Neutral,1137,1325
1,Indian Institute of Technology Mandi,"Mechanical Engineering (4 Years, Bachelor of Technology)",AI,ST,Gender-Neutral,550,565
1,Indian Institute of Technology Mandi,"Mechanical Engineering (4 Years, Bachelor of Technology)",AI,ST,Female-only (including Supernumerary),385,385
1,Indian Institute of Technology Delhi,"Biochemical Engineering and Biotechnology (5 Years, Bachelor and Master of Technology (Dual Degree))",AI,General,Gender-Neutral,3814,4154
1,Indian Institute of Technology Delhi,"Biochemical Engineering and Biotechnology (5 Years, Bachelor and Master of Technology (Dual Degree))",AI,General,Female-only (including Supernumerary),7258,7258
1,Indian Institute of Technology Delhi,"Biochemical Engineering and Biotechnology (5 Years, Bachelor and Master of Technology (Dual Degree))",AI,OBC-NCL,Female-only (including Supernumerary),6242,6242
1,Indian Institute of Technology Delhi,"Biochemical Engineering and Biotechnology (5 Years, Bachelor and Master of Technology (Dual Degree))",AI,OBC-NCL,Gender-Neutral,2552,2918
1,Indian Institute of Technology Delhi,"Biochemical Engineering and Biotechnology (5 Years, Bachelor and Master of Technology (Dual Degree))",AI,SC,Gender-Neutral,1192,1566
1,Indian Institute of Technology Delhi,"Biochemical Engineering and Biotechnology (5 Years, Bachelor and Master of Technology (Dual Degree))",AI,SC,Female-only (including Supernumerary),1912,1912
1,Indian Institute of Technology Delhi,"Biotechnology and Biochemical Engineering (4 Years, Bachelor of Technology)",AI,General,Gender-Neutral,1854,3609
1,Indian Institute of Technology Delhi,"Biotechnology and Biochemical Engineering (4 Years, Bachelor of Technology)",AI,General,Female-only (including Supernumerary),5697,6722
1,Indian Institute of Technology Delhi,"Biotechnology and Biochemical Engineering (4 Years, Bachelor of Technology)",AI,OBC-NCL,Gender-Neutral,1849,2438
1,Indian Institute of Technology Delhi,"Biotechnology and Biochemical Engineering (4 Years, Bachelor of Technology)",AI,OBC-NCL,Female-only (including Supernumerary),3071,4171
1,Indian Institute of Technology Delhi,"Biotechnology and Biochemical Engineering (4 Years, Bachelor of Technology)",AI,SC,Female-only (including Supernumerary),1587,1587
1,Indian Institute of Technology Delhi,"Biotechnology and Biochemical Engineering (4 Years, Bachelor of Technology)",AI,SC,Gender-Neutral,1065,1128
1,Indian Institute of Technology Delhi,"Biotechnology and Biochemical Engineering (4 Years, Bachelor of Technology)",AI,ST,Female-only (including Supernumerary),73,73
1,Indian Institute of Technology Delhi,"Biotechnology and Biochemical Engineering (4 Years, Bachelor of Technology)",AI,ST,Gender-Neutral,309,651
1,Indian Institute of Technology Delhi,"Chemical Engineering (4 Years, Bachelor of Technology)",AI,General,Gender-Neutral,1141,1806
1,Indian Institute of Technology Delhi,"Chemical Engineering (4 Years, Bachelor of Technology)",AI,General,Female-only (including Supernumerary),1996,3277
1,Indian Institute of Technology Delhi,"Chemical Engineering (4 Years, Bachelor of Technology)",AI,General PwD,Gender-Neutral,62,62
1,Indian Institute of Technology Delhi,"Chemical Engineering (4 Years, Bachelor of Technology)",AI,OBC-NCL,Female-only (including Supernumerary),926,2803
1,Indian Institute of Technology Delhi,"Chemical Engineering (4 Years, Bachelor of Technology)",AI,OBC-NCL,Gender-Neutral,547,1081
1,Indian Institute of Technology Delhi,"Chemical Engineering (4 Years, Bachelor of Technology)",AI,SC,Gender-Neutral,304,636
1,Indian Institute of Technology Delhi,"Chemical Engineering (4 Years, Bachelor of Technology)",AI,SC,Female-only (including Supernumerary),637,1222
1,Indian Institute of Technology Delhi,"Chemical Engineering (4 Years, Bachelor of Technology)",AI,ST,Gender-Neutral,217,332
1,Indian Institute of Technology Delhi,"Chemical Engineering (4 Years, Bachelor of Technology)",AI,ST,Female-only (including Supernumerary),603,603
1,Indian Institute of Technology Delhi,"Chemical Engineering (5 Years, Bachelor and Master of Technology (Dual Degree))",AI,General,Female-only (including Supernumerary),3879,4789
1,Indian Institute of Technology Delhi,"Chemical Engineering (5 Years, Bachelor and Master of Technology (Dual Degree))",AI,General,Gender-Neutral,1864,2727
1,Indian Institute of Technology Delhi,"Chemical Engineering (5 Years, Bachelor and Master of Technology (Dual Degree))",AI,OBC-NCL,Gender-Neutral,1212,1674
1,Indian Institute of Technology Delhi,"Chemical Engineering (5 Years, Bachelor and Master of Technology (Dual Degree))",AI,OBC-NCL,Female-only (including Supernumerary),2864,3153
1,Indian Institute of Technology Delhi,"Chemical Engineering (5 Years, Bachelor and Master of Technology (Dual Degree))",AI,SC,Gender-Neutral,685,880
1,Indian Institute of Technology Delhi,"Chemical Engineering (5 Years, Bachelor and Master of Technology (Dual Degree))",AI,SC,Female-only (including Supernumerary),1299,1299
1,Indian Institute of Technology Delhi,"Chemical Engineering (5 Years, Bachelor and Master of Technology (Dual Degree))",AI,ST,Female-only (including Supernumerary),350,350
1,Indian Institute of Technology Delhi,"Chemical Engineering (5 Years, Bachelor and Master of Technology (Dual Degree))",AI,ST,Gender-Neutral,346,539
1,Indian Institute of Technology Delhi,"Civil Engineering (4 Years, Bachelor of Technology)",AI,General,Female-only (including Supernumerary),2883,5695
1,Indian Institute of Technology Delhi,"Civil Engineering (4 Years, Bachelor of Technology)",AI,General,Gender-Neutral,792,2905
1,Indian Institute of Technology Delhi,"Civil Engineering (4 Years, Bachelor of Technology)",AI,General PwD,Gender-Neutral,40,51
1,Indian Institute of Technology Delhi,"Civil Engineering (4 Years, Bachelor of Technology)",AI,OBC-NCL,Gender-Neutral,743,1156
1,Indian Institute of Technology Delhi,"Civil Engineering (4 Years, Bachelor of Technology)",AI,OBC-NCL,Female-only (including Supernumerary),1166,2652
1,Indian Institute of Technology Delhi,"Civil Engineering (4 Years, Bachelor of Technology)",AI,OBC-NCL(PwD),Gender-Neutral,20,20
1,Indian Institute of Technology Delhi,"Civil Engineering (4 Years, Bachelor of Technology)",AI,SC,Female-only (including Supernumerary),824,1091
1,Indian Institute of Technology Delhi,"Civil Engineering (4 Years, Bachelor of Technology)",AI,SC,Gender-Neutral,153,473
1,Indian Institute of Technology Delhi,"Civil Engineering (4 Years, Bachelor of Technology)",AI,ST,Gender-Neutral,29,87
1,Indian Institute of Technology Delhi,"Civil Engineering (4 Years, Bachelor of Technology)",AI,ST,Female-only (including Supernumerary),256,256
1,Indian Institute of Technology Delhi,"Computer Science and Engineering (4 Years, Bachelor of Technology)",AI,General,Gender-Neutral,3,100
1,Indian Institute of Technology Delhi,"Computer Science and Engineering (4 Years, Bachelor of Technology)",AI,General,Female-only (including Supernumerary),112,313
1,Indian Institute of Technology Delhi,"Computer Science and Engineering (4 Years, Bachelor of Technology)",AI,General PwD,Gender-Neutral,2,3
1,Indian Institute of Technology Delhi,"Computer Science and Engineering (4 Years, Bachelor of Technology)",AI,OBC-NCL,Gender-Neutral,38,61
1,Indian Institute of Technology Delhi,"Computer Science and Engineering (4 Years, Bachelor of Technology)",AI,OBC-NCL,Female-only (including Supernumerary),80,186
1,Indian Institute of Technology Delhi,"Computer Science and Engineering (4 Years, Bachelor of Technology)",AI,SC,Female-only (including Supernumerary),84,112
1,Indian Institute of Technology Delhi,"Computer Science and Engineering (4 Years, Bachelor of Technology)",AI,SC,Gender-Neutral,16,31
1,Indian Institute of Technology Delhi,"Computer Science and Engineering (4 Years, Bachelor of Technology)",AI,ST,Gender-Neutral,12,25
1,Indian Institute of Technology Delhi,"Computer Science and Engineering (4 Years, Bachelor of Technology)",AI,ST,Female-only (including Supernumerary),119,119
1,Indian Institute of Technology Delhi,"Computer Science and Engineering (5 Years, Bachelor and Master of Technology (Dual Degree))",AI,General,Female-only (including Supernumerary),505,505
1,Indian Institute of Technology Delhi,"Computer Science and Engineering (5 Years, Bachelor and Master of Technology (Dual Degree))",AI,General,Gender-Neutral,101,169
1,Indian Institute of Technology Delhi,"Computer Science and Engineering (5 Years, Bachelor and Master of Technology (Dual Degree))",AI,General PwD,Female-only (including Supernumerary),76,76
1,Indian Institute of Technology Delhi,"Computer Science and Engineering (5 Years, Bachelor and Master of Technology (Dual Degree))",AI,OBC-NCL,Female-only (including Supernumerary),441,441
1,Indian Institute of Technology Delhi,"Computer Science and Engineering (5 Years, Bachelor and Master of Technology (Dual Degree))",AI,OBC-NCL,Gender-Neutral,69,135
1,Indian Institute of Technology Delhi,"Computer Science and Engineering (5 Years, Bachelor and Master of Technology (Dual Degree))",AI,SC,Female-only (including Supernumerary),383,383
1,Indian Institute of Technology Delhi,"Computer Science and Engineering (5 Years, Bachelor and Master of Technology (Dual Degree))",AI,SC,Gender-Neutral,40,55
1,Indian Institute of Technology Delhi,"Computer Science and Engineering (5 Years, Bachelor and Master of Technology (Dual Degree))",AI,ST,Gender-Neutral,41,64
1,Indian Institute of Technology Delhi,"Electrical Engineering (4 Years, Bachelor of Technology)",AI,General,Gender-Neutral,172,460
1,Indian Institute of Technology Delhi,"Electrical Engineering (4 Years, Bachelor of Technology)",AI,General,Female-only (including Supernumerary),872,1166
1,Indian Institute of Technology Delhi,"Electrical Engineering (4 Years, Bachelor of Technology)",AI,General PwD,Gender-Neutral,16,16
1,Indian Institute of Technology Delhi,"Electrical Engineering (4 Years, Bachelor of Technology)",AI,General PwD,Female-only (including Supernumerary),77,77
1,Indian Institute of Technology Delhi,"Electrical Engineering (4 Years, Bachelor of Technology)",AI,OBC-NCL,Gender-Neutral,102,257
1,Indian Institute of Technology Delhi,"Electrical Engineering (4 Years, Bachelor of Technology)",AI,OBC-NCL,Female-only (including Supernumerary),197,433
1,Indian Institute of Technology Delhi,"Electrical Engineering (4 Years, Bachelor of Technology)",AI,OBC-NCL(PwD),Gender-Neutral,7,7
1,Indian Institute of Technology Delhi,"Electrical Engineering (4 Years, Bachelor of Technology)",AI,SC,Female-only (including Supernumerary),227,339
1,Indian Institute of Technology Delhi,"Electrical Engineering (4 Years, Bachelor of Technology)",AI,SC,Gender-Neutral,32,113
1,Indian Institute of Technology Delhi,"Electrical Engineering (4 Years, Bachelor of Technology)",AI,ST,Gender-Neutral,19,69
1,Indian Institute of Technology Delhi,"Electrical Engineering (4 Years, Bachelor of Technology)",AI,ST,Female-only (including Supernumerary),123,123
1,Indian Institute of Technology Delhi,"Electrical Engineering (Power and Automation) (4 Years, Bachelor of Technology)",AI,General,Gender-Neutral,502,907
1,Indian Institute of Technology Delhi,"Electrical Engineering (Power and Automation) (4 Years, Bachelor of Technology)",AI,General,Female-only (including Supernumerary),1295,1699
1,Indian Institute of Technology Delhi,"Electrical Engineering (Power and Automation) (4 Years, Bachelor of Technology)",AI,General PwD,Gender-Neutral,38,38
1,Indian Institute of Technology Delhi,"Electrical Engineering (Power and Automation) (4 Years, Bachelor of Technology)",AI,OBC-NCL,Gender-Neutral,317,522
1,Indian Institute of Technology Delhi,"Electrical Engineering (Power and Automation) (4 Years, Bachelor of Technology)",AI,OBC-NCL,Female-only (including Supernumerary),396,874
1,Indian Institute of Technology Delhi,"Electrical Engineering (Power and Automation) (4 Years, Bachelor of Technology)",AI,OBC-NCL(PwD),Gender-Neutral,22,22
1,Indian Institute of Technology Delhi,"Electrical Engineering (Power and Automation) (4 Years, Bachelor of Technology)",AI,SC,Female-only (including Supernumerary),347,347
1,Indian Institute of Technology Delhi,"Electrical Engineering (Power and Automation) (4 Years, Bachelor of Technology)",AI,SC,Gender-Neutral,155,326
1,Indian Institute of Technology Delhi,"Electrical Engineering (Power and Automation) (4 Years, Bachelor of Technology)",AI,ST,Gender-Neutral,106,171
1,Indian Institute of Technology Delhi,"Electrical Engineering (Power and Automation) (4 Years, Bachelor of Technology)",AI,ST,Female-only (including Supernumerary),157,157
1,Indian Institute of Technology Delhi,"Engineering Physics (4 Years, Bachelor of Technology)",AI,General,Female-only (including Supernumerary),3340,4204
1,Indian Institute of Technology Delhi,"Engineering Physics (4 Years, Bachelor of Technology)",AI,General,Gender-Neutral,882,2010
1,Indian Institute of Technology Delhi,"Engineering Physics (4 Years, Bachelor of Technology)",AI,General PwD,Gender-Neutral,26,26
1,Indian Institute of Technology Delhi,"Engineering Physics (4 Years, Bachelor of Technology)",AI,OBC-NCL,Female-only (including Supernumerary),1579,3331
1,Indian Institute of Technology Delhi,"Engineering Physics (4 Years, Bachelor of Technology)",AI,OBC-NCL,Gender-Neutral,1028,1712
1,Indian Institute of Technology Delhi,"Engineering Physics (4 Years, Bachelor of Technology)",AI,SC,Gender-Neutral,420,848
1,Indian Institute of Technology Delhi,"Engineering Physics (4 Years, Bachelor of Technology)",AI,SC,Female-only (including Supernumerary),1136,1251
1,Indian Institute of Technology Delhi,"Engineering Physics (4 Years, Bachelor of Technology)",AI,ST,Gender-Neutral,166,487
1,Indian Institute of Technology Delhi,"Engineering Physics (4 Years, Bachelor of Technology)",AI,ST,Female-only (including Supernumerary),796,796
1,Indian Institute of Technology Delhi,"Mathematics and Computing (4 Years, Bachelor of Technology)",AI,General,Female-only (including Supernumerary),645,830
1,Indian Institute of Technology Delhi,"Mathematics and Computing (4 Years, Bachelor of Technology)",AI,General,Gender-Neutral,196,300
1,Indian Institute of Technology Delhi,"Mathematics and Computing (4 Years, Bachelor of Technology)",AI,General PwD,Gender-Neutral,10,10
1,Indian Institute of Technology Delhi,"Mathematics and Computing (4 Years, Bachelor of Technology)",AI,OBC-NCL,Female-only (including Supernumerary),563,591
1,Indian Institute of Technology Delhi,"Mathematics and Computing (4 Years, Bachelor of Technology)",AI,OBC-NCL,Gender-Neutral,139,174
1,Indian Institute of Technology Delhi,"Mathematics and Computing (4 Years, Bachelor of Technology)",AI,OBC-NCL(PwD),Gender-Neutral,6,6
1,Indian Institute of Technology Delhi,"Mathematics and Computing (4 Years, Bachelor of Technology)",AI,SC,Gender-Neutral,49,136
1,Indian Institute of Technology Delhi,"Mathematics and Computing (4 Years, Bachelor of Technology)",AI,SC,Female-only (including Supernumerary),333,333
1,Indian Institute of Technology Delhi,"Mathematics and Computing (4 Years, Bachelor of Technology)",AI,ST,Gender-Neutral,65,88
1,Indian Institute of Technology Delhi,"Mathematics and Computing (5 Years, Bachelor and Master of Technology (Dual Degree))",AI,General,Gender-Neutral,306,448
1,Indian Institute of Technology Delhi,"Mathematics and Computing (5 Years, Bachelor and Master of Technology (Dual Degree))",AI,General,Female-only (including Supernumerary),1088,1132
1,Indian Institute of Technology Delhi,"Mathematics and Computing (5 Years, Bachelor and Master of Technology (Dual Degree))",AI,General PwD,Gender-Neutral,11,11
1,Indian Institute of Technology Delhi,"Mathematics and Computing (5 Years, Bachelor and Master of Technology (Dual Degree))",AI,OBC-NCL,Female-only (including Supernumerary),663,663
1,Indian Institute of Technology Delhi,"Mathematics and Computing (5 Years, Bachelor and Master of Technology (Dual Degree))",AI,OBC-NCL,Gender-Neutral,229,308
1,Indian Institute of Technology Delhi,"Mathematics and Computing (5 Years, Bachelor and Master of Technology (Dual Degree))",AI,SC,Female-only (including Supernumerary),682,682
1,Indian Institute of Technology Delhi,"Mathematics and Computing (5 Years, Bachelor and Master of Technology (Dual Degree))",AI,SC,Gender-Neutral,157,182
1,Indian Institute of Technology Delhi,"Mathematics and Computing (5 Years, Bachelor and Master of Technology (Dual Degree))",AI,ST,Gender-Neutral,177,177
1,Indian Institute of Technology Delhi,"Mechanical Engineering (4 Years, Bachelor of Technology)",AI,General,Gender-Neutral,545,993
1,Indian Institute of Technology Delhi,"Mechanical Engineering (4 Years, Bachelor of Technology)",AI,General,Female-only (including Supernumerary),1788,2388
1,Indian Institute of Technology Delhi,"Mechanical Engineering (4 Years, Bachelor of Technology)",AI,General PwD,Gender-Neutral,57,57
1,Indian Institute of Technology Delhi,"Mechanical Engineering (4 Years, Bachelor of Technology)",AI,OBC-NCL,Gender-Neutral,327,534
1,Indian Institute of Technology Delhi,"Mechanical Engineering (4 Years, Bachelor of Technology)",AI,OBC-NCL,Female-only (including Supernumerary),1097,1548
1,Indian Institute of Technology Delhi,"Mechanical Engineering (4 Years, Bachelor of Technology)",AI,OBC-NCL(PwD),Gender-Neutral,23,23
1,Indian Institute of Technology Delhi,"Mechanical Engineering (4 Years, Bachelor of Technology)",AI,SC,Gender-Neutral,166,226
1,Indian Institute of Technology Delhi,"Mechanical Engineering (4 Years, Bachelor of Technology)",AI,SC,Female-only (including Supernumerary),729,779
1,Indian Institute of Technology Delhi,"Mechanical Engineering (4 Years, Bachelor of Technology)",AI,ST,Gender-Neutral,18,73
1,Indian Institute of Technology Delhi,"Mechanical Engineering (4 Years, Bachelor of Technology)",AI,ST,Female-only (including Supernumerary),147,147
1,Indian Institute of Technology Delhi,"Production and Industrial Engineering (4 Years, Bachelor of Technology)",AI,General,Female-only (including Supernumerary),3908,5999
1,Indian Institute of Technology Delhi,"Production and Industrial Engineering (4 Years, Bachelor of Technology)",AI,General,Gender-Neutral,1538,2873
1,Indian Institute of Technology Delhi,"Production and Industrial Engineering (4 Years, Bachelor of Technology)",AI,OBC-NCL,Female-only (including Supernumerary),3350,3622
1,Indian Institute of Technology Delhi,"Production and Industrial Engineering (4 Years, Bachelor of Technology)",AI,OBC-NCL,Gender-Neutral,1083,1661
1,Indian Institute of Technology Delhi,"Production and Industrial Engineering (4 Years, Bachelor of Technology)",AI,SC,Female-only (including Supernumerary),1733,1789
1,Indian Institute of Technology Delhi,"Production and Industrial Engineering (4 Years, Bachelor of Technology)",AI,SC,Gender-Neutral,712,983
1,Indian Institute of Technology Delhi,"Production and Industrial Engineering (4 Years, Bachelor of Technology)",AI,ST,Gender-Neutral,483,660
1,Indian Institute of Technology Delhi,"Production and Industrial Engineering (4 Years, Bachelor of Technology)",AI,ST,Female-only (including Supernumerary),626,626
1,Indian Institute of Technology Delhi,"Textile Technology (4 Years, Bachelor of Technology)",AI,General,Gender-Neutral,3624,5283
1,Indian Institute of Technology Delhi,"Textile Technology (4 Years, Bachelor of Technology)",AI,General,Female-only (including Supernumerary),6819,9071
1,Indian Institute of Technology Delhi,"Textile Technology (4 Years, Bachelor of Technology)",AI,OBC-NCL,Female-only (including Supernumerary),4913,6042
1,Indian Institute of Technology Delhi,"Textile Technology (4 Years, Bachelor of Technology)",AI,OBC-NCL,Gender-Neutral,1256,3052
1,Indian Institute of Technology Delhi,"Textile Technology (4 Years, Bachelor of Technology)",AI,SC,Gender-Neutral,1011,1727
1,Indian Institute of Technology Delhi,"Textile Technology (4 Years, Bachelor of Technology)",AI,SC,Female-only (including Supernumerary),1824,2445
1,Indian Institute of Technology Delhi,"Textile Technology (4 Years, Bachelor of Technology)",AI,ST,Female-only (including Supernumerary),216,216
1,Indian Institute of Technology Delhi,"Textile Technology (4 Years, Bachelor of Technology)",AI,ST,Gender-Neutral,675,888
1,Indian Institute of Technology Indore,"Civil Engineering (4 Years, Bachelor of Technology)",AI,General,Female-only (including Supernumerary),8868,9701
1,Indian Institute of Technology Indore,"Civil Engineering (4 Years, Bachelor of Technology)",AI,General,Gender-Neutral,5568,6274
1,Indian Institute of Technology Indore,"Civil Engineering (4 Years, Bachelor of Technology)",AI,General PwD,Gender-Neutral,111,111
1,Indian Institute of Technology Indore,"Civil Engineering (4 Years, Bachelor of Technology)",AI,OBC-NCL,Gender-Neutral,1968,2500
1,Indian Institute of Technology Indore,"Civil Engineering (4 Years, Bachelor of Technology)",AI,OBC-NCL,Female-only (including Supernumerary),4346,4531
1,Indian Institute of Technology Indore,"Civil Engineering (4 Years, Bachelor of Technology)",AI,SC,Gender-Neutral,904,1166
1,Indian Institute of Technology Indore,"Civil Engineering (4 Years, Bachelor of Technology)",AI,SC,Female-only (including Supernumerary),1959,1959
1,Indian Institute of Technology Indore,"Civil Engineering (4 Years, Bachelor of Technology)",AI,ST,Gender-Neutral,335,372
1,Indian Institute of Technology Indore,"Computer Science and Engineering (4 Years, Bachelor of Technology)",AI,General,Gender-Neutral,806,1127
1,Indian Institute of Technology Indore,"Computer Science and Engineering (4 Years, Bachelor of Technology)",AI,General,Female-only (including Supernumerary),1485,2299
1,Indian Institute of Technology Indore,"Computer Science and Engineering (4 Years, Bachelor of Technology)",AI,General PwD,Gender-Neutral,24,37
1,Indian Institute of Technology Indore,"Computer Science and Engineering (4 Years, Bachelor of Technology)",AI,OBC-NCL,Gender-Neutral,289,492
1,Indian Institute of Technology Indore,"Computer Science and Engineering (4 Years, Bachelor of Technology)",AI,OBC-NCL,Female-only (including Supernumerary),862,1152
1,Indian Institute of Technology Indore,"Computer Science and Engineering (4 Years, Bachelor of Technology)",AI,OBC-NCL(PwD),Gender-Neutral,1,1
1,Indian Institute of Technology Indore,"Computer Science and Engineering (4 Years, Bachelor of Technology)",AI,SC,Female-only (including Supernumerary),778,778
1,Indian Institute of Technology Indore,"Computer Science and Engineering (4 Years, Bachelor of Technology)",AI,SC,Gender-Neutral,217,340
1,Indian Institute of Technology Indore,"Computer Science and Engineering (4 Years, Bachelor of Technology)",AI,ST,Female-only (including Supernumerary),293,293
1,Indian Institute of Technology Indore,"Computer Science and Engineering (4 Years, Bachelor of Technology)",AI,ST,Gender-Neutral,92,214
1,Indian Institute of Technology Indore,"Electrical Engineering (4 Years, Bachelor of Technology)",AI,General,Gender-Neutral,1911,3119
1,Indian Institute of Technology Indore,"Electrical Engineering (4 Years, Bachelor of Technology)",AI,General,Female-only (including Supernumerary),2359,5244
1,Indian Institute of Technology Indore,"Electrical Engineering (4 Years, Bachelor of Technology)",AI,OBC-NCL,Female-only (including Supernumerary),1517,2661
1,Indian Institute of Technology Indore,"Electrical Engineering (4 Years, Bachelor of Technology)",AI,OBC-NCL,Gender-Neutral,1213,1527
1,Indian Institute of Technology Indore,"Electrical Engineering (4 Years, Bachelor of Technology)",AI,SC,Female-only (including Supernumerary),1045,1045
1,Indian Institute of Technology Indore,"Electrical Engineering (4 Years, Bachelor of Technology)",AI,SC,Gender-Neutral,673,819
1,Indian Institute of Technology Indore,"Electrical Engineering (4 Years, Bachelor of Technology)",AI,ST,Female-only (including Supernumerary),746,746
1,Indian Institute of Technology Indore,"Electrical Engineering (4 Years, Bachelor of Technology)",AI,ST,Gender-Neutral,318,381
1,Indian Institute of Technology Indore,"Mechanical Engineering (4 Years, Bachelor of Technology)",AI,General,Female-only (including Supernumerary),8019,8781
1,Indian Institute of Technology Indore,"Mechanical Engineering (4 Years, Bachelor of Technology)",AI,General,Gender-Neutral,3168,4320
1,Indian Institute of Technology Indore,"Mechanical Engineering (4 Years, Bachelor of Technology)",AI,OBC-NCL,Female-only (including Supernumerary),4447,4707
1,Indian Institute of Technology Indore,"Mechanical Engineering (4 Years, Bachelor of Technology)",AI,OBC-NCL,Gender-Neutral,1223,1851
1,Indian Institute of Technology Indore,"Mechanical Engineering (4 Years, Bachelor of Technology)",AI,SC,Female-only (including Supernumerary),2089,2089
1,Indian Institute of Technology Indore,"Mechanical Engineering (4 Years, Bachelor of Technology)",AI,SC,Gender-Neutral,609,989
1,Indian Institute of Technology Indore,"Mechanical Engineering (4 Years, Bachelor of Technology)",AI,ST,Female-only (including Supernumerary),828,828
1,Indian Institute of Technology Indore,"Mechanical Engineering (4 Years, Bachelor of Technology)",AI,ST,Gender-Neutral,388,422
1,Indian Institute of Technology Indore,"Metallurgical Engineering and Materials Science (4 Years, Bachelor of Technology)",AI,General,Gender-Neutral,6393,7563
1,Indian Institute of Technology Indore,"Metallurgical Engineering and Materials Science (4 Years, Bachelor of Technology)",AI,General,Female-only (including Supernumerary),10668,11691
1,Indian Institute of Technology Indore,"Metallurgical Engineering and Materials Science (4 Years, Bachelor of Technology)",AI,OBC-NCL,Gender-Neutral,3105,3468
1,Indian Institute of Technology Indore,"Metallurgical Engineering and Materials Science (4 Years, Bachelor of Technology)",AI,OBC-NCL,Female-only (including Supernumerary),5285,5908
1,Indian Institute of Technology Indore,"Metallurgical Engineering and Materials Science (4 Years, Bachelor of Technology)",AI,SC,Female-only (including Supernumerary),2578,2578
1,Indian Institute of Technology Indore,"Metallurgical Engineering and Materials Science (4 Years, Bachelor of Technology)",AI,SC,Gender-Neutral,1252,1776
1,Indian Institute of Technology Indore,"Metallurgical Engineering and Materials Science (4 Years, Bachelor of Technology)",AI,ST,Gender-Neutral,699,879
1,Indian Institute of Technology Kharagpur,"Aerospace Engineering (4 Years, Bachelor of Technology)",AI,General,Gender-Neutral,2408,3136
1,Indian Institute of Technology Kharagpur,"Aerospace Engineering (4 Years, Bachelor of Technology)",AI,General,Female-only (including Supernumerary),5315,5714
1,Indian Institute of Technology Kharagpur,"Aerospace Engineering (4 Years, Bachelor of Technology)",AI,General PwD,Gender-Neutral,110,110
1,Indian Institute of Technology Kharagpur,"Aerospace Engineering (4 Years, Bachelor of Technology)",AI,OBC-NCL,Female-only (including Supernumerary),2650,2650
1,Indian Institute of Technology Kharagpur,"Aerospace Engineering (4 Years, Bachelor of Technology)",AI,OBC-NCL,Gender-Neutral,1214,1461
1,Indian Institute of Technology Kharagpur,"Aerospace Engineering (4 Years, Bachelor of Technology)",AI,SC,Gender-Neutral,254,655
1,Indian Institute of Technology Kharagpur,"Aerospace Engineering (4 Years, Bachelor of Technology)",AI,SC,Female-only (including Supernumerary),1562,1562
1,Indian Institute of Technology Kharagpur,"Aerospace Engineering (4 Years, Bachelor of Technology)",AI,ST,Female-only (including Supernumerary),915,915
1,Indian Institute of Technology Kharagpur,"Aerospace Engineering (4 Years, Bachelor of Technology)",AI,ST,Gender-Neutral,331,354
1,Indian Institute of Technology Kharagpur,"Aerospace Engineering (5 Years, Bachelor and Master of Technology (Dual Degree))",AI,General,Gender-Neutral,3161,3570
1,Indian Institute of Technology Kharagpur,"Aerospace Engineering (5 Years, Bachelor and Master of Technology (Dual Degree))",AI,General,Female-only (including Supernumerary),2644,2644
1,Indian Institute of Technology Kharagpur,"Aerospace Engineering (5 Years, Bachelor and Master of Technology (Dual Degree))",AI,OBC-NCL,Gender-Neutral,1508,1647
1,Indian Institute of Technology Kharagpur,"Aerospace Engineering (5 Years, Bachelor and Master of Technology (Dual Degree))",AI,OBC-NCL,Female-only (including Supernumerary),3878,3878
1,Indian Institute of Technology Kharagpur,"Aerospace Engineering (5 Years, Bachelor and Master of Technology (Dual Degree))",AI,SC,Gender-Neutral,906,915
1,Indian Institute of Technology Kharagpur,"Aerospace Engineering (5 Years, Bachelor and Master of Technology (Dual Degree))",AI,SC,Female-only (including Supernumerary),979,979
1,Indian Institute of Technology Kharagpur,"Aerospace Engineering (5 Years, Bachelor and Master of Technology (Dual Degree))",AI,ST,Gender-Neutral,401,401
1,Indian Institute of Technology Kharagpur,"Agricultural and Food Engineering (4 Years, Bachelor of Technology)",AI,General,Gender-Neutral,4614,6240
1,Indian Institute of Technology Kharagpur,"Agricultural and Food Engineering (4 Years, Bachelor of Technology)",AI,General,Female-only (including Supernumerary),7680,10113
1,Indian Institute of Technology Kharagpur,"Agricultural and Food Engineering (4 Years, Bachelor of Technology)",AI,OBC-NCL,Gender-Neutral,2663,3232
1,Indian Institute of Technology Kharagpur,"Agricultural and Food Engineering (4 Years, Bachelor of Technology)",AI,OBC-NCL,Female-only (including Supernumerary),4213,4669
1,Indian Institute of Technology Kharagpur,"Agricultural and Food Engineering (4 Years, Bachelor of Technology)",AI,SC,Female-only (including Supernumerary),2045,2045
1,Indian Institute of Technology Kharagpur,"Agricultural and Food Engineering (4 Years, Bachelor of Technology)",AI,SC,Gender-Neutral,1333,1729
1,Indian Institute of Technology Kharagpur,"Agricultural and Food Engineering (4 Years, Bachelor of Technology)",AI,ST,Gender-Neutral,567,612
1,Indian Institute of Technology Kharagpur,"Agricultural and Food Engineering with M.Tech. in any of the listed specializations (5 Years, Bachelor and Master of Technology (Dual Degree))",AI,General,Gender-Neutral,6677,7717
1,Indian Institute of Technology Kharagpur,"Agricultural and Food Engineering with M.Tech. in any of the listed specializations (5 Years, Bachelor and Master of Technology (Dual Degree))",AI,General,Female-only (including Supernumerary),10833,11362
1,Indian Institute of Technology Kharagpur,"Agricultural and Food Engineering with M.Tech. in any of the listed specializations (5 Years, Bachelor and Master of Technology (Dual Degree))",AI,OBC-NCL,Female-only (including Supernumerary),6434,6434
1,Indian Institute of Technology Kharagpur,"Agricultural and Food Engineering with M.Tech. in any of the listed specializations (5 Years, Bachelor and Master of Technology (Dual Degree))",AI,OBC-NCL,Gender-Neutral,3410,3604
1,Indian Institute of Technology Kharagpur,"Agricultural and Food Engineering with M.Tech. in any of the listed specializations (5 Years, Bachelor and Master of Technology (Dual Degree))",AI,SC,Female-only (including Supernumerary),2909,2909
1,Indian Institute of Technology Kharagpur,"Agricultural and Food Engineering with M.Tech. in any of the listed specializations (5 Years, Bachelor and Master of Technology (Dual Degree))",AI,SC,Gender-Neutral,1804,1904
1,Indian Institute of Technology Kharagpur,"Agricultural and Food Engineering with M.Tech. in any of the listed specializations (5 Years, Bachelor and Master of Technology (Dual Degree))",AI,ST,Female-only (including Supernumerary),696,696
1,Indian Institute of Technology Kharagpur,"Agricultural and Food Engineering with M.Tech. in any of the listed specializations (5 Years, Bachelor and Master of Technology (Dual Degree))",AI,ST,Gender-Neutral,31,33
1,Indian Institute of Technology Kharagpur,"Applied Geology (5 Years, Integrated Master of Science)",AI,General,Gender-Neutral,6791,8018
1,Indian Institute of Technology Kharagpur,"Applied Geology (5 Years, Integrated Master of Science)",AI,General,Female-only (including Supernumerary),10951,12301
1,Indian Institute of Technology Kharagpur,"Applied Geology (5 Years, Integrated Master of Science)",AI,OBC-NCL,Gender-Neutral,3647,3962
1,Indian Institute of Technology Kharagpur,"Applied Geology (5 Years, Integrated Master of Science)",AI,SC,Female-only (including Supernumerary),375,375
1,Indian Institute of Technology Kharagpur,"Applied Geology (5 Years, Integrated Master of Science)",AI,SC,Gender-Neutral,1920,2118
1,Indian Institute of Technology Kharagpur,"Applied Geology (5 Years, Integrated Master of Science)",AI,ST,Gender-Neutral,249,836
1,Indian Institute of Technology Kharagpur,"Architecture (5 Years, Bachelor of Architecture)",AI,General,Female-only (including Supernumerary),7929,10693
1,Indian Institute of Technology Kharagpur,"Architecture (5 Years, Bachelor of Architecture)",AI,General,Gender-Neutral,4020,11109
1,Indian Institute of Technology Kharagpur,"Architecture (5 Years, Bachelor of Architecture)",AI,General PwD,Gender-Neutral,104,104
1,Indian Institute of Technology Kharagpur,"Architecture (5 Years, Bachelor of Architecture)",AI,OBC-NCL,Female-only (including Supernumerary),5416,6258
1,Indian Institute of Technology Kharagpur,"Architecture (5 Years, Bachelor of Architecture)",AI,OBC-NCL,Gender-Neutral,2384,4113
1,Indian Institute of Technology Kharagpur,"Architecture (5 Years, Bachelor of Architecture)",AI,SC,Gender-Neutral,1925,2213
1,Indian Institute of Technology Kharagpur,"Architecture (5 Years, Bachelor of Architecture)",AI,SC,Female-only (including Supernumerary),1742,1742
1,Indian Institute of Technology Kharagpur,"Architecture (5 Years, Bachelor of Architecture)",AI,ST,Gender-Neutral,224,867
1,Indian Institute of Technology Kharagpur,"Biotechnology and Biochemical Engineering (4 Years, Bachelor of Technology)",AI,General,Female-only (including Supernumerary),7305,7349
1,Indian Institute of Technology Kharagpur,"Biotechnology and Biochemical Engineering (4 Years, Bachelor of Technology)",AI,General,Gender-Neutral,3912,5331
1,Indian Institute of Technology Kharagpur,"Biotechnology and Biochemical Engineering (4 Years, Bachelor of Technology)",AI,OBC-NCL,Gender-Neutral,2569,3108
1,Indian Institute of Technology Kharagpur,"Biotechnology and Biochemical Engineering (4 Years, Bachelor of Technology)",AI,OBC-NCL,Female-only (including Supernumerary),4153,4153
1,Indian Institute of Technology Kharagpur,"Biotechnology and Biochemical Engineering (4 Years, Bachelor of Technology)",AI,SC,Gender-Neutral,1447,1645
1,Indian Institute of Technology Kharagpur,"Biotechnology and Biochemical Engineering (4 Years, Bachelor of Technology)",AI,SC,Female-only (including Supernumerary),2341,2341
1,Indian Institute of Technology Kharagpur,"Biotechnology and Biochemical Engineering (4 Years, Bachelor of Technology)",AI,ST,Gender-Neutral,853,864
1,Indian Institute of Technology Kharagpur,"Biotechnology and Biochemical Engineering (5 Years, Bachelor and Master of Technology (Dual Degree))",AI,General,Gender-Neutral,5427,6352
1,Indian Institute of Technology Kharagpur,"Biotechnology and Biochemical Engineering (5 Years, Bachelor and Master of Technology (Dual Degree))",AI,General,Female-only (including Supernumerary),8593,10309
1,Indian Institute of Technology Kharagpur,"Biotechnology and Biochemical Engineering (5 Years, Bachelor and Master of Technology (Dual Degree))",AI,OBC-NCL,Female-only (including Supernumerary),6177,6177
1,Indian Institute of Technology Kharagpur,"Biotechnology and Biochemical Engineering (5 Years, Bachelor and Master of Technology (Dual Degree))",AI,OBC-NCL,Gender-Neutral,2773,3569
1,Indian Institute of Technology Kharagpur,"Biotechnology and Biochemical Engineering (5 Years, Bachelor and Master of Technology (Dual Degree))",AI,SC,Female-only (including Supernumerary),2476,2476
1,Indian Institute of Technology Kharagpur,"Biotechnology and Biochemical Engineering (5 Years, Bachelor and Master of Technology (Dual Degree))",AI,SC,Gender-Neutral,1515,1703
1,Indian Institute of Technology Kharagpur,"Biotechnology and Biochemical Engineering (5 Years, Bachelor and Master of Technology (Dual Degree))",AI,ST,Gender-Neutral,3,890
1,Indian Institute of Technology Kharagpur,"Chemical Engineering (4 Years, Bachelor of Technology)",AI,General,Gender-Neutral,2285,3007
1,Indian Institute of Technology Kharagpur,"Chemical Engineering (4 Years, Bachelor of Technology)",AI,General,Female-only (including Supernumerary),2892,5536
1,Indian Institute of Technology Kharagpur,"Chemical Engineering (4 Years, Bachelor of Technology)",AI,General PwD,Gender-Neutral,46,46
1,Indian Institute of Technology Kharagpur,"Chemical Engineering (4 Years, Bachelor of Technology)",AI,OBC-NCL,Gender-Neutral,802,1496
1,Indian Institute of Technology Kharagpur,"Chemical Engineering (4 Years, Bachelor of Technology)",AI,OBC-NCL,Female-only (including Supernumerary),2382,3111
1,Indian Institute of Technology Kharagpur,"Chemical Engineering (4 Years, Bachelor of Technology)",AI,SC,Gender-Neutral,625,830
1,Indian Institute of Technology Kharagpur,"Chemical Engineering (4 Years, Bachelor of Technology)",AI,SC,Female-only (including Supernumerary),937,937
1,Indian Institute of Technology Kharagpur,"Chemical Engineering (4 Years, Bachelor of Technology)",AI,ST,Female-only (including Supernumerary),619,619
1,Indian Institute of Technology Kharagpur,"Chemical Engineering (4 Years, Bachelor of Technology)",AI,ST,Gender-Neutral,382,466
1,Indian Institute of Technology Kharagpur,"Chemical Engineering (5 Years, Bachelor and Master of Technology (Dual Degree))",AI,General,Female-only (including Supernumerary),6825,7237
1,Indian Institute of Technology Kharagpur,"Chemical Engineering (5 Years, Bachelor and Master of Technology (Dual Degree))",AI,General,Gender-Neutral,3017,3466
1,Indian Institute of Technology Kharagpur,"Chemical Engineering (5 Years, Bachelor and Master of Technology (Dual Degree))",AI,OBC-NCL,Gender-Neutral,1681,1824
1,Indian Institute of Technology Kharagpur,"Chemical Engineering (5 Years, Bachelor and Master of Technology (Dual Degree))",AI,OBC-NCL,Female-only (including Supernumerary),3147,3147
1,Indian Institute of Technology Kharagpur,"Chemical Engineering (5 Years, Bachelor and Master of Technology (Dual Degree))",AI,SC,Gender-Neutral,891,951
1,Indian Institute of Technology Kharagpur,"Chemical Engineering (5 Years, Bachelor and Master of Technology (Dual Degree))",AI,SC,Female-only (including Supernumerary),1683,1683
1,Indian Institute of Technology Kharagpur,"Chemical Engineering (5 Years, Bachelor and Master of Technology (Dual Degree))",AI,ST,Gender-Neutral,751,755
1,Indian Institute of Technology Kharagpur,"Chemistry (5 Years, Integrated Master of Science)",AI,General,Female-only (including Supernumerary),9753,11122
1,Indian Institute of Technology Kharagpur,"Chemistry (5 Years, Integrated Master of Science)",AI,General,Gender-Neutral,6589,8234
1,Indian Institute of Technology Kharagpur,"Chemistry (5 Years, Integrated Master of Science)",AI,OBC-NCL,Female-only (including Supernumerary),6587,6587
1,Indian Institute of Technology Kharagpur,"Chemistry (5 Years, Integrated Master of Science)",AI,OBC-NCL,Gender-Neutral,3220,3829
1,Indian Institute of Technology Kharagpur,"Chemistry (5 Years, Integrated Master of Science)",AI,SC,Gender-Neutral,1844,2065
1,Indian Institute of Technology Kharagpur,"Chemistry (5 Years, Integrated Master of Science)",AI,SC,Female-only (including Supernumerary),2302,2302
1,Indian Institute of Technology Kharagpur,"Chemistry (5 Years, Integrated Master of Science)",AI,ST,Gender-Neutral,239,383
1,Indian Institute of Technology Kharagpur,"Civil Engineering (4 Years, Bachelor of Technology)",AI,General,Female-only (including Supernumerary),1623,7154
1,Indian Institute of Technology Kharagpur,"Civil Engineering (4 Years, Bachelor of Technology)",AI,General,Gender-Neutral,3231,3804
1,Indian Institute of Technology Kharagpur,"Civil Engineering (4 Years, Bachelor of Technology)",AI,General PwD,Gender-Neutral,66,66
1,Indian Institute of Technology Kharagpur,"Civil Engineering (4 Years, Bachelor of Technology)",AI,OBC-NCL,Gender-Neutral,1169,1545
1,Indian Institute of Technology Kharagpur,"Civil Engineering (4 Years, Bachelor of Technology)",AI,OBC-NCL,Female-only (including Supernumerary),2757,3109
1,Indian Institute of Technology Kharagpur,"Civil Engineering (4 Years, Bachelor of Technology)",AI,OBC-NCL(PwD),Gender-Neutral,17,17
1,Indian Institute of Technology Kharagpur,"Civil Engineering (4 Years, Bachelor of Technology)",AI,SC,Female-only (including Supernumerary),569,569
1,Indian Institute of Technology Kharagpur,"Civil Engineering (4 Years, Bachelor of Technology)",AI,SC,Gender-Neutral,418,661
1,Indian Institute of Technology Kharagpur,"Civil Engineering (4 Years, Bachelor of Technology)",AI,ST,Female-only (including Supernumerary),538,538
1,Indian Institute of Technology Kharagpur,"Civil Engineering (4 Years, Bachelor of Technology)",AI,ST,Gender-Neutral,190,216
1,Indian Institute of Technology Kharagpur,"Civil Engineering with any of the listed specialization (5 Years, Bachelor and Master of Technology (Dual Degree))",AI,General,Female-only (including Supernumerary),8753,8974
1,Indian Institute of Technology Kharagpur,"Civil Engineering with any of the listed specialization (5 Years, Bachelor and Master of Technology (Dual Degree))",AI,General,Gender-Neutral,4232,4637
1,Indian Institute of Technology Kharagpur,"Civil Engineering with any of the listed specialization (5 Years, Bachelor and Master of Technology (Dual Degree))",AI,General PwD,Gender-Neutral,71,71
1,Indian Institute of Technology Kharagpur,"Civil Engineering with any of the listed specialization (5 Years, Bachelor and Master of Technology (Dual Degree))",AI,OBC-NCL,Female-only (including Supernumerary),3661,3661
1,Indian Institute of Technology Kharagpur,"Civil Engineering with any of the listed specialization (5 Years, Bachelor and Master of Technology (Dual Degree))",AI,OBC-NCL,Gender-Neutral,1796,1983
1,Indian Institute of Technology Kharagpur,"Civil Engineering with any of the listed specialization (5 Years, Bachelor and Master of Technology (Dual Degree))",AI,SC,Gender-Neutral,697,833
1,Indian Institute of Technology Kharagpur,"Civil Engineering with any of the listed specialization (5 Years, Bachelor and Master of Technology (Dual Degree))",AI,SC,Female-only (including Supernumerary),1687,1687
1,Indian Institute of Technology Kharagpur,"Civil Engineering with any of the listed specialization (5 Years, Bachelor and Master of Technology (Dual Degree))",AI,ST,Gender-Neutral,348,348
1,Indian Institute of Technology Kharagpur,"Computer Science and Engineering (4 Years, Bachelor of Technology)",AI,General,Female-only (including Supernumerary),438,508
1,Indian Institute of Technology Kharagpur,"Computer Science and Engineering (4 Years, Bachelor of Technology)",AI,General,Gender-Neutral,92,267
1,Indian Institute of Technology Kharagpur,"Computer Science and Engineering (4 Years, Bachelor of Technology)",AI,General PwD,Gender-Neutral,8,8
1,Indian Institute of Technology Kharagpur,"Computer Science and Engineering (4 Years, Bachelor of Technology)",AI,General PwD,Female-only (including Supernumerary),3,3
1,Indian Institute of Technology Kharagpur,"Computer Science and Engineering (4 Years, Bachelor of Technology)",AI,OBC-NCL,Gender-Neutral,47,134
1,Indian Institute of Technology Kharagpur,"Computer Science and Engineering (4 Years, Bachelor of Technology)",AI,OBC-NCL,Female-only (including Supernumerary),418,421
1,Indian Institute of Technology Kharagpur,"Computer Science and Engineering (4 Years, Bachelor of Technology)",AI,OBC-NCL(PwD),Gender-Neutral,4,4
1,Indian Institute of Technology Kharagpur,"Computer Science and Engineering (4 Years, Bachelor of Technology)",AI,SC,Gender-Neutral,21,73
1,Indian Institute of Technology Kharagpur,"Computer Science and Engineering (4 Years, Bachelor of Technology)",AI,SC,Female-only (including Supernumerary),257,257
1,Indian Institute of Technology Kharagpur,"Computer Science and Engineering (4 Years, Bachelor of Technology)",AI,SC PwD,Gender-Neutral,3,3
1,Indian Institute of Technology Kharagpur,"Computer Science and Engineering (4 Years, Bachelor of Technology)",AI,ST,Gender-Neutral,23,47
1,Indian Institute of Technology Kharagpur,"Computer Science and Engineering (4 Years, Bachelor of Technology)",AI,ST,Female-only (including Supernumerary),193,193
1,Indian Institute of Technology Kharagpur,"Computer Science and Engineering (5 Years, Bachelor and Master of Technology (Dual Degree))",AI,General,Female-only (including Supernumerary),643,995
1,Indian Institute of Technology Kharagpur,"Computer Science and Engineering (5 Years, Bachelor and Master of Technology (Dual Degree))",AI,General,Gender-Neutral,272,423
1,Indian Institute of Technology Kharagpur,"Computer Science and Engineering (5 Years, Bachelor and Master of Technology (Dual Degree))",AI,General PwD,Gender-Neutral,14,14
1,Indian Institute of Technology Kharagpur,"Computer Science and Engineering (5 Years, Bachelor and Master of Technology (Dual Degree))",AI,OBC-NCL,Gender-Neutral,137,205
1,Indian Institute of Technology Kharagpur,"Computer Science and Engineering (5 Years, Bachelor and Master of Technology (Dual Degree))",AI,OBC-NCL,Female-only (including Supernumerary),468,530
1,Indian Institute of Technology Kharagpur,"Computer Science and Engineering (5 Years, Bachelor and Master of Technology (Dual Degree))",AI,SC,Female-only (including Supernumerary),406,406
1,Indian Institute of Technology Kharagpur,"Computer Science and Engineering (5 Years, Bachelor and Master of Technology (Dual Degree))",AI,SC,Gender-Neutral,75,115
1,Indian Institute of Technology Kharagpur,"Computer Science and Engineering (5 Years, Bachelor and Master of Technology (Dual Degree))",AI,SC PwD,Gender-Neutral,7,7
1,Indian Institute of Technology Kharagpur,"Computer Science and Engineering (5 Years, Bachelor and Master of Technology (Dual Degree))",AI,ST,Gender-Neutral,84,101
1,Indian Institute of Technology Kharagpur,"Economics (5 Years, Integrated Master of Science)",AI,General,Female-only (including Supernumerary),5499,7067
1,Indian Institute of Technology Kharagpur,"Economics (5 Years, Integrated Master of Science)",AI,General,Gender-Neutral,2933,4081
1,Indian Institute of Technology Kharagpur,"Economics (5 Years, Integrated Master of Science)",AI,OBC-NCL,Female-only (including Supernumerary),4450,4483
1,Indian Institute of Technology Kharagpur,"Economics (5 Years, Integrated Master of Science)",AI,OBC-NCL,Gender-Neutral,1853,2318
1,Indian Institute of Technology Kharagpur,"Economics (5 Years, Integrated Master of Science)",AI,SC,Female-only (including Supernumerary),2564,2564
1,Indian Institute of Technology Kharagpur,"Economics (5 Years, Integrated Master of Science)",AI,SC,Gender-Neutral,1170,1438
1,Indian Institute of Technology Kharagpur,"Economics (5 Years, Integrated Master of Science)",AI,ST,Female-only (including Supernumerary),313,313
1,Indian Institute of Technology Kharagpur,"Economics (5 Years, Integrated Master of Science)",AI,ST,Gender-Neutral,698,855
1,Indian Institute of Technology Kharagpur,"Electrical Engineering (4 Years, Bachelor of Technology)",AI,General,Female-only (including Supernumerary),2184,2435
1,Indian Institute of Technology Kharagpur,"Electrical Engineering (4 Years, Bachelor of Technology)",AI,General,Gender-Neutral,612,1086
1,Indian Institute of Technology Kharagpur,"Electrical Engineering (4 Years, Bachelor of Technology)",AI,General PwD,Gender-Neutral,28,28
1,Indian Institute of Technology Kharagpur,"Electrical Engineering (4 Years, Bachelor of Technology)",AI,OBC-NCL,Female-only (including Supernumerary),888,1014
1,Indian Institute of Technology Kharagpur,"Electrical Engineering (4 Years, Bachelor of Technology)",AI,OBC-NCL,Gender-Neutral,274,545
1,Indian Institute of Technology Kharagpur,"Electrical Engineering (4 Years, Bachelor of Technology)",AI,SC,Female-only (including Supernumerary),547,547
1,Indian Institute of Technology Kharagpur,"Electrical Engineering (4 Years, Bachelor of Technology)",AI,SC,Gender-Neutral,197,219
1,Indian Institute of Technology Kharagpur,"Electrical Engineering (4 Years, Bachelor of Technology)",AI,ST,Female-only (including Supernumerary),364,364
1,Indian Institute of Technology Kharagpur,"Electrical Engineering (4 Years, Bachelor of Technology)",AI,ST,Gender-Neutral,59,126
1,Indian Institute of Technology Kharagpur,"Electrical Engineering with M.Tech. in any of the listed specializations (5 Years, Bachelor and Master of Technology (Dual Degree))",AI,General,Gender-Neutral,1205,1469
1,Indian Institute of Technology Kharagpur,"Electrical Engineering with M.Tech. in any of the listed specializations (5 Years, Bachelor and Master of Technology (Dual Degree))",AI,General,Female-only (including Supernumerary),3088,3189
1,Indian Institute of Technology Kharagpur,"Electrical Engineering with M.Tech. in any of the listed specializations (5 Years, Bachelor and Master of Technology (Dual Degree))",AI,OBC-NCL,Gender-Neutral,640,715
1,Indian Institute of Technology Kharagpur,"Electrical Engineering with M.Tech. in any of the listed specializations (5 Years, Bachelor and Master of Technology (Dual Degree))",AI,OBC-NCL,Female-only (including Supernumerary),1541,1541
1,Indian Institute of Technology Kharagpur,"Electrical Engineering with M.Tech. in any of the listed specializations (5 Years, Bachelor and Master of Technology (Dual Degree))",AI,SC,Gender-Neutral,285,457
1,Indian Institute of Technology Kharagpur,"Electrical Engineering with M.Tech. in any of the listed specializations (5 Years, Bachelor and Master of Technology (Dual Degree))",AI,SC,Female-only (including Supernumerary),656,656
1,Indian Institute of Technology Kharagpur,"Electrical Engineering with M.Tech. in any of the listed specializations (5 Years, Bachelor and Master of Technology (Dual Degree))",AI,ST,Gender-Neutral,291,345
1,Indian Institute of Technology Kharagpur,"Electronics and Electrical Communication Engineering (4 Years, Bachelor of Technology)",AI,General,Gender-Neutral,535,859
1,Indian Institute of Technology Kharagpur,"Electronics and Electrical Communication Engineering (4 Years, Bachelor of Technology)",AI,General,Female-only (including Supernumerary),1550,1962
1,Indian Institute of Technology Kharagpur,"Electronics and Electrical Communication Engineering (4 Years, Bachelor of Technology)",AI,General PwD,Gender-Neutral,87,87
1,Indian Institute of Technology Kharagpur,"Electronics and Electrical Communication Engineering (4 Years, Bachelor of Technology)",AI,OBC-NCL,Female-only (including Supernumerary),444,906
1,Indian Institute of Technology Kharagpur,"Electronics and Electrical Communication Engineering (4 Years, Bachelor of Technology)",AI,OBC-NCL,Gender-Neutral,190,381
1,Indian Institute of Technology Kharagpur,"Electronics and Electrical Communication Engineering (4 Years, Bachelor of Technology)",AI,SC,Gender-Neutral,15,164
1,Indian Institute of Technology Kharagpur,"Electronics and Electrical Communication Engineering (4 Years, Bachelor of Technology)",AI,SC,Female-only (including Supernumerary),574,574
1,Indian Institute of Technology Kharagpur,"Electronics and Electrical Communication Engineering (4 Years, Bachelor of Technology)",AI,ST,Gender-Neutral,136,165
1,Indian Institute of Technology Kharagpur,"Electronics and Electrical Communication Engineering (4 Years, Bachelor of Technology)",AI,ST,Female-only (including Supernumerary),423,423
1,Indian Institute of Technology Kharagpur,"Electronics and Electrical Communication Engineering with M.Tech. in any of the listed specializations (5 Years, Bachelor and Master of Technology (Dual Degree))",AI,General,Gender-Neutral,865,1301
1,Indian Institute of Technology Kharagpur,"Electronics and Electrical Communication Engineering with M.Tech. in any of the listed specializations (5 Years, Bachelor and Master of Technology (Dual Degree))",AI,General,Female-only (including Supernumerary),1772,2967
1,Indian Institute of Technology Kharagpur,"Electronics and Electrical Communication Engineering with M.Tech. in any of the listed specializations (5 Years, Bachelor and Master of Technology (Dual Degree))",AI,General PwD,Gender-Neutral,48,48
1,Indian Institute of Technology Kharagpur,"Electronics and Electrical Communication Engineering with M.Tech. in any of the listed specializations (5 Years, Bachelor and Master of Technology (Dual Degree))",AI,OBC-NCL,Female-only (including Supernumerary),1090,1207
1,Indian Institute of Technology Kharagpur,"Electronics and Electrical Communication Engineering with M.Tech. in any of the listed specializations (5 Years, Bachelor and Master of Technology (Dual Degree))",AI,OBC-NCL,Gender-Neutral,467,633
1,Indian Institute of Technology Kharagpur,"Electronics and Electrical Communication Engineering with M.Tech. in any of the listed specializations (5 Years, Bachelor and Master of Technology (Dual Degree))",AI,SC,Gender-Neutral,265,375
1,Indian Institute of Technology Kharagpur,"Electronics and Electrical Communication Engineering with M.Tech. in any of the listed specializations (5 Years, Bachelor and Master of Technology (Dual Degree))",AI,SC,Female-only (including Supernumerary),840,840
1,Indian Institute of Technology Kharagpur,"Electronics and Electrical Communication Engineering with M.Tech. in any of the listed specializations (5 Years, Bachelor and Master of Technology (Dual Degree))",AI,ST,Gender-Neutral,183,384
1,Indian Institute of Technology Kharagpur,"Exploration Geophysics (5 Years, Integrated Master of Science)",AI,General,Gender-Neutral,5333,7087
1,Indian Institute of Technology Kharagpur,"Exploration Geophysics (5 Years, Integrated Master of Science)",AI,General,Female-only (including Supernumerary),10091,11872
1,Indian Institute of Technology Kharagpur,"Exploration Geophysics (5 Years, Integrated Master of Science)",AI,OBC-NCL,Female-only (including Supernumerary),6633,6633
1,Indian Institute of Technology Kharagpur,"Exploration Geophysics (5 Years, Integrated Master of Science)",AI,OBC-NCL,Gender-Neutral,3020,3876
1,Indian Institute of Technology Kharagpur,"Exploration Geophysics (5 Years, Integrated Master of Science)",AI,SC,Female-only (including Supernumerary),2838,2838
1,Indian Institute of Technology Kharagpur,"Exploration Geophysics (5 Years, Integrated Master of Science)",AI,SC,Gender-Neutral,1753,2126
1,Indian Institute of Technology Kharagpur,"Exploration Geophysics (5 Years, Integrated Master of Science)",AI,ST,Female-only (including Supernumerary),857,857
1,Indian Institute of Technology Kharagpur,"Exploration Geophysics (5 Years, Integrated Master of Science)",AI,ST,Gender-Neutral,439,444
1,Indian Institute of Technology Kharagpur,"Industrial and Systems Engineering (4 Years, Bachelor of Technology)",AI,General,Gender-Neutral,2514,3216
1,Indian Institute of Technology Kharagpur,"Industrial and Systems Engineering (4 Years, Bachelor of Technology)",AI,General,Female-only (including Supernumerary),6114,6300
1,Indian Institute of Technology Kharagpur,"Industrial and Systems Engineering (4 Years, Bachelor of Technology)",AI,OBC-NCL,Gender-Neutral,1321,1777
1,Indian Institute of Technology Kharagpur,"Industrial and Systems Engineering (4 Years, Bachelor of Technology)",AI,OBC-NCL,Female-only (including Supernumerary),3364,3364
1,Indian Institute of Technology Kharagpur,"Industrial and Systems Engineering (4 Years, Bachelor of Technology)",AI,SC,Gender-Neutral,865,1126
1,Indian Institute of Technology Kharagpur,"Industrial and Systems Engineering (4 Years, Bachelor of Technology)",AI,SC,Female-only (including Supernumerary),1837,1837
1,Indian Institute of Technology Kharagpur,"Industrial and Systems Engineering (4 Years, Bachelor of Technology)",AI,ST,Gender-Neutral,590,650
1,Indian Institute of Technology Kharagpur,"Industrial and Systems Engineering (4 Years, Bachelor of Technology)",AI,ST,Female-only (including Supernumerary),135,135
1,Indian Institute of Technology Kharagpur,"Industrial and Systems Engineering with M.Tech. in Industrial and Systems Engineering and Management (5 Years, Bachelor and Master of Technology (Dual Degree))",AI,General,Gender-Neutral,3292,4023
1,Indian Institute of Technology Kharagpur,"Industrial and Systems Engineering with M.Tech. in Industrial and Systems Engineering and Management (5 Years, Bachelor and Master of Technology (Dual Degree))",AI,General,Female-only (including Supernumerary),6937,7126
1,Indian Institute of Technology Kharagpur,"Industrial and Systems Engineering with M.Tech. in Industrial and Systems Engineering and Management (5 Years, Bachelor and Master of Technology (Dual Degree))",AI,OBC-NCL,Female-only (including Supernumerary),5368,5368
1,Indian Institute of Technology Kharagpur,"Industrial and Systems Engineering with M.Tech. in Industrial and Systems Engineering and Management (5 Years, Bachelor and Master of Technology (Dual Degree))",AI,OBC-NCL,Gender-Neutral,1789,2007
1,Indian Institute of Technology Kharagpur,"Industrial and Systems Engineering with M.Tech. in Industrial and Systems Engineering and Management (5 Years, Bachelor and Master of Technology (Dual Degree))",AI,SC,Gender-Neutral,1190,1266
1,Indian Institute of Technology Kharagpur,"Industrial and Systems Engineering with M.Tech. in Industrial and Systems Engineering and Management (5 Years, Bachelor and Master of Technology (Dual Degree))",AI,SC,Female-only (including Supernumerary),2668,2668
1,Indian Institute of Technology Kharagpur,"Industrial and Systems Engineering with M.Tech. in Industrial and Systems Engineering and Management (5 Years, Bachelor and Master of Technology (Dual Degree))",AI,ST,Gender-Neutral,904,904
1,Indian Institute of Technology Kharagpur,"Instrumentation Engineering (4 Years, Bachelor of Technology)",AI,General,Gender-Neutral,930,2272
1,Indian Institute of Technology Kharagpur,"Instrumentation Engineering (4 Years, Bachelor of Technology)",AI,General,Female-only (including Supernumerary),2755,4131
1,Indian Institute of Technology Kharagpur,"Instrumentation Engineering (4 Years, Bachelor of Technology)",AI,OBC-NCL,Female-only (including Supernumerary),1812,1812
1,Indian Institute of Technology Kharagpur,"Instrumentation Engineering (4 Years, Bachelor of Technology)",AI,OBC-NCL,Gender-Neutral,784,1180
1,Indian Institute of Technology Kharagpur,"Instrumentation Engineering (4 Years, Bachelor of Technology)",AI,SC,Gender-Neutral,767,944
1,Indian Institute of Technology Kharagpur,"Instrumentation Engineering (4 Years, Bachelor of Technology)",AI,SC,Female-only (including Supernumerary),859,859
1,Indian Institute of Technology Kharagpur,"Instrumentation Engineering (4 Years, Bachelor of Technology)",AI,ST,Gender-Neutral,395,507
1,Indian Institute of Technology Kharagpur,"Manufacturing Science and Engineering (4 Years, Bachelor of Technology)",AI,General,Gender-Neutral,3229,3713
1,Indian Institute of Technology Kharagpur,"Manufacturing Science and Engineering (4 Years, Bachelor of Technology)",AI,General,Female-only (including Supernumerary),7206,7523
1,Indian Institute of Technology Kharagpur,"Manufacturing Science and Engineering (4 Years, Bachelor of Technology)",AI,OBC-NCL,Female-only (including Supernumerary),4548,4685
1,Indian Institute of Technology Kharagpur,"Manufacturing Science and Engineering (4 Years, Bachelor of Technology)",AI,OBC-NCL,Gender-Neutral,1576,2183
1,Indian Institute of Technology Kharagpur,"Manufacturing Science and Engineering (4 Years, Bachelor of Technology)",AI,SC,Female-only (including Supernumerary),2504,2504
1,Indian Institute of Technology Kharagpur,"Manufacturing Science and Engineering (4 Years, Bachelor of Technology)",AI,SC,Gender-Neutral,992,1293
1,Indian Institute of Technology Kharagpur,"Manufacturing Science and Engineering (4 Years, Bachelor of Technology)",AI,ST,Gender-Neutral,583,882
1,Indian Institute of Technology Kharagpur,"Manufacturing Science and Engineering with M.Tech. in Industrial and Systems Engineering and Management (5 Years, Bachelor and Master of Technology (Dual Degree))",AI,General,Gender-Neutral,3930,4530
1,Indian Institute of Technology Kharagpur,"Manufacturing Science and Engineering with M.Tech. in Industrial and Systems Engineering and Management (5 Years, Bachelor and Master of Technology (Dual Degree))",AI,General,Female-only (including Supernumerary),8759,8759
1,Indian Institute of Technology Kharagpur,"Manufacturing Science and Engineering with M.Tech. in Industrial and Systems Engineering and Management (5 Years, Bachelor and Master of Technology (Dual Degree))",AI,OBC-NCL,Gender-Neutral,2373,2431
1,Indian Institute of Technology Kharagpur,"Manufacturing Science and Engineering with M.Tech. in Industrial and Systems Engineering and Management (5 Years, Bachelor and Master of Technology (Dual Degree))",AI,OBC-NCL,Female-only (including Supernumerary),4054,4054
1,Indian Institute of Technology Kharagpur,"Manufacturing Science and Engineering with M.Tech. in Industrial and Systems Engineering and Management (5 Years, Bachelor and Master of Technology (Dual Degree))",AI,SC,Female-only (including Supernumerary),2872,2872
1,Indian Institute of Technology Kharagpur,"Manufacturing Science and Engineering with M.Tech. in Industrial and Systems Engineering and Management (5 Years, Bachelor and Master of Technology (Dual Degree))",AI,SC,Gender-Neutral,1350,1402
1,Indian Institute of Technology Kharagpur,"Manufacturing Science and Engineering with M.Tech. in Industrial and Systems Engineering and Management (5 Years, Bachelor and Master of Technology (Dual Degree))",AI,ST,Gender-Neutral,174,174
1,Indian Institute of Technology Kharagpur,"Mathematics and Computing (5 Years, Integrated Master of Science)",AI,General,Female-only (including Supernumerary),2347,2787
1,Indian Institute of Technology Kharagpur,"Mathematics and Computing (5 Years, Integrated Master of Science)",AI,General,Gender-Neutral,823,1246
1,Indian Institute of Technology Kharagpur,"Mathematics and Computing (5 Years, Integrated Master of Science)",AI,OBC-NCL,Female-only (including Supernumerary),846,1396
1,Indian Institute of Technology Kharagpur,"Mathematics and Computing (5 Years, Integrated Master of Science)",AI,OBC-NCL,Gender-Neutral,372,597
1,Indian Institute of Technology Kharagpur,"Mathematics and Computing (5 Years, Integrated Master of Science)",AI,SC,Gender-Neutral,271,436
1,Indian Institute of Technology Kharagpur,"Mathematics and Computing (5 Years, Integrated Master of Science)",AI,SC,Female-only (including Supernumerary),933,933
1,Indian Institute of Technology Kharagpur,"Mathematics and Computing (5 Years, Integrated Master of Science)",AI,ST,Gender-Neutral,237,451
1,Indian Institute of Technology Kharagpur,"Mathematics and Computing (5 Years, Integrated Master of Science)",AI,ST,Female-only (including Supernumerary),431,431
1,Indian Institute of Technology Kharagpur,"Mechanical Engineering (4 Years, Bachelor of Technology)",AI,General,Gender-Neutral,1093,1663
1,Indian Institute of Technology Kharagpur,"Mechanical Engineering (4 Years, Bachelor of Technology)",AI,General,Female-only (including Supernumerary),2980,3795
1,Indian Institute of Technology Kharagpur,"Mechanical Engineering (4 Years, Bachelor of Technology)",AI,General PwD,Gender-Neutral,114,114
1,Indian Institute of Technology Kharagpur,"Mechanical Engineering (4 Years, Bachelor of Technology)",AI,OBC-NCL,Female-only (including Supernumerary),1636,1847
1,Indian Institute of Technology Kharagpur,"Mechanical Engineering (4 Years, Bachelor of Technology)",AI,OBC-NCL,Gender-Neutral,528,684
1,Indian Institute of Technology Kharagpur,"Mechanical Engineering (4 Years, Bachelor of Technology)",AI,OBC-NCL(PwD),Gender-Neutral,31,31
1,Indian Institute of Technology Kharagpur,"Mechanical Engineering (4 Years, Bachelor of Technology)",AI,SC,Gender-Neutral,220,297
1,Indian Institute of Technology Kharagpur,"Mechanical Engineering (4 Years, Bachelor of Technology)",AI,SC,Female-only (including Supernumerary),972,1184
1,Indian Institute of Technology Kharagpur,"Mechanical Engineering (4 Years, Bachelor of Technology)",AI,ST,Female-only (including Supernumerary),434,434
1,Indian Institute of Technology Kharagpur,"Mechanical Engineering (4 Years, Bachelor of Technology)",AI,ST,Gender-Neutral,133,181
1,Indian Institute of Technology Kharagpur,"Mechanical Engineering with M.Tech. in any of the listed specializations (5 Years, Bachelor and Master of Technology (Dual Degree))",AI,General,Female-only (including Supernumerary),4616,5445
1,Indian Institute of Technology Kharagpur,"Mechanical Engineering with M.Tech. in any of the listed specializations (5 Years, Bachelor and Master of Technology (Dual Degree))",AI,General,Gender-Neutral,1676,2284
1,Indian Institute of Technology Kharagpur,"Mechanical Engineering with M.Tech. in any of the listed specializations (5 Years, Bachelor and Master of Technology (Dual Degree))",AI,General PwD,Gender-Neutral,50,50
1,Indian Institute of Technology Kharagpur,"Mechanical Engineering with M.Tech. in any of the listed specializations (5 Years, Bachelor and Master of Technology (Dual Degree))",AI,OBC-NCL,Gender-Neutral,756,1027
1,Indian Institute of Technology Kharagpur,"Mechanical Engineering with M.Tech. in any of the listed specializations (5 Years, Bachelor and Master of Technology (Dual Degree))",AI,OBC-NCL,Female-only (including Supernumerary),3094,3188
1,Indian Institute of Technology Kharagpur,"Mechanical Engineering with M.Tech. in any of the listed specializations (5 Years, Bachelor and Master of Technology (Dual Degree))",AI,SC,Female-only (including Supernumerary),1618,1618
1,Indian Institute of Technology Kharagpur,"Mechanical Engineering with M.Tech. in any of the listed specializations (5 Years, Bachelor and Master of Technology (Dual Degree))",AI,SC,Gender-Neutral,460,747
1,Indian Institute of Technology Kharagpur,"Mechanical Engineering with M.Tech. in any of the listed specializations (5 Years, Bachelor and Master of Technology (Dual Degree))",AI,ST,Gender-Neutral,278,351
1,Indian Institute of Technology Kharagpur,"Mechanical Engineering with M.Tech. in any of the listed specializations (5 Years, Bachelor and Master of Technology (Dual Degree))",AI,ST,Female-only (including Supernumerary),735,735
1,Indian Institute of Technology Kharagpur,"Metallurgical and Materials Engineering (4 Years, Bachelor of Technology)",AI,General,Female-only (including Supernumerary),7767,8385
1,Indian Institute of Technology Kharagpur,"Metallurgical and Materials Engineering (4 Years, Bachelor of Technology)",AI,General,Gender-Neutral,3790,4494
1,Indian Institute of Technology Kharagpur,"Metallurgical and Materials Engineering (4 Years, Bachelor of Technology)",AI,OBC-NCL,Female-only (including Supernumerary),4779,5019
1,Indian Institute of Technology Kharagpur,"Metallurgical and Materials Engineering (4 Years, Bachelor of Technology)",AI,OBC-NCL,Gender-Neutral,1944,2210
1,Indian Institute of Technology Kharagpur,"Metallurgical and Materials Engineering (4 Years, Bachelor of Technology)",AI,SC,Female-only (including Supernumerary),2052,2052
1,Indian Institute of Technology Kharagpur,"Metallurgical and Materials Engineering (4 Years, Bachelor of Technology)",AI,SC,Gender-Neutral,1078,1249
1,Indian Institute of Technology Kharagpur,"Metallurgical and Materials Engineering (4 Years, Bachelor of Technology)",AI,ST,Gender-Neutral,633,766
1,Indian Institute of Technology Kharagpur,"Metallurgical and Materials Engineering (5 Years, Bachelor and Master of Technology (Dual Degree))",AI,General,Female-only (including Supernumerary),9335,9505
1,Indian Institute of Technology Kharagpur,"Metallurgical and Materials Engineering (5 Years, Bachelor and Master of Technology (Dual Degree))",AI,General,Gender-Neutral,4580,4858
1,Indian Institute of Technology Kharagpur,"Metallurgical and Materials Engineering (5 Years, Bachelor and Master of Technology (Dual Degree))",AI,OBC-NCL,Female-only (including Supernumerary),5165,5165
1,Indian Institute of Technology Kharagpur,"Metallurgical and Materials Engineering (5 Years, Bachelor and Master of Technology (Dual Degree))",AI,OBC-NCL,Gender-Neutral,2393,2534
1,Indian Institute of Technology Kharagpur,"Metallurgical and Materials Engineering (5 Years, Bachelor and Master of Technology (Dual Degree))",AI,SC,Gender-Neutral,1296,1382
1,Indian Institute of Technology Kharagpur,"Metallurgical and Materials Engineering (5 Years, Bachelor and Master of Technology (Dual Degree))",AI,SC,Female-only (including Supernumerary),2371,2371
1,Indian Institute of Technology Kharagpur,"Metallurgical and Materials Engineering (5 Years, Bachelor and Master of Technology (Dual Degree))",AI,ST,Gender-Neutral,11,862
1,Indian Institute of Technology Kharagpur,"Mining Engineering (4 Years, Bachelor of Technology)",AI,General,Female-only (including Supernumerary),10751,11971
1,Indian Institute of Technology Kharagpur,"Mining Engineering (4 Years, Bachelor of Technology)",AI,General,Gender-Neutral,4566,5892
1,Indian Institute of Technology Kharagpur,"Mining Engineering (4 Years, Bachelor of Technology)",AI,OBC-NCL,Gender-Neutral,2190,2643
1,Indian Institute of Technology Kharagpur,"Mining Engineering (4 Years, Bachelor of Technology)",AI,OBC-NCL,Female-only (including Supernumerary),5260,5607
1,Indian Institute of Technology Kharagpur,"Mining Engineering (4 Years, Bachelor of Technology)",AI,SC,Female-only (including Supernumerary),2373,2373
1,Indian Institute of Technology Kharagpur,"Mining Engineering (4 Years, Bachelor of Technology)",AI,SC,Gender-Neutral,1132,1384
1,Indian Institute of Technology Kharagpur,"Mining Engineering (4 Years, Bachelor of Technology)",AI,ST,Female-only (including Supernumerary),27,27
1,Indian Institute of Technology Kharagpur,"Mining Engineering (4 Years, Bachelor of Technology)",AI,ST,Gender-Neutral,390,656
1,Indian Institute of Technology Kharagpur,"Mining Engineering (5 Years, Bachelor and Master of Technology (Dual Degree))",AI,General,Gender-Neutral,5781,6728
1,Indian Institute of Technology Kharagpur,"Mining Engineering (5 Years, Bachelor and Master of Technology (Dual Degree))",AI,General,Female-only (including Supernumerary),12633,12633
1,Indian Institute of Technology Kharagpur,"Mining Engineering (5 Years, Bachelor and Master of Technology (Dual Degree))",AI,OBC-NCL,Gender-Neutral,2776,2958
1,Indian Institute of Technology Kharagpur,"Mining Engineering (5 Years, Bachelor and Master of Technology (Dual Degree))",AI,OBC-NCL,Female-only (including Supernumerary),6758,6758
1,Indian Institute of Technology Kharagpur,"Mining Engineering (5 Years, Bachelor and Master of Technology (Dual Degree))",AI,SC,Female-only (including Supernumerary),2954,2954
1,Indian Institute of Technology Kharagpur,"Mining Engineering (5 Years, Bachelor and Master of Technology (Dual Degree))",AI,SC,Gender-Neutral,1500,1639
1,Indian Institute of Technology Kharagpur,"Mining Engineering (5 Years, Bachelor and Master of Technology (Dual Degree))",AI,ST,Gender-Neutral,540,540
1,Indian Institute of Technology Kharagpur,"Mining Safety Engineering (5 Years, Bachelor and Master of Technology (Dual Degree))",AI,General,Female-only (including Supernumerary),12229,12229
1,Indian Institute of Technology Kharagpur,"Mining Safety Engineering (5 Years, Bachelor and Master of Technology (Dual Degree))",AI,General,Gender-Neutral,6898,7753
1,Indian Institute of Technology Kharagpur,"Mining Safety Engineering (5 Years, Bachelor and Master of Technology (Dual Degree))",AI,OBC-NCL,Gender-Neutral,2964,3339
1,Indian Institute of Technology Kharagpur,"Mining Safety Engineering (5 Years, Bachelor and Master of Technology (Dual Degree))",AI,OBC-NCL,Female-only (including Supernumerary),6561,6561
1,Indian Institute of Technology Kharagpur,"Mining Safety Engineering (5 Years, Bachelor and Master of Technology (Dual Degree))",AI,SC,Gender-Neutral,1738,1794
1,Indian Institute of Technology Kharagpur,"Mining Safety Engineering (5 Years, Bachelor and Master of Technology (Dual Degree))",AI,SC,Female-only (including Supernumerary),2956,2956
1,Indian Institute of Technology Kharagpur,"Mining Safety Engineering (5 Years, Bachelor and Master of Technology (Dual Degree))",AI,ST,Gender-Neutral,208,208
1,Indian Institute of Technology Kharagpur,"Ocean Engineering and Naval Architecture (4 Years, Bachelor of Technology)",AI,General,Female-only (including Supernumerary),10137,10762
1,Indian Institute of Technology Kharagpur,"Ocean Engineering and Naval Architecture (4 Years, Bachelor of Technology)",AI,General,Gender-Neutral,4343,5684
1,Indian Institute of Technology Kharagpur,"Ocean Engineering and Naval Architecture (4 Years, Bachelor of Technology)",AI,OBC-NCL,Gender-Neutral,2257,2775
1,Indian Institute of Technology Kharagpur,"Ocean Engineering and Naval Architecture (4 Years, Bachelor of Technology)",AI,OBC-NCL,Female-only (including Supernumerary),4523,4523
1,Indian Institute of Technology Kharagpur,"Ocean Engineering and Naval Architecture (4 Years, Bachelor of Technology)",AI,SC,Female-only (including Supernumerary),2632,2632
1,Indian Institute of Technology Kharagpur,"Ocean Engineering and Naval Architecture (4 Years, Bachelor of Technology)",AI,SC,Gender-Neutral,1476,1645
1,Indian Institute of Technology Kharagpur,"Ocean Engineering and Naval Architecture (4 Years, Bachelor of Technology)",AI,ST,Gender-Neutral,629,777
1,Indian Institute of Technology Kharagpur,"Ocean Engineering and Naval Architecture (5 Years, Bachelor and Master of Technology (Dual Degree))",AI,General,Gender-Neutral,5742,6512
1,Indian Institute of Technology Kharagpur,"Ocean Engineering and Naval Architecture (5 Years, Bachelor and Master of Technology (Dual Degree))",AI,General,Female-only (including Supernumerary),10915,11253
1,Indian Institute of Technology Kharagpur,"Ocean Engineering and Naval Architecture (5 Years, Bachelor and Master of Technology (Dual Degree))",AI,OBC-NCL,Gender-Neutral,2642,3445
1,Indian Institute of Technology Kharagpur,"Ocean Engineering and Naval Architecture (5 Years, Bachelor and Master of Technology (Dual Degree))",AI,OBC-NCL,Female-only (including Supernumerary),5808,5808
1,Indian Institute of Technology Kharagpur,"Ocean Engineering and Naval Architecture (5 Years, Bachelor and Master of Technology (Dual Degree))",AI,SC,Gender-Neutral,1718,1770
1,Indian Institute of Technology Kharagpur,"Ocean Engineering and Naval Architecture (5 Years, Bachelor and Master of Technology (Dual Degree))",AI,SC,Female-only (including Supernumerary),2781,2781
1,Indian Institute of Technology Kharagpur,"Ocean Engineering and Naval Architecture (5 Years, Bachelor and Master of Technology (Dual Degree))",AI,ST,Gender-Neutral,136,752
1,Indian Institute of Technology Kharagpur,"Physics (5 Years, Integrated Master of Science)",AI,General,Gender-Neutral,3184,5264
1,Indian Institute of Technology Kharagpur,"Physics (5 Years, Integrated Master of Science)",AI,General,Female-only (including Supernumerary),9330,10114
1,Indian Institute of Technology Kharagpur,"Physics (5 Years, Integrated Master of Science)",AI,OBC-NCL,Female-only (including Supernumerary),4331,5592
1,Indian Institute of Technology Kharagpur,"Physics (5 Years, Integrated Master of Science)",AI,OBC-NCL,Gender-Neutral,2202,3186
1,Indian Institute of Technology Kharagpur,"Physics (5 Years, Integrated Master of Science)",AI,SC,Female-only (including Supernumerary),2759,2759
1,Indian Institute of Technology Kharagpur,"Physics (5 Years, Integrated Master of Science)",AI,SC,Gender-Neutral,479,1588
1,Indian Institute of Technology Kharagpur,"Physics (5 Years, Integrated Master of Science)",AI,ST,Gender-Neutral,1,32
1,Indian Institute of Technology Kharagpur,"Quality Engineering Design and Manufacturing (5 Years, Bachelor and Master of Technology (Dual Degree))",AI,General,Gender-Neutral,4093,4548
1,Indian Institute of Technology Kharagpur,"Quality Engineering Design and Manufacturing (5 Years, Bachelor and Master of Technology (Dual Degree))",AI,General,Female-only (including Supernumerary),9588,9588
1,Indian Institute of Technology Kharagpur,"Quality Engineering Design and Manufacturing (5 Years, Bachelor and Master of Technology (Dual Degree))",AI,OBC-NCL,Gender-Neutral,2095,2465
1,Indian Institute of Technology Kharagpur,"Quality Engineering Design and Manufacturing (5 Years, Bachelor and Master of Technology (Dual Degree))",AI,OBC-NCL,Female-only (including Supernumerary),4358,4358
1,Indian Institute of Technology Kharagpur,"Quality Engineering Design and Manufacturing (5 Years, Bachelor and Master of Technology (Dual Degree))",AI,SC,Gender-Neutral,1607,1765
1,Indian Institute of Technology Kharagpur,"Quality Engineering Design and Manufacturing (5 Years, Bachelor and Master of Technology (Dual Degree))",AI,SC,Female-only (including Supernumerary),2934,2934
1,Indian Institute of Technology Kharagpur,"Quality Engineering Design and Manufacturing (5 Years, Bachelor and Master of Technology (Dual Degree))",AI,ST,Gender-Neutral,30,30
1,Indian Institute of Technology Hyderabad,"Chemical Engineering (4 Years, Bachelor of Technology)",AI,General,Gender-Neutral,3829,5148
1,Indian Institute of Technology Hyderabad,"Chemical Engineering (4 Years, Bachelor of Technology)",AI,General,Female-only (including Supernumerary),7670,8427
1,Indian Institute of Technology Hyderabad,"Chemical Engineering (4 Years, Bachelor of Technology)",AI,OBC-NCL,Female-only (including Supernumerary),3317,4123
1,Indian Institute of Technology Hyderabad,"Chemical Engineering (4 Years, Bachelor of Technology)",AI,OBC-NCL,Gender-Neutral,1749,2163
1,Indian Institute of Technology Hyderabad,"Chemical Engineering (4 Years, Bachelor of Technology)",AI,SC,Female-only (including Supernumerary),1550,1550
1,Indian Institute of Technology Hyderabad,"Chemical Engineering (4 Years, Bachelor of Technology)",AI,SC,Gender-Neutral,1004,1270
1,Indian Institute of Technology Hyderabad,"Chemical Engineering (4 Years, Bachelor of Technology)",AI,ST,Gender-Neutral,579,674
1,Indian Institute of Technology Hyderabad,"Chemical Engineering (4 Years, Bachelor of Technology)",AI,ST,Female-only (including Supernumerary),756,756
1,Indian Institute of Technology Hyderabad,"Civil Engineering (4 Years, Bachelor of Technology)",AI,General,Gender-Neutral,3764,5266
1,Indian Institute of Technology Hyderabad,"Civil Engineering (4 Years, Bachelor of Technology)",AI,General,Female-only (including Supernumerary),4115,7153
1,Indian Institute of Technology Hyderabad,"Civil Engineering (4 Years, Bachelor of Technology)",AI,OBC-NCL,Gender-Neutral,1391,2127
1,Indian Institute of Technology Hyderabad,"Civil Engineering (4 Years, Bachelor of Technology)",AI,OBC-NCL,Female-only (including Supernumerary),2673,3271
1,Indian Institute of Technology Hyderabad,"Civil Engineering (4 Years, Bachelor of Technology)",AI,SC,Female-only (including Supernumerary),1274,1274
1,Indian Institute of Technology Hyderabad,"Civil Engineering (4 Years, Bachelor of Technology)",AI,SC,Gender-Neutral,695,780
1,Indian Institute of Technology Hyderabad,"Civil Engineering (4 Years, Bachelor of Technology)",AI,ST,Gender-Neutral,271,292
1,Indian Institute of Technology Hyderabad,"Civil Engineering (4 Years, Bachelor of Technology)",AI,ST,Female-only (including Supernumerary),718,718
1,Indian Institute of Technology Hyderabad,"Computer Science and Engineering (4 Years, Bachelor of Technology)",AI,General,Gender-Neutral,445,769
1,Indian Institute of Technology Hyderabad,"Computer Science and Engineering (4 Years, Bachelor of Technology)",AI,General,Female-only (including Supernumerary),1247,1368
1,Indian Institute of Technology Hyderabad,"Computer Science and Engineering (4 Years, Bachelor of Technology)",AI,General PwD,Female-only (including Supernumerary),93,93
1,Indian Institute of Technology Hyderabad,"Computer Science and Engineering (4 Years, Bachelor of Technology)",AI,OBC-NCL,Gender-Neutral,145,309
1,Indian Institute of Technology Hyderabad,"Computer Science and Engineering (4 Years, Bachelor of Technology)",AI,OBC-NCL,Female-only (including Supernumerary),457,507
1,Indian Institute of Technology Hyderabad,"Computer Science and Engineering (4 Years, Bachelor of Technology)",AI,OBC-NCL(PwD),Gender-Neutral,8,8
1,Indian Institute of Technology Hyderabad,"Computer Science and Engineering (4 Years, Bachelor of Technology)",AI,SC,Gender-Neutral,88,174
1,Indian Institute of Technology Hyderabad,"Computer Science and Engineering (4 Years, Bachelor of Technology)",AI,SC,Female-only (including Supernumerary),382,382
1,Indian Institute of Technology Hyderabad,"Computer Science and Engineering (4 Years, Bachelor of Technology)",AI,ST,Gender-Neutral,104,134
1,Indian Institute of Technology Hyderabad,"Electrical Engineering (4 Years, Bachelor of Technology)",AI,General,Female-only (including Supernumerary),2930,3368
1,Indian Institute of Technology Hyderabad,"Electrical Engineering (4 Years, Bachelor of Technology)",AI,General,Gender-Neutral,1146,2009
1,Indian Institute of Technology Hyderabad,"Electrical Engineering (4 Years, Bachelor of Technology)",AI,OBC-NCL,Female-only (including Supernumerary),1277,1277
1,Indian Institute of Technology Hyderabad,"Electrical Engineering (4 Years, Bachelor of Technology)",AI,OBC-NCL,Gender-Neutral,570,911
1,Indian Institute of Technology Hyderabad,"Electrical Engineering (4 Years, Bachelor of Technology)",AI,SC,Female-only (including Supernumerary),794,794
1,Indian Institute of Technology Hyderabad,"Electrical Engineering (4 Years, Bachelor of Technology)",AI,SC,Gender-Neutral,527,612
1,Indian Institute of Technology Hyderabad,"Electrical Engineering (4 Years, Bachelor of Technology)",AI,ST,Female-only (including Supernumerary),253,253
1,Indian Institute of Technology Hyderabad,"Electrical Engineering (4 Years, Bachelor of Technology)",AI,ST,Gender-Neutral,94,164
1,Indian Institute of Technology Hyderabad,"Engineering Physics (4 Years, Bachelor of Technology)",AI,General,Female-only (including Supernumerary),6556,6695
1,Indian Institute of Technology Hyderabad,"Engineering Physics (4 Years, Bachelor of Technology)",AI,General,Gender-Neutral,1777,3306
1,Indian Institute of Technology Hyderabad,"Engineering Physics (4 Years, Bachelor of Technology)",AI,General PwD,Gender-Neutral,21,21
1,Indian Institute of Technology Hyderabad,"Engineering Physics (4 Years, Bachelor of Technology)",AI,OBC-NCL,Female-only (including Supernumerary),4341,4341
1,Indian Institute of Technology Hyderabad,"Engineering Physics (4 Years, Bachelor of Technology)",AI,OBC-NCL,Gender-Neutral,1859,2424
1,Indian Institute of Technology Hyderabad,"Engineering Physics (4 Years, Bachelor of Technology)",AI,SC,Gender-Neutral,1082,1161
1,Indian Institute of Technology Hyderabad,"Engineering Physics (4 Years, Bachelor of Technology)",AI,SC,Female-only (including Supernumerary),2363,2363
1,Indian Institute of Technology Hyderabad,"Engineering Physics (4 Years, Bachelor of Technology)",AI,ST,Gender-Neutral,375,375
1,Indian Institute of Technology Hyderabad,"Engineering Science (4 Years, Bachelor of Technology)",AI,General,Gender-Neutral,1375,3212
1,Indian Institute of Technology Hyderabad,"Engineering Science (4 Years, Bachelor of Technology)",AI,General,Female-only (including Supernumerary),2859,5065
1,Indian Institute of Technology Hyderabad,"Engineering Science (4 Years, Bachelor of Technology)",AI,OBC-NCL,Female-only (including Supernumerary),2701,2701
1,Indian Institute of Technology Hyderabad,"Engineering Science (4 Years, Bachelor of Technology)",AI,OBC-NCL,Gender-Neutral,1551,1770
1,Indian Institute of Technology Hyderabad,"Engineering Science (4 Years, Bachelor of Technology)",AI,SC,Gender-Neutral,1025,1230
1,Indian Institute of Technology Hyderabad,"Engineering Science (4 Years, Bachelor of Technology)",AI,SC,Female-only (including Supernumerary),2778,2778
1,Indian Institute of Technology Hyderabad,"Engineering Science (4 Years, Bachelor of Technology)",AI,ST,Gender-Neutral,750,764
1,Indian Institute of Technology Hyderabad,"Materials Science and Metallurgical Engineering (4 Years, Bachelor of Technology)",AI,General,Female-only (including Supernumerary),9504,9918
1,Indian Institute of Technology Hyderabad,"Materials Science and Metallurgical Engineering (4 Years, Bachelor of Technology)",AI,General,Gender-Neutral,4774,6094
1,Indian Institute of Technology Hyderabad,"Materials Science and Metallurgical Engineering (4 Years, Bachelor of Technology)",AI,OBC-NCL,Female-only (including Supernumerary),5096,5096
1,Indian Institute of Technology Hyderabad,"Materials Science and Metallurgical Engineering (4 Years, Bachelor of Technology)",AI,OBC-NCL,Gender-Neutral,2336,2752
1,Indian Institute of Technology Hyderabad,"Materials Science and Metallurgical Engineering (4 Years, Bachelor of Technology)",AI,SC,Female-only (including Supernumerary),1754,1754
1,Indian Institute of Technology Hyderabad,"Materials Science and Metallurgical Engineering (4 Years, Bachelor of Technology)",AI,SC,Gender-Neutral,1557,1599
1,Indian Institute of Technology Hyderabad,"Materials Science and Metallurgical Engineering (4 Years, Bachelor of Technology)",AI,ST,Gender-Neutral,812,816
1,Indian Institute of Technology Hyderabad,"Mathematics and Computing (4 Years, Bachelor of Technology)",AI,General,Female-only (including Supernumerary),2121,2121
1,Indian Institute of Technology Hyderabad,"Mathematics and Computing (4 Years, Bachelor of Technology)",AI,General,Gender-Neutral,854,1089
1,Indian Institute of Technology Hyderabad,"Mathematics and Computing (4 Years, Bachelor of Technology)",AI,General PwD,Gender-Neutral,31,31
1,Indian Institute of Technology Hyderabad,"Mathematics and Computing (4 Years, Bachelor of Technology)",AI,OBC-NCL,Female-only (including Supernumerary),1573,1573
1,Indian Institute of Technology Hyderabad,"Mathematics and Computing (4 Years, Bachelor of Technology)",AI,OBC-NCL,Gender-Neutral,688,736
1,Indian Institute of Technology Hyderabad,"Mathematics and Computing (4 Years, Bachelor of Technology)",AI,SC,Gender-Neutral,485,530
1,Indian Institute of Technology Hyderabad,"Mechanical Engineering (4 Years, Bachelor of Technology)",AI,General,Female-only (including Supernumerary),4253,4592
1,Indian Institute of Technology Hyderabad,"Mechanical Engineering (4 Years, Bachelor of Technology)",AI,General,Gender-Neutral,2060,2942
1,Indian Institute of Technology Hyderabad,"Mechanical Engineering (4 Years, Bachelor of Technology)",AI,OBC-NCL,Gender-Neutral,762,1192
1,Indian Institute of Technology Hyderabad,"Mechanical Engineering (4 Years, Bachelor of Technology)",AI,OBC-NCL,Female-only (including Supernumerary),2971,3326
1,Indian Institute of Technology Hyderabad,"Mechanical Engineering (4 Years, Bachelor of Technology)",AI,SC,Female-only (including Supernumerary),1031,1031
1,Indian Institute of Technology Hyderabad,"Mechanical Engineering (4 Years, Bachelor of Technology)",AI,SC,Gender-Neutral,429,691
1,Indian Institute of Technology Hyderabad,"Mechanical Engineering (4 Years, Bachelor of Technology)",AI,ST,Gender-Neutral,103,194
1,Indian Institute of Technology Hyderabad,"Mechanical Engineering (4 Years, Bachelor of Technology)",AI,ST,Female-only (including Supernumerary),324,324
1,Indian Institute of Technology Jodhpur,"Bio Technology (4 Years, Bachelor of Technology)",AI,General,Female-only (including Supernumerary),11464,12593
1,Indian Institute of Technology Jodhpur,"Bio Technology (4 Years, Bachelor of Technology)",AI,General,Gender-Neutral,7078,9617
1,Indian Institute of Technology Jodhpur,"Bio Technology (4 Years, Bachelor of Technology)",AI,OBC-NCL,Female-only (including Supernumerary),6019,6147
1,Indian Institute of Technology Jodhpur,"Bio Technology (4 Years, Bachelor of Technology)",AI,OBC-NCL,Gender-Neutral,2986,3877
1,Indian Institute of Technology Jodhpur,"Bio Technology (4 Years, Bachelor of Technology)",AI,SC,Gender-Neutral,1788,1964
1,Indian Institute of Technology Jodhpur,"Bio Technology (4 Years, Bachelor of Technology)",AI,SC,Female-only (including Supernumerary),2784,2784
1,Indian Institute of Technology Jodhpur,"Bio Technology (4 Years, Bachelor of Technology)",AI,ST,Female-only (including Supernumerary),264,264
1,Indian Institute of Technology Jodhpur,"Bio Technology (4 Years, Bachelor of Technology)",AI,ST,Gender-Neutral,28,198
1,Indian Institute of Technology Jodhpur,"Computer Science and Engineering (4 Years, Bachelor of Technology)",AI,General,Female-only (including Supernumerary),3307,5236
1,Indian Institute of Technology Jodhpur,"Computer Science and Engineering (4 Years, Bachelor of Technology)",AI,General,Gender-Neutral,2092,2808
1,Indian Institute of Technology Jodhpur,"Computer Science and Engineering (4 Years, Bachelor of Technology)",AI,General PwD,Gender-Neutral,58,58
1,Indian Institute of Technology Jodhpur,"Computer Science and Engineering (4 Years, Bachelor of Technology)",AI,OBC-NCL,Gender-Neutral,818,1193
1,Indian Institute of Technology Jodhpur,"Computer Science and Engineering (4 Years, Bachelor of Technology)",AI,OBC-NCL,Female-only (including Supernumerary),2182,2633
1,Indian Institute of Technology Jodhpur,"Computer Science and Engineering (4 Years, Bachelor of Technology)",AI,SC,Female-only (including Supernumerary),1275,1275
1,Indian Institute of Technology Jodhpur,"Computer Science and Engineering (4 Years, Bachelor of Technology)",AI,SC,Gender-Neutral,715,797
1,Indian Institute of Technology Jodhpur,"Computer Science and Engineering (4 Years, Bachelor of Technology)",AI,ST,Female-only (including Supernumerary),724,724
1,Indian Institute of Technology Jodhpur,"Computer Science and Engineering (4 Years, Bachelor of Technology)",AI,ST,Gender-Neutral,323,454
1,Indian Institute of Technology Jodhpur,"Electrical Engineering (4 Years, Bachelor of Technology)",AI,General,Female-only (including Supernumerary),6191,8165
1,Indian Institute of Technology Jodhpur,"Electrical Engineering (4 Years, Bachelor of Technology)",AI,General,Gender-Neutral,3205,5288
1,Indian Institute of Technology Jodhpur,"Electrical Engineering (4 Years, Bachelor of Technology)",AI,General PwD,Gender-Neutral,107,107
1,Indian Institute of Technology Jodhpur,"Electrical Engineering (4 Years, Bachelor of Technology)",AI,OBC-NCL,Gender-Neutral,2073,2447
1,Indian Institute of Technology Jodhpur,"Electrical Engineering (4 Years, Bachelor of Technology)",AI,OBC-NCL,Female-only (including Supernumerary),3805,4252
1,Indian Institute of Technology Jodhpur,"Electrical Engineering (4 Years, Bachelor of Technology)",AI,SC,Female-only (including Supernumerary),2104,2398
1,Indian Institute of Technology Jodhpur,"Electrical Engineering (4 Years, Bachelor of Technology)",AI,SC,Gender-Neutral,991,1364
1,Indian Institute of Technology Jodhpur,"Electrical Engineering (4 Years, Bachelor of Technology)",AI,ST,Gender-Neutral,413,471
1,Indian Institute of Technology Jodhpur,"Electrical Engineering (4 Years, Bachelor of Technology)",AI,ST,Female-only (including Supernumerary),871,871
1,Indian Institute of Technology Jodhpur,"Mechanical Engineering (4 Years, Bachelor of Technology)",AI,General,Gender-Neutral,4359,6146
1,Indian Institute of Technology Jodhpur,"Mechanical Engineering (4 Years, Bachelor of Technology)",AI,General,Female-only (including Supernumerary),8907,9809
1,Indian Institute of Technology Jodhpur,"Mechanical Engineering (4 Years, Bachelor of Technology)",AI,OBC-NCL,Female-only (including Supernumerary),4348,5404
1,Indian Institute of Technology Jodhpur,"Mechanical Engineering (4 Years, Bachelor of Technology)",AI,OBC-NCL,Gender-Neutral,1879,2635
1,Indian Institute of Technology Jodhpur,"Mechanical Engineering (4 Years, Bachelor of Technology)",AI,SC,Gender-Neutral,1124,1422
1,Indian Institute of Technology Jodhpur,"Mechanical Engineering (4 Years, Bachelor of Technology)",AI,SC,Female-only (including Supernumerary),2543,2543
1,Indian Institute of Technology Jodhpur,"Mechanical Engineering (4 Years, Bachelor of Technology)",AI,ST,Gender-Neutral,445,552
1,Indian Institute of Technology Jodhpur,"Mechanical Engineering (4 Years, Bachelor of Technology)",AI,ST,Female-only (including Supernumerary),146,146
1,Indian Institute of Technology Kanpur,"Aerospace Engineering (4 Years, Bachelor of Technology)",AI,General,Gender-Neutral,1800,2944
1,Indian Institute of Technology Kanpur,"Aerospace Engineering (4 Years, Bachelor of Technology)",AI,General,Female-only (including Supernumerary),4371,5373
1,Indian Institute of Technology Kanpur,"Aerospace Engineering (4 Years, Bachelor of Technology)",AI,General PwD,Gender-Neutral,103,103
1,Indian Institute of Technology Kanpur,"Aerospace Engineering (4 Years, Bachelor of Technology)",AI,OBC-NCL,Gender-Neutral,1070,1430
1,Indian Institute of Technology Kanpur,"Aerospace Engineering (4 Years, Bachelor of Technology)",AI,OBC-NCL,Female-only (including Supernumerary),2685,2784
1,Indian Institute of Technology Kanpur,"Aerospace Engineering (4 Years, Bachelor of Technology)",AI,SC,Gender-Neutral,545,805
1,Indian Institute of Technology Kanpur,"Aerospace Engineering (4 Years, Bachelor of Technology)",AI,SC,Female-only (including Supernumerary),596,596
1,Indian Institute of Technology Kanpur,"Aerospace Engineering (4 Years, Bachelor of Technology)",AI,ST,Gender-Neutral,258,290
1,Indian Institute of Technology Kanpur,"Aerospace Engineering (4 Years, Bachelor of Technology)",AI,ST,Female-only (including Supernumerary),917,917
1,Indian Institute of Technology Kanpur,"Biological Sciences and Bioengineering (4 Years, Bachelor of Technology)",AI,General,Female-only (including Supernumerary),5773,8136
1,Indian Institute of Technology Kanpur,"Biological Sciences and Bioengineering (4 Years, Bachelor of Technology)",AI,General,Gender-Neutral,3633,4995
1,Indian Institute of Technology Kanpur,"Biological Sciences and Bioengineering (4 Years, Bachelor of Technology)",AI,OBC-NCL,Female-only (including Supernumerary),5576,6076
1,Indian Institute of Technology Kanpur,"Biological Sciences and Bioengineering (4 Years, Bachelor of Technology)",AI,OBC-NCL,Gender-Neutral,2474,3119
1,Indian Institute of Technology Kanpur,"Biological Sciences and Bioengineering (4 Years, Bachelor of Technology)",AI,SC,Female-only (including Supernumerary),2588,2588
1,Indian Institute of Technology Kanpur,"Biological Sciences and Bioengineering (4 Years, Bachelor of Technology)",AI,SC,Gender-Neutral,1379,1656
1,Indian Institute of Technology Kanpur,"Biological Sciences and Bioengineering (4 Years, Bachelor of Technology)",AI,ST,Gender-Neutral,130,160
1,Indian Institute of Technology Kanpur,"Chemical Engineering (4 Years, Bachelor of Technology)",AI,General,Female-only (including Supernumerary),3915,5403
1,Indian Institute of Technology Kanpur,"Chemical Engineering (4 Years, Bachelor of Technology)",AI,General,Gender-Neutral,1833,2870
1,Indian Institute of Technology Kanpur,"Chemical Engineering (4 Years, Bachelor of Technology)",AI,OBC-NCL,Female-only (including Supernumerary),2813,3050
1,Indian Institute of Technology Kanpur,"Chemical Engineering (4 Years, Bachelor of Technology)",AI,OBC-NCL,Gender-Neutral,863,1373
1,Indian Institute of Technology Kanpur,"Chemical Engineering (4 Years, Bachelor of Technology)",AI,SC,Gender-Neutral,542,852
1,Indian Institute of Technology Kanpur,"Chemical Engineering (4 Years, Bachelor of Technology)",AI,SC,Female-only (including Supernumerary),633,1369
1,Indian Institute of Technology Kanpur,"Chemical Engineering (4 Years, Bachelor of Technology)",AI,ST,Female-only (including Supernumerary),849,849
1,Indian Institute of Technology Kanpur,"Chemical Engineering (4 Years, Bachelor of Technology)",AI,ST,Gender-Neutral,473,541
1,Indian Institute of Technology Kanpur,"Chemistry (4 Years, Bachelor of Science)",AI,General,Gender-Neutral,5155,6238
1,Indian Institute of Technology Kanpur,"Chemistry (4 Years, Bachelor of Science)",AI,General,Female-only (including Supernumerary),8304,9871
1,Indian Institute of Technology Kanpur,"Chemistry (4 Years, Bachelor of Science)",AI,OBC-NCL,Female-only (including Supernumerary),6702,6738
1,Indian Institute of Technology Kanpur,"Chemistry (4 Years, Bachelor of Science)",AI,OBC-NCL,Gender-Neutral,2694,3479
1,Indian Institute of Technology Kanpur,"Chemistry (4 Years, Bachelor of Science)",AI,SC,Female-only (including Supernumerary),1667,1667
1,Indian Institute of Technology Kanpur,"Chemistry (4 Years, Bachelor of Science)",AI,SC,Gender-Neutral,887,1866
1,Indian Institute of Technology Kanpur,"Chemistry (4 Years, Bachelor of Science)",AI,ST,Gender-Neutral,141,866
1,Indian Institute of Technology Kanpur,"Civil Engineering (4 Years, Bachelor of Technology)",AI,General,Female-only (including Supernumerary),6359,6887
1,Indian Institute of Technology Kanpur,"Civil Engineering (4 Years, Bachelor of Technology)",AI,General,Gender-Neutral,2229,3494
1,Indian Institute of Technology Kanpur,"Civil Engineering (4 Years, Bachelor of Technology)",AI,General PwD,Gender-Neutral,27,106
1,Indian Institute of Technology Kanpur,"Civil Engineering (4 Years, Bachelor of Technology)",AI,OBC-NCL,Female-only (including Supernumerary),2908,3172
1,Indian Institute of Technology Kanpur,"Civil Engineering (4 Years, Bachelor of Technology)",AI,OBC-NCL,Gender-Neutral,730,1515
1,Indian Institute of Technology Kanpur,"Civil Engineering (4 Years, Bachelor of Technology)",AI,SC,Gender-Neutral,423,663
1,Indian Institute of Technology Kanpur,"Civil Engineering (4 Years, Bachelor of Technology)",AI,SC,Female-only (including Supernumerary),1199,1360
1,Indian Institute of Technology Kanpur,"Civil Engineering (4 Years, Bachelor of Technology)",AI,ST,Gender-Neutral,173,208
1,Indian Institute of Technology Kanpur,"Civil Engineering (4 Years, Bachelor of Technology)",AI,ST,Female-only (including Supernumerary),325,450
1,Indian Institute of Technology Kanpur,"Computer Science and Engineering (4 Years, Bachelor of Technology)",AI,General,Female-only (including Supernumerary),427,576
1,Indian Institute of Technology Kanpur,"Computer Science and Engineering (4 Years, Bachelor of Technology)",AI,General,Gender-Neutral,103,213
1,Indian Institute of Technology Kanpur,"Computer Science and Engineering (4 Years, Bachelor of Technology)",AI,General PwD,Gender-Neutral,6,7
1,Indian Institute of Technology Kanpur,"Computer Science and Engineering (4 Years, Bachelor of Technology)",AI,General PwD,Female-only (including Supernumerary),5,5
1,Indian Institute of Technology Kanpur,"Computer Science and Engineering (4 Years, Bachelor of Technology)",AI,OBC-NCL,Gender-Neutral,62,132
1,Indian Institute of Technology Kanpur,"Computer Science and Engineering (4 Years, Bachelor of Technology)",AI,OBC-NCL,Female-only (including Supernumerary),208,287
1,Indian Institute of Technology Kanpur,"Computer Science and Engineering (4 Years, Bachelor of Technology)",AI,OBC-NCL(PwD),Gender-Neutral,5,5
1,Indian Institute of Technology Kanpur,"Computer Science and Engineering (4 Years, Bachelor of Technology)",AI,SC,Female-only (including Supernumerary),85,188
1,Indian Institute of Technology Kanpur,"Computer Science and Engineering (4 Years, Bachelor of Technology)",AI,SC,Gender-Neutral,33,74
1,Indian Institute of Technology Kanpur,"Computer Science and Engineering (4 Years, Bachelor of Technology)",AI,SC PwD,Gender-Neutral,4,4
1,Indian Institute of Technology Kanpur,"Computer Science and Engineering (4 Years, Bachelor of Technology)",AI,ST,Gender-Neutral,27,49
1,Indian Institute of Technology Kanpur,"Computer Science and Engineering (4 Years, Bachelor of Technology)",AI,ST,Female-only (including Supernumerary),199,199
1,Indian Institute of Technology Kanpur,"Earth Sciences (4 Years, Bachelor of Science)",AI,General,Gender-Neutral,4982,6711
1,Indian Institute of Technology Kanpur,"Earth Sciences (4 Years, Bachelor of Science)",AI,General,Female-only (including Supernumerary),8682,11118
1,Indian Institute of Technology Kanpur,"Earth Sciences (4 Years, Bachelor of Science)",AI,OBC-NCL,Gender-Neutral,2370,3578
1,Indian Institute of Technology Kanpur,"Earth Sciences (4 Years, Bachelor of Science)",AI,OBC-NCL,Female-only (including Supernumerary),6317,6317
1,Indian Institute of Technology Kanpur,"Earth Sciences (4 Years, Bachelor of Science)",AI,SC,Female-only (including Supernumerary),2752,2752
1,Indian Institute of Technology Kanpur,"Earth Sciences (4 Years, Bachelor of Science)",AI,SC,Gender-Neutral,1050,2004
1,Indian Institute of Technology Kanpur,"Earth Sciences (4 Years, Bachelor of Science)",AI,ST,Gender-Neutral,204,268
1,Indian Institute of Technology Kanpur,"Economics (4 Years, Bachelor of Science)",AI,General,Female-only (including Supernumerary),4445,5115
1,Indian Institute of Technology Kanpur,"Economics (4 Years, Bachelor of Science)",AI,General,Gender-Neutral,1585,2670
1,Indian Institute of Technology Kanpur,"Economics (4 Years, Bachelor of Science)",AI,OBC-NCL,Female-only (including Supernumerary),2509,3261
1,Indian Institute of Technology Kanpur,"Economics (4 Years, Bachelor of Science)",AI,OBC-NCL,Gender-Neutral,1117,1522
1,Indian Institute of Technology Kanpur,"Economics (4 Years, Bachelor of Science)",AI,SC,Female-only (including Supernumerary),2007,2007
1,Indian Institute of Technology Kanpur,"Economics (4 Years, Bachelor of Science)",AI,SC,Gender-Neutral,644,1067
1,Indian Institute of Technology Kanpur,"Economics (4 Years, Bachelor of Science)",AI,ST,Gender-Neutral,21,801
1,Indian Institute of Technology Kanpur,"Electrical Engineering (4 Years, Bachelor of Technology)",AI,General,Gender-Neutral,324,795
1,Indian Institute of Technology Kanpur,"Electrical Engineering (4 Years, Bachelor of Technology)",AI,General,Female-only (including Supernumerary),1299,2001
1,Indian Institute of Technology Kanpur,"Electrical Engineering (4 Years, Bachelor of Technology)",AI,General PwD,Gender-Neutral,59,73
1,Indian Institute of Technology Kanpur,"Electrical Engineering (4 Years, Bachelor of Technology)",AI,OBC-NCL,Gender-Neutral,182,481
1,Indian Institute of Technology Kanpur,"Electrical Engineering (4 Years, Bachelor of Technology)",AI,OBC-NCL,Female-only (including Supernumerary),471,1113
1,Indian Institute of Technology Kanpur,"Electrical Engineering (4 Years, Bachelor of Technology)",AI,OBC-NCL(PwD),Gender-Neutral,26,26
1,Indian Institute of Technology Kanpur,"Electrical Engineering (4 Years, Bachelor of Technology)",AI,SC,Female-only (including Supernumerary),403,606
1,Indian Institute of Technology Kanpur,"Electrical Engineering (4 Years, Bachelor of Technology)",AI,SC,Gender-Neutral,116,216
1,Indian Institute of Technology Kanpur,"Electrical Engineering (4 Years, Bachelor of Technology)",AI,ST,Gender-Neutral,72,141
1,Indian Institute of Technology Kanpur,"Electrical Engineering (4 Years, Bachelor of Technology)",AI,ST,Female-only (including Supernumerary),268,268
1,Indian Institute of Technology Kanpur,"Materials Science and Engineering (4 Years, Bachelor of Technology)",AI,General,Female-only (including Supernumerary),6205,7724
1,Indian Institute of Technology Kanpur,"Materials Science and Engineering (4 Years, Bachelor of Technology)",AI,General,Gender-Neutral,3230,4304
1,Indian Institute of Technology Kanpur,"Materials Science and Engineering (4 Years, Bachelor of Technology)",AI,OBC-NCL,Female-only (including Supernumerary),4718,5873
1,Indian Institute of Technology Kanpur,"Materials Science and Engineering (4 Years, Bachelor of Technology)",AI,OBC-NCL,Gender-Neutral,1624,2243
1,Indian Institute of Technology Kanpur,"Materials Science and Engineering (4 Years, Bachelor of Technology)",AI,SC,Female-only (including Supernumerary),2176,2176
1,Indian Institute of Technology Kanpur,"Materials Science and Engineering (4 Years, Bachelor of Technology)",AI,SC,Gender-Neutral,1006,1465
1,Indian Institute of Technology Kanpur,"Materials Science and Engineering (4 Years, Bachelor of Technology)",AI,ST,Female-only (including Supernumerary),416,416
1,Indian Institute of Technology Kanpur,"Materials Science and Engineering (4 Years, Bachelor of Technology)",AI,ST,Gender-Neutral,740,814
1,Indian Institute of Technology Kanpur,"Mathematics and Scientific Computing (4 Years, Bachelor of Science)",AI,General,Female-only (including Supernumerary),1420,1956
1,Indian Institute of Technology Kanpur,"Mathematics and Scientific Computing (4 Years, Bachelor of Science)",AI,General,Gender-Neutral,358,869
1,Indian Institute of Technology Kanpur,"Mathematics and Scientific Computing (4 Years, Bachelor of Science)",AI,General PwD,Gender-Neutral,25,25
1,Indian Institute of Technology Kanpur,"Mathematics and Scientific Computing (4 Years, Bachelor of Science)",AI,OBC-NCL,Female-only (including Supernumerary),819,1306
1,Indian Institute of Technology Kanpur,"Mathematics and Scientific Computing (4 Years, Bachelor of Science)",AI,OBC-NCL,Gender-Neutral,251,505
1,Indian Institute of Technology Kanpur,"Mathematics and Scientific Computing (4 Years, Bachelor of Science)",AI,SC,Gender-Neutral,245,567
1,Indian Institute of Technology Kanpur,"Mathematics and Scientific Computing (4 Years, Bachelor of Science)",AI,SC,Female-only (including Supernumerary),426,426
1,Indian Institute of Technology Kanpur,"Mathematics and Scientific Computing (4 Years, Bachelor of Science)",AI,ST,Gender-Neutral,481,572
1,Indian Institute of Technology Kanpur,"Mathematics and Scientific Computing (4 Years, Bachelor of Science)",AI,ST,Female-only (including Supernumerary),542,542
1,Indian Institute of Technology Kanpur,"Mechanical Engineering (4 Years, Bachelor of Technology)",AI,General,Gender-Neutral,909,1541
1,Indian Institute of Technology Kanpur,"Mechanical Engineering (4 Years, Bachelor of Technology)",AI,General,Female-only (including Supernumerary),2546,3768
1,Indian Institute of Technology Kanpur,"Mechanical Engineering (4 Years, Bachelor of Technology)",AI,General PwD,Gender-Neutral,70,96
1,Indian Institute of Technology Kanpur,"Mechanical Engineering (4 Years, Bachelor of Technology)",AI,OBC-NCL,Female-only (including Supernumerary),1887,2256
1,Indian Institute of Technology Kanpur,"Mechanical Engineering (4 Years, Bachelor of Technology)",AI,OBC-NCL,Gender-Neutral,551,696
1,Indian Institute of Technology Kanpur,"Mechanical Engineering (4 Years, Bachelor of Technology)",AI,SC,Female-only (including Supernumerary),543,1042
1,Indian Institute of Technology Kanpur,"Mechanical Engineering (4 Years, Bachelor of Technology)",AI,SC,Gender-Neutral,262,391
1,Indian Institute of Technology Kanpur,"Mechanical Engineering (4 Years, Bachelor of Technology)",AI,ST,Gender-Neutral,107,191
1,Indian Institute of Technology Kanpur,"Mechanical Engineering (4 Years, Bachelor of Technology)",AI,ST,Female-only (including Supernumerary),417,467
1,Indian Institute of Technology Kanpur,"Physics (4 Years, Bachelor of Science)",AI,General,Gender-Neutral,1290,3041
1,Indian Institute of Technology Kanpur,"Physics (4 Years, Bachelor of Science)",AI,General,Female-only (including Supernumerary),3141,7097
1,Indian Institute of Technology Kanpur,"Physics (4 Years, Bachelor of Science)",AI,OBC-NCL,Gender-Neutral,1284,2629
1,Indian Institute of Technology Kanpur,"Physics (4 Years, Bachelor of Science)",AI,OBC-NCL,Female-only (including Supernumerary),2617,2617
1,Indian Institute of Technology Kanpur,"Physics (4 Years, Bachelor of Science)",AI,SC,Gender-Neutral,872,1522
1,Indian Institute of Technology Kanpur,"Physics (4 Years, Bachelor of Science)",AI,SC,Female-only (including Supernumerary),2144,2144
1,Indian Institute of Technology Kanpur,"Physics (4 Years, Bachelor of Science)",AI,ST,Gender-Neutral,885,893
1,Indian Institute of Technology Madras,"Aerospace Engineering (4 Years, Bachelor of Technology)",AI,General,Gender-Neutral,1270,2493
1,Indian Institute of Technology Madras,"Aerospace Engineering (4 Years, Bachelor of Technology)",AI,General,Female-only (including Supernumerary),3335,4847
1,Indian Institute of Technology Madras,"Aerospace Engineering (4 Years, Bachelor of Technology)",AI,General PwD,Gender-Neutral,48,48
1,Indian Institute of Technology Madras,"Aerospace Engineering (4 Years, Bachelor of Technology)",AI,OBC-NCL,Gender-Neutral,875,1218
1,Indian Institute of Technology Madras,"Aerospace Engineering (4 Years, Bachelor of Technology)",AI,OBC-NCL,Female-only (including Supernumerary),1936,2124
1,Indian Institute of Technology Madras,"Aerospace Engineering (4 Years, Bachelor of Technology)",AI,SC,Female-only (including Supernumerary),546,688
1,Indian Institute of Technology Madras,"Aerospace Engineering (4 Years, Bachelor of Technology)",AI,SC,Gender-Neutral,292,749
1,Indian Institute of Technology Madras,"Aerospace Engineering (4 Years, Bachelor of Technology)",AI,ST,Gender-Neutral,377,387
1,Indian Institute of Technology Madras,"Aerospace Engineering (5 Years, Bachelor and Master of Technology (Dual Degree))",AI,General,Gender-Neutral,2628,3067
1,Indian Institute of Technology Madras,"Aerospace Engineering (5 Years, Bachelor and Master of Technology (Dual Degree))",AI,General,Female-only (including Supernumerary),5938,5938
1,Indian Institute of Technology Madras,"Aerospace Engineering (5 Years, Bachelor and Master of Technology (Dual Degree))",AI,OBC-NCL,Gender-Neutral,1258,1420
1,Indian Institute of Technology Madras,"Aerospace Engineering (5 Years, Bachelor and Master of Technology (Dual Degree))",AI,SC,Gender-Neutral,504,910
1,Indian Institute of Technology Madras,"Aerospace Engineering (5 Years, Bachelor and Master of Technology (Dual Degree))",AI,SC,Female-only (including Supernumerary),1113,1300
1,Indian Institute of Technology Madras,"Aerospace Engineering (5 Years, Bachelor and Master of Technology (Dual Degree))",AI,ST,Gender-Neutral,252,252
1,Indian Institute of Technology Madras,"Biological Engineering (5 Years, Bachelor and Master of Technology (Dual Degree))",AI,General,Gender-Neutral,4438,6156
1,Indian Institute of Technology Madras,"Biological Engineering (5 Years, Bachelor and Master of Technology (Dual Degree))",AI,General,Female-only (including Supernumerary),2354,8566
1,Indian Institute of Technology Madras,"Biological Engineering (5 Years, Bachelor and Master of Technology (Dual Degree))",AI,OBC-NCL,Female-only (including Supernumerary),5572,5614
1,Indian Institute of Technology Madras,"Biological Engineering (5 Years, Bachelor and Master of Technology (Dual Degree))",AI,OBC-NCL,Gender-Neutral,2622,3488
1,Indian Institute of Technology Madras,"Biological Engineering (5 Years, Bachelor and Master of Technology (Dual Degree))",AI,SC,Gender-Neutral,1348,1760
1,Indian Institute of Technology Madras,"Biological Engineering (5 Years, Bachelor and Master of Technology (Dual Degree))",AI,SC,Female-only (including Supernumerary),1992,1992
1,Indian Institute of Technology Madras,"Biological Engineering (5 Years, Bachelor and Master of Technology (Dual Degree))",AI,ST,Gender-Neutral,869,869
1,Indian Institute of Technology Madras,"Biological Sciences (5 Years, Bachelor of Science and Master of Science (Dual Degree))",AI,General,Female-only (including Supernumerary),9540,11957
1,Indian Institute of Technology Madras,"Biological Sciences (5 Years, Bachelor of Science and Master of Science (Dual Degree))",AI,General,Gender-Neutral,1007,8555
1,Indian Institute of Technology Madras,"Biological Sciences (5 Years, Bachelor of Science and Master of Science (Dual Degree))",AI,OBC-NCL,Gender-Neutral,3065,3984
1,Indian Institute of Technology Madras,"Biological Sciences (5 Years, Bachelor of Science and Master of Science (Dual Degree))",AI,OBC-NCL,Female-only (including Supernumerary),5532,5878
1,Indian Institute of Technology Madras,"Biological Sciences (5 Years, Bachelor of Science and Master of Science (Dual Degree))",AI,SC,Female-only (including Supernumerary),2720,2720
1,Indian Institute of Technology Madras,"Biological Sciences (5 Years, Bachelor of Science and Master of Science (Dual Degree))",AI,SC,Gender-Neutral,1845,2130
1,Indian Institute of Technology Madras,"Biological Sciences (5 Years, Bachelor of Science and Master of Science (Dual Degree))",AI,ST,Gender-Neutral,309,309
1,Indian Institute of Technology Madras,"Chemical Engineering (4 Years, Bachelor of Technology)",AI,General,Gender-Neutral,1582,2495
1,Indian Institute of Technology Madras,"Chemical Engineering (4 Years, Bachelor of Technology)",AI,General,Female-only (including Supernumerary),3297,4928
1,Indian Institute of Technology Madras,"Chemical Engineering (4 Years, Bachelor of Technology)",AI,OBC-NCL,Female-only (including Supernumerary),2075,2779
1,Indian Institute of Technology Madras,"Chemical Engineering (4 Years, Bachelor of Technology)",AI,OBC-NCL,Gender-Neutral,949,1324
1,Indian Institute of Technology Madras,"Chemical Engineering (4 Years, Bachelor of Technology)",AI,SC,Gender-Neutral,411,811
1,Indian Institute of Technology Madras,"Chemical Engineering (4 Years, Bachelor of Technology)",AI,SC,Female-only (including Supernumerary),631,635
1,Indian Institute of Technology Madras,"Chemical Engineering (4 Years, Bachelor of Technology)",AI,ST,Gender-Neutral,367,609
1,Indian Institute of Technology Madras,"Chemical Engineering (4 Years, Bachelor of Technology)",AI,ST,Female-only (including Supernumerary),236,236
1,Indian Institute of Technology Madras,"Chemical Engineering (5 Years, Bachelor and Master of Technology (Dual Degree))",AI,General,Female-only (including Supernumerary),6090,6090
1,Indian Institute of Technology Madras,"Chemical Engineering (5 Years, Bachelor and Master of Technology (Dual Degree))",AI,General,Gender-Neutral,2341,3156
1,Indian Institute of Technology Madras,"Chemical Engineering (5 Years, Bachelor and Master of Technology (Dual Degree))",AI,OBC-NCL,Gender-Neutral,1162,1642
1,Indian Institute of Technology Madras,"Chemical Engineering (5 Years, Bachelor and Master of Technology (Dual Degree))",AI,SC,Female-only (including Supernumerary),1585,1585
1,Indian Institute of Technology Madras,"Chemical Engineering (5 Years, Bachelor and Master of Technology (Dual Degree))",AI,SC,Gender-Neutral,867,950
1,Indian Institute of Technology Madras,"Chemical Engineering (5 Years, Bachelor and Master of Technology (Dual Degree))",AI,ST,Female-only (including Supernumerary),194,194
1,Indian Institute of Technology Madras,"Chemical Engineering (5 Years, Bachelor and Master of Technology (Dual Degree))",AI,ST,Gender-Neutral,655,738
1,Indian Institute of Technology Madras,"Civil Engineering (4 Years, Bachelor of Technology)",AI,General,Female-only (including Supernumerary),6109,6867
1,Indian Institute of Technology Madras,"Civil Engineering (4 Years, Bachelor of Technology)",AI,General,Gender-Neutral,2525,3556
1,Indian Institute of Technology Madras,"Civil Engineering (4 Years, Bachelor of Technology)",AI,General PwD,Female-only (including Supernumerary),104,104
1,Indian Institute of Technology Madras,"Civil Engineering (4 Years, Bachelor of Technology)",AI,General PwD,Gender-Neutral,34,111
1,Indian Institute of Technology Madras,"Civil Engineering (4 Years, Bachelor of Technology)",AI,OBC-NCL,Female-only (including Supernumerary),2507,2582
1,Indian Institute of Technology Madras,"Civil Engineering (4 Years, Bachelor of Technology)",AI,OBC-NCL,Gender-Neutral,664,1377
1,Indian Institute of Technology Madras,"Civil Engineering (4 Years, Bachelor of Technology)",AI,OBC-NCL(PwD),Gender-Neutral,22,22
1,Indian Institute of Technology Madras,"Civil Engineering (4 Years, Bachelor of Technology)",AI,SC,Female-only (including Supernumerary),585,585
1,Indian Institute of Technology Madras,"Civil Engineering (4 Years, Bachelor of Technology)",AI,SC,Gender-Neutral,348,568
1,Indian Institute of Technology Madras,"Civil Engineering (4 Years, Bachelor of Technology)",AI,ST,Gender-Neutral,143,182
1,Indian Institute of Technology Madras,"Civil Engineering (5 Years, Bachelor and Master of Technology (Dual Degree))",AI,General,Female-only (including Supernumerary),7686,8368
1,Indian Institute of Technology Madras,"Civil Engineering (5 Years, Bachelor and Master of Technology (Dual Degree))",AI,General,Gender-Neutral,2091,4419
1,Indian Institute of Technology Madras,"Civil Engineering (5 Years, Bachelor and Master of Technology (Dual Degree))",AI,OBC-NCL,Gender-Neutral,1415,1706
1,Indian Institute of Technology Madras,"Civil Engineering (5 Years, Bachelor and Master of Technology (Dual Degree))",AI,OBC-NCL,Female-only (including Supernumerary),2889,3343
1,Indian Institute of Technology Madras,"Civil Engineering (5 Years, Bachelor and Master of Technology (Dual Degree))",AI,SC,Female-only (including Supernumerary),1682,1682
1,Indian Institute of Technology Madras,"Civil Engineering (5 Years, Bachelor and Master of Technology (Dual Degree))",AI,SC,Gender-Neutral,693,860
1,Indian Institute of Technology Madras,"Civil Engineering (5 Years, Bachelor and Master of Technology (Dual Degree))",AI,ST,Female-only (including Supernumerary),207,207
1,Indian Institute of Technology Madras,"Civil Engineering (5 Years, Bachelor and Master of Technology (Dual Degree))",AI,ST,Gender-Neutral,289,294
1,Indian Institute of Technology Madras,"Computer Science and Engineering (4 Years, Bachelor of Technology)",AI,General,Female-only (including Supernumerary),209,417
1,Indian Institute of Technology Madras,"Computer Science and Engineering (4 Years, Bachelor of Technology)",AI,General,Gender-Neutral,51,200
1,Indian Institute of Technology Madras,"Computer Science and Engineering (4 Years, Bachelor of Technology)",AI,General PwD,Gender-Neutral,4,4
1,Indian Institute of Technology Madras,"Computer Science and Engineering (4 Years, Bachelor of Technology)",AI,OBC-NCL,Female-only (including Supernumerary),144,149
1,Indian Institute of Technology Madras,"Computer Science and Engineering (4 Years, Bachelor of Technology)",AI,OBC-NCL,Gender-Neutral,49,89
1,Indian Institute of Technology Madras,"Computer Science and Engineering (4 Years, Bachelor of Technology)",AI,OBC-NCL(PwD),Gender-Neutral,2,3
1,Indian Institute of Technology Madras,"Computer Science and Engineering (4 Years, Bachelor of Technology)",AI,SC,Gender-Neutral,22,63
1,Indian Institute of Technology Madras,"Computer Science and Engineering (4 Years, Bachelor of Technology)",AI,SC,Female-only (including Supernumerary),244,244
1,Indian Institute of Technology Madras,"Computer Science and Engineering (4 Years, Bachelor of Technology)",AI,ST,Gender-Neutral,13,37
1,Indian Institute of Technology Madras,"Computer Science and Engineering (4 Years, Bachelor of Technology)",AI,ST,Female-only (including Supernumerary),54,54
1,Indian Institute of Technology Madras,"Electrical Engineering (4 Years, Bachelor of Technology)",AI,General,Gender-Neutral,216,560
1,Indian Institute of Technology Madras,"Electrical Engineering (4 Years, Bachelor of Technology)",AI,General,Female-only (including Supernumerary),449,1143
1,Indian Institute of Technology Madras,"Electrical Engineering (4 Years, Bachelor of Technology)",AI,General PwD,Gender-Neutral,22,29
1,Indian Institute of Technology Madras,"Electrical Engineering (4 Years, Bachelor of Technology)",AI,General PwD,Female-only (including Supernumerary),79,79
1,Indian Institute of Technology Madras,"Electrical Engineering (4 Years, Bachelor of Technology)",AI,OBC-NCL,Gender-Neutral,67,262
1,Indian Institute of Technology Madras,"Electrical Engineering (4 Years, Bachelor of Technology)",AI,OBC-NCL,Female-only (including Supernumerary),178,201
1,Indian Institute of Technology Madras,"Electrical Engineering (4 Years, Bachelor of Technology)",AI,OBC-NCL(PwD),Gender-Neutral,12,12
1,Indian Institute of Technology Madras,"Electrical Engineering (4 Years, Bachelor of Technology)",AI,SC,Female-only (including Supernumerary),232,269
1,Indian Institute of Technology Madras,"Electrical Engineering (4 Years, Bachelor of Technology)",AI,SC,Gender-Neutral,89,152
1,Indian Institute of Technology Madras,"Electrical Engineering (4 Years, Bachelor of Technology)",AI,ST,Gender-Neutral,57,86
1,Indian Institute of Technology Madras,"Electrical Engineering (5 Years, Bachelor and Master of Technology (Dual Degree))",AI,General,Gender-Neutral,568,969
1,Indian Institute of Technology Madras,"Electrical Engineering (5 Years, Bachelor and Master of Technology (Dual Degree))",AI,General,Female-only (including Supernumerary),1206,1759
1,Indian Institute of Technology Madras,"Electrical Engineering (5 Years, Bachelor and Master of Technology (Dual Degree))",AI,General PwD,Gender-Neutral,34,34
1,Indian Institute of Technology Madras,"Electrical Engineering (5 Years, Bachelor and Master of Technology (Dual Degree))",AI,OBC-NCL,Gender-Neutral,286,494
1,Indian Institute of Technology Madras,"Electrical Engineering (5 Years, Bachelor and Master of Technology (Dual Degree))",AI,OBC-NCL,Female-only (including Supernumerary),383,752
1,Indian Institute of Technology Madras,"Electrical Engineering (5 Years, Bachelor and Master of Technology (Dual Degree))",AI,SC,Female-only (including Supernumerary),336,336
1,Indian Institute of Technology Madras,"Electrical Engineering (5 Years, Bachelor and Master of Technology (Dual Degree))",AI,SC,Gender-Neutral,290,450
1,Indian Institute of Technology Madras,"Electrical Engineering (5 Years, Bachelor and Master of Technology (Dual Degree))",AI,ST,Gender-Neutral,197,282
1,Indian Institute of Technology Madras,"Electrical Engineering (5 Years, Bachelor and Master of Technology (Dual Degree))",AI,ST,Female-only (including Supernumerary),300,300
1,Indian Institute of Technology Madras,"Engineering Design (5 Years, Bachelor and Master of Technology (Dual Degree))",AI,General,Gender-Neutral,1689,3627
1,Indian Institute of Technology Madras,"Engineering Design (5 Years, Bachelor and Master of Technology (Dual Degree))",AI,General,Female-only (including Supernumerary),3255,6037
1,Indian Institute of Technology Madras,"Engineering Design (5 Years, Bachelor and Master of Technology (Dual Degree))",AI,General PwD,Gender-Neutral,95,95
1,Indian Institute of Technology Madras,"Engineering Design (5 Years, Bachelor and Master of Technology (Dual Degree))",AI,OBC-NCL,Female-only (including Supernumerary),1412,3177
1,Indian Institute of Technology Madras,"Engineering Design (5 Years, Bachelor and Master of Technology (Dual Degree))",AI,OBC-NCL,Gender-Neutral,609,1713
1,Indian Institute of Technology Madras,"Engineering Design (5 Years, Bachelor and Master of Technology (Dual Degree))",AI,SC,Female-only (including Supernumerary),2467,2467
1,Indian Institute of Technology Madras,"Engineering Design (5 Years, Bachelor and Master of Technology (Dual Degree))",AI,SC,Gender-Neutral,641,1167
1,Indian Institute of Technology Madras,"Engineering Design (5 Years, Bachelor and Master of Technology (Dual Degree))",AI,ST,Gender-Neutral,408,785
1,Indian Institute of Technology Madras,"Engineering Design (5 Years, Bachelor and Master of Technology (Dual Degree))",AI,ST,Female-only (including Supernumerary),299,299
1,Indian Institute of Technology Madras,"Engineering Physics (4 Years, Bachelor of Technology)",AI,General,Gender-Neutral,890,1609
1,Indian Institute of Technology Madras,"Engineering Physics (4 Years, Bachelor of Technology)",AI,General,Female-only (including Supernumerary),2007,4076
1,Indian Institute of Technology Madras,"Engineering Physics (4 Years, Bachelor of Technology)",AI,OBC-NCL,Gender-Neutral,516,785
1,Indian Institute of Technology Madras,"Engineering Physics (4 Years, Bachelor of Technology)",AI,OBC-NCL,Female-only (including Supernumerary),1618,1618
1,Indian Institute of Technology Madras,"Engineering Physics (4 Years, Bachelor of Technology)",AI,SC,Gender-Neutral,355,792
1,Indian Institute of Technology Madras,"Engineering Physics (4 Years, Bachelor of Technology)",AI,ST,Female-only (including Supernumerary),838,838
1,Indian Institute of Technology Madras,"Engineering Physics (4 Years, Bachelor of Technology)",AI,ST,Gender-Neutral,553,688
1,Indian Institute of Technology Madras,"Mechanical Engineering (4 Years, Bachelor of Technology)",AI,General,Female-only (including Supernumerary),1728,2819
1,Indian Institute of Technology Madras,"Mechanical Engineering (4 Years, Bachelor of Technology)",AI,General,Gender-Neutral,689,1304
1,Indian Institute of Technology Madras,"Mechanical Engineering (4 Years, Bachelor of Technology)",AI,General PwD,Gender-Neutral,54,101
1,Indian Institute of Technology Madras,"Mechanical Engineering (4 Years, Bachelor of Technology)",AI,General PwD,Female-only (including Supernumerary),62,62
1,Indian Institute of Technology Madras,"Mechanical Engineering (4 Years, Bachelor of Technology)",AI,OBC-NCL,Female-only (including Supernumerary),890,1176
1,Indian Institute of Technology Madras,"Mechanical Engineering (4 Years, Bachelor of Technology)",AI,OBC-NCL,Gender-Neutral,269,569
1,Indian Institute of Technology Madras,"Mechanical Engineering (4 Years, Bachelor of Technology)",AI,SC,Gender-Neutral,98,294
1,Indian Institute of Technology Madras,"Mechanical Engineering (4 Years, Bachelor of Technology)",AI,SC,Female-only (including Supernumerary),505,583
1,Indian Institute of Technology Madras,"Mechanical Engineering (4 Years, Bachelor of Technology)",AI,ST,Gender-Neutral,51,95
1,Indian Institute of Technology Madras,"Mechanical Engineering (5 Years, Bachelor and Master of Technology (Dual Degree))",AI,General,Gender-Neutral,1397,1948
1,Indian Institute of Technology Madras,"Mechanical Engineering (5 Years, Bachelor and Master of Technology (Dual Degree))",AI,General,Female-only (including Supernumerary),2871,4398
1,Indian Institute of Technology Madras,"Mechanical Engineering (5 Years, Bachelor and Master of Technology (Dual Degree))",AI,General PwD,Gender-Neutral,36,80
1,Indian Institute of Technology Madras,"Mechanical Engineering (5 Years, Bachelor and Master of Technology (Dual Degree))",AI,OBC-NCL,Gender-Neutral,554,858
1,Indian Institute of Technology Madras,"Mechanical Engineering (5 Years, Bachelor and Master of Technology (Dual Degree))",AI,OBC-NCL,Female-only (including Supernumerary),1699,2711
1,Indian Institute of Technology Madras,"Mechanical Engineering (5 Years, Bachelor and Master of Technology (Dual Degree))",AI,SC,Gender-Neutral,82,598
1,Indian Institute of Technology Madras,"Mechanical Engineering (5 Years, Bachelor and Master of Technology (Dual Degree))",AI,SC,Female-only (including Supernumerary),672,672
1,Indian Institute of Technology Madras,"Mechanical Engineering (5 Years, Bachelor and Master of Technology (Dual Degree))",AI,ST,Gender-Neutral,276,356
1,Indian Institute of Technology Madras,"Metallurgical and Materials Engineering (4 Years, Bachelor of Technology)",AI,General,Gender-Neutral,3111,4016
1,Indian Institute of Technology Madras,"Metallurgical and Materials Engineering (4 Years, Bachelor of Technology)",AI,General,Female-only (including Supernumerary),6760,7691
1,Indian Institute of Technology Madras,"Metallurgical and Materials Engineering (4 Years, Bachelor of Technology)",AI,OBC-NCL,Gender-Neutral,1667,1984
1,Indian Institute of Technology Madras,"Metallurgical and Materials Engineering (4 Years, Bachelor of Technology)",AI,OBC-NCL,Female-only (including Supernumerary),3606,4056
1,Indian Institute of Technology Madras,"Metallurgical and Materials Engineering (4 Years, Bachelor of Technology)",AI,SC,Female-only (including Supernumerary),1117,1117
1,Indian Institute of Technology Madras,"Metallurgical and Materials Engineering (4 Years, Bachelor of Technology)",AI,SC,Gender-Neutral,842,1121
1,Indian Institute of Technology Madras,"Metallurgical and Materials Engineering (4 Years, Bachelor of Technology)",AI,ST,Gender-Neutral,661,676
1,Indian Institute of Technology Madras,"Metallurgical and Materials Engineering (5 Years, Bachelor and Master of Technology (Dual Degree))",AI,General,Gender-Neutral,4108,4500
1,Indian Institute of Technology Madras,"Metallurgical and Materials Engineering (5 Years, Bachelor and Master of Technology (Dual Degree))",AI,General,Female-only (including Supernumerary),8766,8766
1,Indian Institute of Technology Madras,"Metallurgical and Materials Engineering (5 Years, Bachelor and Master of Technology (Dual Degree))",AI,OBC-NCL,Female-only (including Supernumerary),4262,4262
1,Indian Institute of Technology Madras,"Metallurgical and Materials Engineering (5 Years, Bachelor and Master of Technology (Dual Degree))",AI,OBC-NCL,Gender-Neutral,2279,2385
1,Indian Institute of Technology Madras,"Metallurgical and Materials Engineering (5 Years, Bachelor and Master of Technology (Dual Degree))",AI,SC,Gender-Neutral,1130,1253
1,Indian Institute of Technology Madras,"Naval Architecture and Ocean Engineering (4 Years, Bachelor of Technology)",AI,General,Female-only (including Supernumerary),8856,9353
1,Indian Institute of Technology Madras,"Naval Architecture and Ocean Engineering (4 Years, Bachelor of Technology)",AI,General,Gender-Neutral,2612,5192
1,Indian Institute of Technology Madras,"Naval Architecture and Ocean Engineering (4 Years, Bachelor of Technology)",AI,OBC-NCL,Gender-Neutral,1815,2596
1,Indian Institute of Technology Madras,"Naval Architecture and Ocean Engineering (4 Years, Bachelor of Technology)",AI,OBC-NCL,Female-only (including Supernumerary),3901,4004
1,Indian Institute of Technology Madras,"Naval Architecture and Ocean Engineering (4 Years, Bachelor of Technology)",AI,SC,Female-only (including Supernumerary),1387,1387
1,Indian Institute of Technology Madras,"Naval Architecture and Ocean Engineering (4 Years, Bachelor of Technology)",AI,SC,Gender-Neutral,1072,1441
1,Indian Institute of Technology Madras,"Naval Architecture and Ocean Engineering (4 Years, Bachelor of Technology)",AI,ST,Gender-Neutral,2,786
1,Indian Institute of Technology Madras,"Naval Architecture and Ocean Engineering (5 Years, Bachelor and Master of Technology (Dual Degree))",AI,General,Gender-Neutral,5585,6256
1,Indian Institute of Technology Madras,"Naval Architecture and Ocean Engineering (5 Years, Bachelor and Master of Technology (Dual Degree))",AI,General,Female-only (including Supernumerary),10428,10428
1,Indian Institute of Technology Madras,"Naval Architecture and Ocean Engineering (5 Years, Bachelor and Master of Technology (Dual Degree))",AI,OBC-NCL,Gender-Neutral,2417,2614
1,Indian Institute of Technology Madras,"Naval Architecture and Ocean Engineering (5 Years, Bachelor and Master of Technology (Dual Degree))",AI,SC,Gender-Neutral,1554,1609
1,Indian Institute of Technology Madras,"Naval Architecture and Ocean Engineering (5 Years, Bachelor and Master of Technology (Dual Degree))",AI,SC,Female-only (including Supernumerary),2717,2717
1,Indian Institute of Technology Madras,"Naval Architecture and Ocean Engineering (5 Years, Bachelor and Master of Technology (Dual Degree))",AI,ST,Gender-Neutral,8,35
1,Indian Institute of Technology Madras,"Naval Architecture and Ocean Engineering (5 Years, Bachelor and Master of Technology (Dual Degree))",AI,ST,Female-only (including Supernumerary),365,365
1,Indian Institute of Technology Madras,"Physics (5 Years, Bachelor of Science and Master of Science (Dual Degree))",AI,General,Female-only (including Supernumerary),5287,5287
1,Indian Institute of Technology Madras,"Physics (5 Years, Bachelor of Science and Master of Science (Dual Degree))",AI,General,Gender-Neutral,850,2331
1,Indian Institute of Technology Madras,"Physics (5 Years, Bachelor of Science and Master of Science (Dual Degree))",AI,OBC-NCL,Gender-Neutral,1835,1835
1,Indian Institute of Technology Madras,"Physics (5 Years, Bachelor of Science and Master of Science (Dual Degree))",AI,SC,Female-only (including Supernumerary),2474,2474
1,Indian Institute of Technology Madras,"Physics (5 Years, Bachelor of Science and Master of Science (Dual Degree))",AI,SC,Gender-Neutral,529,929
1,Indian Institute of Technology Madras,"Physics (5 Years, Bachelor of Science and Master of Science (Dual Degree))",AI,ST,Gender-Neutral,725,725
1,Indian Institute of Technology Gandhinagar,"Chemical Engineering (4 Years, Bachelor of Technology)",AI,General,Female-only (including Supernumerary),7880,9467
1,Indian Institute of Technology Gandhinagar,"Chemical Engineering (4 Years, Bachelor of Technology)",AI,General,Gender-Neutral,4219,5591
1,Indian Institute of Technology Gandhinagar,"Chemical Engineering (4 Years, Bachelor of Technology)",AI,OBC-NCL,Gender-Neutral,2302,2831
1,Indian Institute of Technology Gandhinagar,"Chemical Engineering (4 Years, Bachelor of Technology)",AI,OBC-NCL,Female-only (including Supernumerary),4475,4475
1,Indian Institute of Technology Gandhinagar,"Chemical Engineering (4 Years, Bachelor of Technology)",AI,SC,Female-only (including Supernumerary),2283,2283
1,Indian Institute of Technology Gandhinagar,"Chemical Engineering (4 Years, Bachelor of Technology)",AI,SC,Gender-Neutral,1366,1551
1,Indian Institute of Technology Gandhinagar,"Chemical Engineering (4 Years, Bachelor of Technology)",AI,ST,Gender-Neutral,601,787
1,Indian Institute of Technology Gandhinagar,"Civil Engineering (4 Years, Bachelor of Technology)",AI,General,Gender-Neutral,3747,6163
1,Indian Institute of Technology Gandhinagar,"Civil Engineering (4 Years, Bachelor of Technology)",AI,General,Female-only (including Supernumerary),9498,9595
1,Indian Institute of Technology Gandhinagar,"Civil Engineering (4 Years, Bachelor of Technology)",AI,OBC-NCL,Female-only (including Supernumerary),4120,4120
1,Indian Institute of Technology Gandhinagar,"Civil Engineering (4 Years, Bachelor of Technology)",AI,OBC-NCL,Gender-Neutral,2320,2409
1,Indian Institute of Technology Gandhinagar,"Civil Engineering (4 Years, Bachelor of Technology)",AI,SC,Female-only (including Supernumerary),2048,2048
1,Indian Institute of Technology Gandhinagar,"Civil Engineering (4 Years, Bachelor of Technology)",AI,SC,Gender-Neutral,493,1187
1,Indian Institute of Technology Gandhinagar,"Civil Engineering (4 Years, Bachelor of Technology)",AI,ST,Gender-Neutral,307,357
1,Indian Institute of Technology Gandhinagar,"Computer Science and Engineering (4 Years, Bachelor of Technology)",AI,General,Female-only (including Supernumerary),2074,3172
1,Indian Institute of Technology Gandhinagar,"Computer Science and Engineering (4 Years, Bachelor of Technology)",AI,General,Gender-Neutral,956,1418
1,Indian Institute of Technology Gandhinagar,"Computer Science and Engineering (4 Years, Bachelor of Technology)",AI,General PwD,Gender-Neutral,21,21
1,Indian Institute of Technology Gandhinagar,"Computer Science and Engineering (4 Years, Bachelor of Technology)",AI,OBC-NCL,Gender-Neutral,533,771
1,Indian Institute of Technology Gandhinagar,"Computer Science and Engineering (4 Years, Bachelor of Technology)",AI,OBC-NCL,Female-only (including Supernumerary),1175,1175
1,Indian Institute of Technology Gandhinagar,"Computer Science and Engineering (4 Years, Bachelor of Technology)",AI,SC,Gender-Neutral,62,445
1,Indian Institute of Technology Gandhinagar,"Computer Science and Engineering (4 Years, Bachelor of Technology)",AI,SC,Female-only (including Supernumerary),813,813
1,Indian Institute of Technology Gandhinagar,"Computer Science and Engineering (4 Years, Bachelor of Technology)",AI,ST,Gender-Neutral,242,246
1,Indian Institute of Technology Gandhinagar,"Electrical Engineering (4 Years, Bachelor of Technology)",AI,General,Gender-Neutral,1627,2849
1,Indian Institute of Technology Gandhinagar,"Electrical Engineering (4 Years, Bachelor of Technology)",AI,General,Female-only (including Supernumerary),5213,5614
1,Indian Institute of Technology Gandhinagar,"Electrical Engineering (4 Years, Bachelor of Technology)",AI,General PwD,Gender-Neutral,93,93
1,Indian Institute of Technology Gandhinagar,"Electrical Engineering (4 Years, Bachelor of Technology)",AI,OBC-NCL,Female-only (including Supernumerary),2833,2833
1,Indian Institute of Technology Gandhinagar,"Electrical Engineering (4 Years, Bachelor of Technology)",AI,OBC-NCL,Gender-Neutral,810,1544
1,Indian Institute of Technology Gandhinagar,"Electrical Engineering (4 Years, Bachelor of Technology)",AI,SC,Female-only (including Supernumerary),1931,1931
1,Indian Institute of Technology Gandhinagar,"Electrical Engineering (4 Years, Bachelor of Technology)",AI,SC,Gender-Neutral,591,875
1,Indian Institute of Technology Gandhinagar,"Electrical Engineering (4 Years, Bachelor of Technology)",AI,ST,Gender-Neutral,376,379
1,Indian Institute of Technology Gandhinagar,"Materials Science and Engineering (4 Years, Bachelor of Technology)",AI,General,Female-only (including Supernumerary),9810,10336
1,Indian Institute of Technology Gandhinagar,"Materials Science and Engineering (4 Years, Bachelor of Technology)",AI,General,Gender-Neutral,5241,7115
1,Indian Institute of Technology Gandhinagar,"Materials Science and Engineering (4 Years, Bachelor of Technology)",AI,OBC-NCL,Female-only (including Supernumerary),4639,4639
1,Indian Institute of Technology Gandhinagar,"Materials Science and Engineering (4 Years, Bachelor of Technology)",AI,OBC-NCL,Gender-Neutral,3167,3559
1,Indian Institute of Technology Gandhinagar,"Materials Science and Engineering (4 Years, Bachelor of Technology)",AI,SC,Gender-Neutral,1584,1815
1,Indian Institute of Technology Gandhinagar,"Materials Science and Engineering (4 Years, Bachelor of Technology)",AI,SC,Female-only (including Supernumerary),2697,2697
1,Indian Institute of Technology Gandhinagar,"Materials Science and Engineering (4 Years, Bachelor of Technology)",AI,ST,Gender-Neutral,114,114
1,Indian Institute of Technology Gandhinagar,"Mechanical Engineering (4 Years, Bachelor of Technology)",AI,General,Gender-Neutral,2387,3651
1,Indian Institute of Technology Gandhinagar,"Mechanical Engineering (4 Years, Bachelor of Technology)",AI,General,Female-only (including Supernumerary),7689,7840
1,Indian Institute of Technology Gandhinagar,"Mechanical Engineering (4 Years, Bachelor of Technology)",AI,OBC-NCL,Female-only (including Supernumerary),3423,3423
1,Indian Institute of Technology Gandhinagar,"Mechanical Engineering (4 Years, Bachelor of Technology)",AI,OBC-NCL,Gender-Neutral,1538,1781
1,Indian Institute of Technology Gandhinagar,"Mechanical Engineering (4 Years, Bachelor of Technology)",AI,SC,Female-only (including Supernumerary),2182,2182
1,Indian Institute of Technology Gandhinagar,"Mechanical Engineering (4 Years, Bachelor of Technology)",AI,SC,Gender-Neutral,889,977
1,Indian Institute of Technology Gandhinagar,"Mechanical Engineering (4 Years, Bachelor of Technology)",AI,ST,Gender-Neutral,320,425
1,Indian Institute of Technology Patna,"Chemical Engineering (4 Years, Bachelor of Technology)",AI,General,Female-only (including Supernumerary),9568,11428
1,Indian Institute of Technology Patna,"Chemical Engineering (4 Years, Bachelor of Technology)",AI,General,Gender-Neutral,6525,7669
1,Indian Institute of Technology Patna,"Chemical Engineering (4 Years, Bachelor of Technology)",AI,OBC-NCL,Gender-Neutral,2719,3043
1,Indian Institute of Technology Patna,"Chemical Engineering (4 Years, Bachelor of Technology)",AI,OBC-NCL,Female-only (including Supernumerary),5088,5088
1,Indian Institute of Technology Patna,"Chemical Engineering (4 Years, Bachelor of Technology)",AI,SC,Gender-Neutral,1455,1590
1,Indian Institute of Technology Patna,"Chemical Engineering (4 Years, Bachelor of Technology)",AI,ST,Gender-Neutral,797,797
1,Indian Institute of Technology Patna,"Civil Engineering (4 Years, Bachelor of Technology)",AI,General,Female-only (including Supernumerary),11340,12171
1,Indian Institute of Technology Patna,"Civil Engineering (4 Years, Bachelor of Technology)",AI,General,Gender-Neutral,6430,7559
1,Indian Institute of Technology Patna,"Civil Engineering (4 Years, Bachelor of Technology)",AI,OBC-NCL,Female-only (including Supernumerary),5321,5321
1,Indian Institute of Technology Patna,"Civil Engineering (4 Years, Bachelor of Technology)",AI,OBC-NCL,Gender-Neutral,2383,2765
1,Indian Institute of Technology Patna,"Civil Engineering (4 Years, Bachelor of Technology)",AI,SC,Gender-Neutral,1079,1338
1,Indian Institute of Technology Patna,"Civil Engineering (4 Years, Bachelor of Technology)",AI,ST,Gender-Neutral,419,419
1,Indian Institute of Technology Patna,"Computer Science and Engineering (4 Years, Bachelor of Technology)",AI,General,Female-only (including Supernumerary),2963,4631
1,Indian Institute of Technology Patna,"Computer Science and Engineering (4 Years, Bachelor of Technology)",AI,General,Gender-Neutral,999,2484
1,Indian Institute of Technology Patna,"Computer Science and Engineering (4 Years, Bachelor of Technology)",AI,General PwD,Gender-Neutral,108,108
1,Indian Institute of Technology Patna,"Computer Science and Engineering (4 Years, Bachelor of Technology)",AI,OBC-NCL,Gender-Neutral,729,1058
1,Indian Institute of Technology Patna,"Computer Science and Engineering (4 Years, Bachelor of Technology)",AI,OBC-NCL,Female-only (including Supernumerary),2226,2307
1,Indian Institute of Technology Patna,"Computer Science and Engineering (4 Years, Bachelor of Technology)",AI,SC,Gender-Neutral,428,707
1,Indian Institute of Technology Patna,"Computer Science and Engineering (4 Years, Bachelor of Technology)",AI,SC,Female-only (including Supernumerary),829,829
1,Indian Institute of Technology Patna,"Computer Science and Engineering (4 Years, Bachelor of Technology)",AI,ST,Gender-Neutral,347,412
1,Indian Institute of Technology Patna,"Electrical Engineering (4 Years, Bachelor of Technology)",AI,General,Gender-Neutral,3127,5176
1,Indian Institute of Technology Patna,"Electrical Engineering (4 Years, Bachelor of Technology)",AI,General,Female-only (including Supernumerary),8196,8995
1,Indian Institute of Technology Patna,"Electrical Engineering (4 Years, Bachelor of Technology)",AI,OBC-NCL,Gender-Neutral,1617,2068
1,Indian Institute of Technology Patna,"Electrical Engineering (4 Years, Bachelor of Technology)",AI,OBC-NCL,Female-only (including Supernumerary),3743,3833
1,Indian Institute of Technology Patna,"Electrical Engineering (4 Years, Bachelor of Technology)",AI,SC,Gender-Neutral,863,1160
1,Indian Institute of Technology Patna,"Electrical Engineering (4 Years, Bachelor of Technology)",AI,SC,Female-only (including Supernumerary),2411,2411
1,Indian Institute of Technology Patna,"Electrical Engineering (4 Years, Bachelor of Technology)",AI,ST,Gender-Neutral,482,497
1,Indian Institute of Technology Patna,"Mechanical Engineering (4 Years, Bachelor of Technology)",AI,General,Female-only (including Supernumerary),10064,10735
1,Indian Institute of Technology Patna,"Mechanical Engineering (4 Years, Bachelor of Technology)",AI,General,Gender-Neutral,3019,6087
1,Indian Institute of Technology Patna,"Mechanical Engineering (4 Years, Bachelor of Technology)",AI,OBC-NCL,Gender-Neutral,2077,2315
1,Indian Institute of Technology Patna,"Mechanical Engineering (4 Years, Bachelor of Technology)",AI,OBC-NCL,Female-only (including Supernumerary),4850,5420
1,Indian Institute of Technology Patna,"Mechanical Engineering (4 Years, Bachelor of Technology)",AI,SC,Gender-Neutral,1005,1368
1,Indian Institute of Technology Patna,"Mechanical Engineering (4 Years, Bachelor of Technology)",AI,SC,Female-only (including Supernumerary),2009,2009
1,Indian Institute of Technology Patna,"Mechanical Engineering (4 Years, Bachelor of Technology)",AI,ST,Gender-Neutral,455,571
1,Indian Institute of Technology Roorkee,"Applied Mathematics (5 Years, Integrated Master of Science)",AI,General,Gender-Neutral,1476,2370
1,Indian Institute of Technology Roorkee,"Applied Mathematics (5 Years, Integrated Master of Science)",AI,General,Female-only (including Supernumerary),3159,3962
1,Indian Institute of Technology Roorkee,"Applied Mathematics (5 Years, Integrated Master of Science)",AI,OBC-NCL,Female-only (including Supernumerary),2195,2195
1,Indian Institute of Technology Roorkee,"Applied Mathematics (5 Years, Integrated Master of Science)",AI,OBC-NCL,Gender-Neutral,789,1645
1,Indian Institute of Technology Roorkee,"Applied Mathematics (5 Years, Integrated Master of Science)",AI,SC,Gender-Neutral,511,1122
1,Indian Institute of Technology Roorkee,"Applied Mathematics (5 Years, Integrated Master of Science)",AI,SC,Female-only (including Supernumerary),1841,1841
1,Indian Institute of Technology Roorkee,"Applied Mathematics (5 Years, Integrated Master of Science)",AI,ST,Gender-Neutral,727,761
1,Indian Institute of Technology Roorkee,"Architecture (5 Years, Bachelor of Architecture)",AI,General,Female-only (including Supernumerary),10503,11864
1,Indian Institute of Technology Roorkee,"Architecture (5 Years, Bachelor of Architecture)",AI,General,Gender-Neutral,3655,10954
1,Indian Institute of Technology Roorkee,"Architecture (5 Years, Bachelor of Architecture)",AI,General PwD,Gender-Neutral,75,75
1,Indian Institute of Technology Roorkee,"Architecture (5 Years, Bachelor of Architecture)",AI,OBC-NCL,Female-only (including Supernumerary),5179,5179
1,Indian Institute of Technology Roorkee,"Architecture (5 Years, Bachelor of Architecture)",AI,OBC-NCL,Gender-Neutral,2290,4140
1,Indian Institute of Technology Roorkee,"Architecture (5 Years, Bachelor of Architecture)",AI,SC,Female-only (including Supernumerary),2164,2164
1,Indian Institute of Technology Roorkee,"Architecture (5 Years, Bachelor of Architecture)",AI,SC,Gender-Neutral,1737,2305
1,Indian Institute of Technology Roorkee,"Architecture (5 Years, Bachelor of Architecture)",AI,ST,Female-only (including Supernumerary),762,762
1,Indian Institute of Technology Roorkee,"Architecture (5 Years, Bachelor of Architecture)",AI,ST,Gender-Neutral,315,315
1,Indian Institute of Technology Roorkee,"Bio Technology (4 Years, Bachelor of Technology)",AI,General,Gender-Neutral,4577,5946
1,Indian Institute of Technology Roorkee,"Bio Technology (4 Years, Bachelor of Technology)",AI,General,Female-only (including Supernumerary),6460,8260
1,Indian Institute of Technology Roorkee,"Bio Technology (4 Years, Bachelor of Technology)",AI,OBC-NCL,Female-only (including Supernumerary),5195,5621
1,Indian Institute of Technology Roorkee,"Bio Technology (4 Years, Bachelor of Technology)",AI,OBC-NCL,Gender-Neutral,3030,3166
1,Indian Institute of Technology Roorkee,"Bio Technology (4 Years, Bachelor of Technology)",AI,SC,Gender-Neutral,1372,1711
1,Indian Institute of Technology Roorkee,"Bio Technology (4 Years, Bachelor of Technology)",AI,SC,Female-only (including Supernumerary),2252,2252
1,Indian Institute of Technology Roorkee,"Bio Technology (4 Years, Bachelor of Technology)",AI,ST,Gender-Neutral,897,909
1,Indian Institute of Technology Roorkee,"Chemical Engineering (4 Years, Bachelor of Technology)",AI,General,Gender-Neutral,2470,3718
1,Indian Institute of Technology Roorkee,"Chemical Engineering (4 Years, Bachelor of Technology)",AI,General,Female-only (including Supernumerary),5569,6290
1,Indian Institute of Technology Roorkee,"Chemical Engineering (4 Years, Bachelor of Technology)",AI,OBC-NCL,Female-only (including Supernumerary),2546,3975
1,Indian Institute of Technology Roorkee,"Chemical Engineering (4 Years, Bachelor of Technology)",AI,OBC-NCL,Gender-Neutral,1375,1869
1,Indian Institute of Technology Roorkee,"Chemical Engineering (4 Years, Bachelor of Technology)",AI,SC,Female-only (including Supernumerary),1015,1405
1,Indian Institute of Technology Roorkee,"Chemical Engineering (4 Years, Bachelor of Technology)",AI,SC,Gender-Neutral,893,1017
1,Indian Institute of Technology Roorkee,"Chemical Engineering (4 Years, Bachelor of Technology)",AI,ST,Gender-Neutral,442,653
1,Indian Institute of Technology Roorkee,"Chemical Engineering (4 Years, Bachelor of Technology)",AI,ST,Female-only (including Supernumerary),122,122
1,Indian Institute of Technology Roorkee,"Chemistry (5 Years, Integrated Master of Science)",AI,General,Female-only (including Supernumerary),10912,10981
1,Indian Institute of Technology Roorkee,"Chemistry (5 Years, Integrated Master of Science)",AI,General,Gender-Neutral,6314,8248
1,Indian Institute of Technology Roorkee,"Chemistry (5 Years, Integrated Master of Science)",AI,OBC-NCL,Female-only (including Supernumerary),6782,6782
1,Indian Institute of Technology Roorkee,"Chemistry (5 Years, Integrated Master of Science)",AI,OBC-NCL,Gender-Neutral,3473,3879
1,Indian Institute of Technology Roorkee,"Chemistry (5 Years, Integrated Master of Science)",AI,SC,Gender-Neutral,2031,2062
1,Indian Institute of Technology Roorkee,"Chemistry (5 Years, Integrated Master of Science)",AI,SC,Female-only (including Supernumerary),3018,3018
1,Indian Institute of Technology Roorkee,"Chemistry (5 Years, Integrated Master of Science)",AI,ST,Gender-Neutral,471,471
1,Indian Institute of Technology Roorkee,"Civil Engineering (4 Years, Bachelor of Technology)",AI,General,Female-only (including Supernumerary),6373,7914
1,Indian Institute of Technology Roorkee,"Civil Engineering (4 Years, Bachelor of Technology)",AI,General,Gender-Neutral,3268,4208
1,Indian Institute of Technology Roorkee,"Civil Engineering (4 Years, Bachelor of Technology)",AI,OBC-NCL,Gender-Neutral,1022,1717
1,Indian Institute of Technology Roorkee,"Civil Engineering (4 Years, Bachelor of Technology)",AI,OBC-NCL,Female-only (including Supernumerary),3325,3617
1,Indian Institute of Technology Roorkee,"Civil Engineering (4 Years, Bachelor of Technology)",AI,SC,Gender-Neutral,359,699
1,Indian Institute of Technology Roorkee,"Civil Engineering (4 Years, Bachelor of Technology)",AI,SC,Female-only (including Supernumerary),1290,1580
1,Indian Institute of Technology Roorkee,"Civil Engineering (4 Years, Bachelor of Technology)",AI,ST,Gender-Neutral,100,244
1,Indian Institute of Technology Roorkee,"Civil Engineering (4 Years, Bachelor of Technology)",AI,ST,Female-only (including Supernumerary),502,542
1,Indian Institute of Technology Roorkee,"Computer Science and Engineering (4 Years, Bachelor of Technology)",AI,General,Female-only (including Supernumerary),639,863
1,Indian Institute of Technology Roorkee,"Computer Science and Engineering (4 Years, Bachelor of Technology)",AI,General,Gender-Neutral,278,416
1,Indian Institute of Technology Roorkee,"Computer Science and Engineering (4 Years, Bachelor of Technology)",AI,General PwD,Female-only (including Supernumerary),105,105
1,Indian Institute of Technology Roorkee,"Computer Science and Engineering (4 Years, Bachelor of Technology)",AI,OBC-NCL,Female-only (including Supernumerary),456,527
1,Indian Institute of Technology Roorkee,"Computer Science and Engineering (4 Years, Bachelor of Technology)",AI,OBC-NCL,Gender-Neutral,138,223
1,Indian Institute of Technology Roorkee,"Computer Science and Engineering (4 Years, Bachelor of Technology)",AI,SC,Gender-Neutral,77,101
1,Indian Institute of Technology Roorkee,"Computer Science and Engineering (4 Years, Bachelor of Technology)",AI,SC,Female-only (including Supernumerary),240,398
1,Indian Institute of Technology Roorkee,"Computer Science and Engineering (4 Years, Bachelor of Technology)",AI,SC PwD,Gender-Neutral,6,6
1,Indian Institute of Technology Roorkee,"Computer Science and Engineering (4 Years, Bachelor of Technology)",AI,ST,Gender-Neutral,58,82
1,Indian Institute of Technology Roorkee,"Computer Science and Engineering (4 Years, Bachelor of Technology)",AI,ST,Female-only (including Supernumerary),263,263
1,Indian Institute of Technology Roorkee,"Electrical Engineering (4 Years, Bachelor of Technology)",AI,General,Female-only (including Supernumerary),2876,3389
1,Indian Institute of Technology Roorkee,"Electrical Engineering (4 Years, Bachelor of Technology)",AI,General,Gender-Neutral,1101,1668
1,Indian Institute of Technology Roorkee,"Electrical Engineering (4 Years, Bachelor of Technology)",AI,General PwD,Gender-Neutral,63,63
1,Indian Institute of Technology Roorkee,"Electrical Engineering (4 Years, Bachelor of Technology)",AI,OBC-NCL,Gender-Neutral,557,770
1,Indian Institute of Technology Roorkee,"Electrical Engineering (4 Years, Bachelor of Technology)",AI,OBC-NCL,Female-only (including Supernumerary),1431,1671
1,Indian Institute of Technology Roorkee,"Electrical Engineering (4 Years, Bachelor of Technology)",AI,SC,Gender-Neutral,223,431
1,Indian Institute of Technology Roorkee,"Electrical Engineering (4 Years, Bachelor of Technology)",AI,SC,Female-only (including Supernumerary),974,1109
1,Indian Institute of Technology Roorkee,"Electrical Engineering (4 Years, Bachelor of Technology)",AI,ST,Female-only (including Supernumerary),394,394
1,Indian Institute of Technology Roorkee,"Electrical Engineering (4 Years, Bachelor of Technology)",AI,ST,Gender-Neutral,71,243
1,Indian Institute of Technology Roorkee,"Electronics and Communication Engineering (4 Years, Bachelor of Technology)",AI,General,Female-only (including Supernumerary),1196,2640
1,Indian Institute of Technology Roorkee,"Electronics and Communication Engineering (4 Years, Bachelor of Technology)",AI,General,Gender-Neutral,915,1200
1,Indian Institute of Technology Roorkee,"Electronics and Communication Engineering (4 Years, Bachelor of Technology)",AI,General PwD,Gender-Neutral,43,45
1,Indian Institute of Technology Roorkee,"Electronics and Communication Engineering (4 Years, Bachelor of Technology)",AI,OBC-NCL,Female-only (including Supernumerary),1395,1567
1,Indian Institute of Technology Roorkee,"Electronics and Communication Engineering (4 Years, Bachelor of Technology)",AI,OBC-NCL,Gender-Neutral,313,605
1,Indian Institute of Technology Roorkee,"Electronics and Communication Engineering (4 Years, Bachelor of Technology)",AI,OBC-NCL(PwD),Gender-Neutral,24,24
1,Indian Institute of Technology Roorkee,"Electronics and Communication Engineering (4 Years, Bachelor of Technology)",AI,SC,Gender-Neutral,140,402
1,Indian Institute of Technology Roorkee,"Electronics and Communication Engineering (4 Years, Bachelor of Technology)",AI,SC,Female-only (including Supernumerary),769,934
1,Indian Institute of Technology Roorkee,"Electronics and Communication Engineering (4 Years, Bachelor of Technology)",AI,ST,Gender-Neutral,124,224
1,Indian Institute of Technology Roorkee,"Electronics and Communication Engineering (4 Years, Bachelor of Technology)",AI,ST,Female-only (including Supernumerary),316,316
1,Indian Institute of Technology Roorkee,"Engineering Physics (4 Years, Bachelor of Technology)",AI,General,Gender-Neutral,2255,3412
1,Indian Institute of Technology Roorkee,"Engineering Physics (4 Years, Bachelor of Technology)",AI,General,Female-only (including Supernumerary),4776,6708
1,Indian Institute of Technology Roorkee,"Engineering Physics (4 Years, Bachelor of Technology)",AI,OBC-NCL,Female-only (including Supernumerary),3931,3931
1,Indian Institute of Technology Roorkee,"Engineering Physics (4 Years, Bachelor of Technology)",AI,OBC-NCL,Gender-Neutral,1750,1967
1,Indian Institute of Technology Roorkee,"Engineering Physics (4 Years, Bachelor of Technology)",AI,SC,Female-only (including Supernumerary),1690,1690
1,Indian Institute of Technology Roorkee,"Engineering Physics (4 Years, Bachelor of Technology)",AI,SC,Gender-Neutral,949,1077
1,Indian Institute of Technology Roorkee,"Engineering Physics (4 Years, Bachelor of Technology)",AI,ST,Gender-Neutral,606,684
1,Indian Institute of Technology Roorkee,"Geological Technology (5 Years, Integrated Master of Technology)",AI,General,Female-only (including Supernumerary),10400,11276
1,Indian Institute of Technology Roorkee,"Geological Technology (5 Years, Integrated Master of Technology)",AI,General,Gender-Neutral,6400,7122
1,Indian Institute of Technology Roorkee,"Geological Technology (5 Years, Integrated Master of Technology)",AI,OBC-NCL,Gender-Neutral,2626,3058
1,Indian Institute of Technology Roorkee,"Geological Technology (5 Years, Integrated Master of Technology)",AI,OBC-NCL,Female-only (including Supernumerary),4700,6584
1,Indian Institute of Technology Roorkee,"Geological Technology (5 Years, Integrated Master of Technology)",AI,SC,Gender-Neutral,1834,1906
1,Indian Institute of Technology Roorkee,"Geological Technology (5 Years, Integrated Master of Technology)",AI,SC,Female-only (including Supernumerary),12,12
1,Indian Institute of Technology Roorkee,"Geological Technology (5 Years, Integrated Master of Technology)",AI,ST,Gender-Neutral,226,292
1,Indian Institute of Technology Roorkee,"Geophysical Technology (5 Years, Integrated Master of Technology)",AI,General,Gender-Neutral,4051,6386
1,Indian Institute of Technology Roorkee,"Geophysical Technology (5 Years, Integrated Master of Technology)",AI,General,Female-only (including Supernumerary),8635,9926
1,Indian Institute of Technology Roorkee,"Geophysical Technology (5 Years, Integrated Master of Technology)",AI,OBC-NCL,Female-only (including Supernumerary),6509,6509
1,Indian Institute of Technology Roorkee,"Geophysical Technology (5 Years, Integrated Master of Technology)",AI,OBC-NCL,Gender-Neutral,2264,2804
1,Indian Institute of Technology Roorkee,"Geophysical Technology (5 Years, Integrated Master of Technology)",AI,SC,Female-only (including Supernumerary),575,575
1,Indian Institute of Technology Roorkee,"Geophysical Technology (5 Years, Integrated Master of Technology)",AI,SC,Gender-Neutral,1198,1642
1,Indian Institute of Technology Roorkee,"Geophysical Technology (5 Years, Integrated Master of Technology)",AI,ST,Gender-Neutral,101,380
1,Indian Institute of Technology Roorkee,"Mechanical Engineering (4 Years, Bachelor of Technology)",AI,General,Gender-Neutral,1682,2250
1,Indian Institute of Technology Roorkee,"Mechanical Engineering (4 Years, Bachelor of Technology)",AI,General,Female-only (including Supernumerary),4056,4862
1,Indian Institute of Technology Roorkee,"Mechanical Engineering (4 Years, Bachelor of Technology)",AI,General PwD,Gender-Neutral,9,55
1,Indian Institute of Technology Roorkee,"Mechanical Engineering (4 Years, Bachelor of Technology)",AI,OBC-NCL,Female-only (including Supernumerary),2295,2731
1,Indian Institute of Technology Roorkee,"Mechanical Engineering (4 Years, Bachelor of Technology)",AI,OBC-NCL,Gender-Neutral,691,961
1,Indian Institute of Technology Roorkee,"Mechanical Engineering (4 Years, Bachelor of Technology)",AI,OBC-NCL(PwD),Gender-Neutral,25,25
1,Indian Institute of Technology Roorkee,"Mechanical Engineering (4 Years, Bachelor of Technology)",AI,SC,Gender-Neutral,376,551
1,Indian Institute of Technology Roorkee,"Mechanical Engineering (4 Years, Bachelor of Technology)",AI,SC,Female-only (including Supernumerary),1151,1189
1,Indian Institute of Technology Roorkee,"Mechanical Engineering (4 Years, Bachelor of Technology)",AI,ST,Female-only (including Supernumerary),790,795
1,Indian Institute of Technology Roorkee,"Mechanical Engineering (4 Years, Bachelor of Technology)",AI,ST,Gender-Neutral,196,266
1,Indian Institute of Technology Roorkee,"Metallurgical and Materials Engineering (4 Years, Bachelor of Technology)",AI,General,Female-only (including Supernumerary),7935,9292
1,Indian Institute of Technology Roorkee,"Metallurgical and Materials Engineering (4 Years, Bachelor of Technology)",AI,General,Gender-Neutral,4572,5802
1,Indian Institute of Technology Roorkee,"Metallurgical and Materials Engineering (4 Years, Bachelor of Technology)",AI,OBC-NCL,Female-only (including Supernumerary),4909,5393
1,Indian Institute of Technology Roorkee,"Metallurgical and Materials Engineering (4 Years, Bachelor of Technology)",AI,OBC-NCL,Gender-Neutral,1908,2755
1,Indian Institute of Technology Roorkee,"Metallurgical and Materials Engineering (4 Years, Bachelor of Technology)",AI,SC,Female-only (including Supernumerary),2352,2366
1,Indian Institute of Technology Roorkee,"Metallurgical and Materials Engineering (4 Years, Bachelor of Technology)",AI,SC,Gender-Neutral,1229,1486
1,Indian Institute of Technology Roorkee,"Metallurgical and Materials Engineering (4 Years, Bachelor of Technology)",AI,ST,Gender-Neutral,682,884
1,Indian Institute of Technology Roorkee,"Metallurgical and Materials Engineering (4 Years, Bachelor of Technology)",AI,ST,Female-only (including Supernumerary),265,265
1,Indian Institute of Technology Roorkee,"Physics (5 Years, Integrated Master of Science)",AI,General,Female-only (including Supernumerary),10214,10754
1,Indian Institute of Technology Roorkee,"Physics (5 Years, Integrated Master of Science)",AI,General,Gender-Neutral,3588,5860
1,Indian Institute of Technology Roorkee,"Physics (5 Years, Integrated Master of Science)",AI,OBC-NCL,Gender-Neutral,2273,3429
1,Indian Institute of Technology Roorkee,"Physics (5 Years, Integrated Master of Science)",AI,OBC-NCL,Female-only (including Supernumerary),2764,2764
1,Indian Institute of Technology Roorkee,"Physics (5 Years, Integrated Master of Science)",AI,SC,Gender-Neutral,1613,1825
1,Indian Institute of Technology Roorkee,"Physics (5 Years, Integrated Master of Science)",AI,ST,Gender-Neutral,639,639
1,Indian Institute of Technology Roorkee,"Polymer Science and Engineering (4 Years, Bachelor of Technology)",AI,General,Female-only (including Supernumerary),9429,10352
1,Indian Institute of Technology Roorkee,"Polymer Science and Engineering (4 Years, Bachelor of Technology)",AI,General,Gender-Neutral,5837,6906
1,Indian Institute of Technology Roorkee,"Polymer Science and Engineering (4 Years, Bachelor of Technology)",AI,OBC-NCL,Female-only (including Supernumerary),5926,5926
1,Indian Institute of Technology Roorkee,"Polymer Science and Engineering (4 Years, Bachelor of Technology)",AI,OBC-NCL,Gender-Neutral,2863,3415
1,Indian Institute of Technology Roorkee,"Polymer Science and Engineering (4 Years, Bachelor of Technology)",AI,SC,Gender-Neutral,1823,1951
1,Indian Institute of Technology Roorkee,"Polymer Science and Engineering (4 Years, Bachelor of Technology)",AI,ST,Female-only (including Supernumerary),677,677
1,Indian Institute of Technology Roorkee,"Polymer Science and Engineering (4 Years, Bachelor of Technology)",AI,ST,Gender-Neutral,179,244
1,Indian Institute of Technology Roorkee,"Production and Industrial Engineering (4 Years, Bachelor of Technology)",AI,General,Gender-Neutral,3531,4571
1,Indian Institute of Technology Roorkee,"Production and Industrial Engineering (4 Years, Bachelor of Technology)",AI,General,Female-only (including Supernumerary),7926,8413
1,Indian Institute of Technology Roorkee,"Production and Industrial Engineering (4 Years, Bachelor of Technology)",AI,OBC-NCL,Female-only (including Supernumerary),4754,4762
1,Indian Institute of Technology Roorkee,"Production and Industrial Engineering (4 Years, Bachelor of Technology)",AI,OBC-NCL,Gender-Neutral,1772,2253
1,Indian Institute of Technology Roorkee,"Production and Industrial Engineering (4 Years, Bachelor of Technology)",AI,SC,Gender-Neutral,1002,1335
1,Indian Institute of Technology Roorkee,"Production and Industrial Engineering (4 Years, Bachelor of Technology)",AI,SC,Female-only (including Supernumerary),2443,2443
1,Indian Institute of Technology Roorkee,"Production and Industrial Engineering (4 Years, Bachelor of Technology)",AI,ST,Gender-Neutral,720,771
1,Indian Institute of Technology Roorkee,"Production and Industrial Engineering (4 Years, Bachelor of Technology)",AI,ST,Female-only (including Supernumerary),358,358
1,Indian Institute of Technology (ISM) Dhanbad,"Applied Geology (5 Years, Integrated Master of Technology)",AI,General,Gender-Neutral,8104,9635
1,Indian Institute of Technology (ISM) Dhanbad,"Applied Geology (5 Years, Integrated Master of Technology)",AI,General,Female-only (including Supernumerary),12618,13727
1,Indian Institute of Technology (ISM) Dhanbad,"Applied Geology (5 Years, Integrated Master of Technology)",AI,OBC-NCL,Gender-Neutral,3855,4033
1,Indian Institute of Technology (ISM) Dhanbad,"Applied Geology (5 Years, Integrated Master of Technology)",AI,SC,Gender-Neutral,2022,2063
1,Indian Institute of Technology (ISM) Dhanbad,"Applied Geology (5 Years, Integrated Master of Technology)",AI,SC,Female-only (including Supernumerary),654,654
1,Indian Institute of Technology (ISM) Dhanbad,"Applied Geology (5 Years, Integrated Master of Technology)",AI,ST,Gender-Neutral,900,900
1,Indian Institute of Technology (ISM) Dhanbad,"Applied Geophysics (5 Years, Integrated Master of Technology)",AI,General,Female-only (including Supernumerary),13104,14083
1,Indian Institute of Technology (ISM) Dhanbad,"Applied Geophysics (5 Years, Integrated Master of Technology)",AI,General,Gender-Neutral,7853,9521
1,Indian Institute of Technology (ISM) Dhanbad,"Applied Geophysics (5 Years, Integrated Master of Technology)",AI,OBC-NCL,Gender-Neutral,2555,4040
1,Indian Institute of Technology (ISM) Dhanbad,"Applied Geophysics (5 Years, Integrated Master of Technology)",AI,SC,Female-only (including Supernumerary),713,713
1,Indian Institute of Technology (ISM) Dhanbad,"Applied Geophysics (5 Years, Integrated Master of Technology)",AI,SC,Gender-Neutral,2056,2060
1,Indian Institute of Technology (ISM) Dhanbad,"Applied Geophysics (5 Years, Integrated Master of Technology)",AI,ST,Gender-Neutral,912,912
1,Indian Institute of Technology (ISM) Dhanbad,"Chemical Engineering (4 Years, Bachelor of Technology)",AI,General,Female-only (including Supernumerary),10574,10803
1,Indian Institute of Technology (ISM) Dhanbad,"Chemical Engineering (4 Years, Bachelor of Technology)",AI,General,Gender-Neutral,5943,7375
1,Indian Institute of Technology (ISM) Dhanbad,"Chemical Engineering (4 Years, Bachelor of Technology)",AI,OBC-NCL,Female-only (including Supernumerary),4979,5074
1,Indian Institute of Technology (ISM) Dhanbad,"Chemical Engineering (4 Years, Bachelor of Technology)",AI,OBC-NCL,Gender-Neutral,2535,3010
1,Indian Institute of Technology (ISM) Dhanbad,"Chemical Engineering (4 Years, Bachelor of Technology)",AI,SC,Female-only (including Supernumerary),2162,2162
1,Indian Institute of Technology (ISM) Dhanbad,"Chemical Engineering (4 Years, Bachelor of Technology)",AI,SC,Gender-Neutral,1431,1553
1,Indian Institute of Technology (ISM) Dhanbad,"Chemical Engineering (4 Years, Bachelor of Technology)",AI,ST,Female-only (including Supernumerary),377,377
1,Indian Institute of Technology (ISM) Dhanbad,"Chemical Engineering (4 Years, Bachelor of Technology)",AI,ST,Gender-Neutral,669,788
1,Indian Institute of Technology (ISM) Dhanbad,"Civil Engineering (4 Years, Bachelor of Technology)",AI,General,Gender-Neutral,4931,7222
1,Indian Institute of Technology (ISM) Dhanbad,"Civil Engineering (4 Years, Bachelor of Technology)",AI,General,Female-only (including Supernumerary),9487,11015
1,Indian Institute of Technology (ISM) Dhanbad,"Civil Engineering (4 Years, Bachelor of Technology)",AI,OBC-NCL,Female-only (including Supernumerary),4194,4438
1,Indian Institute of Technology (ISM) Dhanbad,"Civil Engineering (4 Years, Bachelor of Technology)",AI,OBC-NCL,Gender-Neutral,2322,2712
1,Indian Institute of Technology (ISM) Dhanbad,"Civil Engineering (4 Years, Bachelor of Technology)",AI,SC,Female-only (including Supernumerary),1849,1849
1,Indian Institute of Technology (ISM) Dhanbad,"Civil Engineering (4 Years, Bachelor of Technology)",AI,SC,Gender-Neutral,1238,1306
1,Indian Institute of Technology (ISM) Dhanbad,"Civil Engineering (4 Years, Bachelor of Technology)",AI,ST,Gender-Neutral,363,440
1,Indian Institute of Technology (ISM) Dhanbad,"Civil Engineering (4 Years, Bachelor of Technology)",AI,ST,Female-only (including Supernumerary),737,737
1,Indian Institute of Technology (ISM) Dhanbad,"Computer Science and Engineering (4 Years, Bachelor of Technology)",AI,General,Female-only (including Supernumerary),2567,5298
1,Indian Institute of Technology (ISM) Dhanbad,"Computer Science and Engineering (4 Years, Bachelor of Technology)",AI,General,Gender-Neutral,1182,2746
1,Indian Institute of Technology (ISM) Dhanbad,"Computer Science and Engineering (4 Years, Bachelor of Technology)",AI,General PwD,Gender-Neutral,41,64
1,Indian Institute of Technology (ISM) Dhanbad,"Computer Science and Engineering (4 Years, Bachelor of Technology)",AI,OBC-NCL,Female-only (including Supernumerary),1763,2335
1,Indian Institute of Technology (ISM) Dhanbad,"Computer Science and Engineering (4 Years, Bachelor of Technology)",AI,OBC-NCL,Gender-Neutral,435,1056
1,Indian Institute of Technology (ISM) Dhanbad,"Computer Science and Engineering (4 Years, Bachelor of Technology)",AI,OBC-NCL(PwD),Gender-Neutral,15,38
1,Indian Institute of Technology (ISM) Dhanbad,"Computer Science and Engineering (4 Years, Bachelor of Technology)",AI,SC,Female-only (including Supernumerary),1277,1612
1,Indian Institute of Technology (ISM) Dhanbad,"Computer Science and Engineering (4 Years, Bachelor of Technology)",AI,SC,Gender-Neutral,171,613
1,Indian Institute of Technology (ISM) Dhanbad,"Computer Science and Engineering (4 Years, Bachelor of Technology)",AI,ST,Female-only (including Supernumerary),500,500
1,Indian Institute of Technology (ISM) Dhanbad,"Computer Science and Engineering (4 Years, Bachelor of Technology)",AI,ST,Gender-Neutral,238,349
1,Indian Institute of Technology (ISM) Dhanbad,"Computer Science and Engineering (5 Years, Bachelor and Master of Technology (Dual Degree))",AI,General,Gender-Neutral,2811,3076
1,Indian Institute of Technology (ISM) Dhanbad,"Computer Science and Engineering (5 Years, Bachelor and Master of Technology (Dual Degree))",AI,General,Female-only (including Supernumerary),5439,5439
1,Indian Institute of Technology (ISM) Dhanbad,"Computer Science and Engineering (5 Years, Bachelor and Master of Technology (Dual Degree))",AI,General PwD,Gender-Neutral,26,26
1,Indian Institute of Technology (ISM) Dhanbad,"Computer Science and Engineering (5 Years, Bachelor and Master of Technology (Dual Degree))",AI,OBC-NCL,Female-only (including Supernumerary),2672,2672
1,Indian Institute of Technology (ISM) Dhanbad,"Computer Science and Engineering (5 Years, Bachelor and Master of Technology (Dual Degree))",AI,OBC-NCL,Gender-Neutral,1151,1240
1,Indian Institute of Technology (ISM) Dhanbad,"Computer Science and Engineering (5 Years, Bachelor and Master of Technology (Dual Degree))",AI,SC,Female-only (including Supernumerary),1684,1684
1,Indian Institute of Technology (ISM) Dhanbad,"Computer Science and Engineering (5 Years, Bachelor and Master of Technology (Dual Degree))",AI,SC,Gender-Neutral,589,708
1,Indian Institute of Technology (ISM) Dhanbad,"Computer Science and Engineering (5 Years, Bachelor and Master of Technology (Dual Degree))",AI,ST,Gender-Neutral,432,432
1,Indian Institute of Technology (ISM) Dhanbad,"Electrical Engineering (4 Years, Bachelor of Technology)",AI,General,Female-only (including Supernumerary),7426,8492
1,Indian Institute of Technology (ISM) Dhanbad,"Electrical Engineering (4 Years, Bachelor of Technology)",AI,General,Gender-Neutral,2894,5314
1,Indian Institute of Technology (ISM) Dhanbad,"Electrical Engineering (4 Years, Bachelor of Technology)",AI,OBC-NCL,Gender-Neutral,1534,1991
1,Indian Institute of Technology (ISM) Dhanbad,"Electrical Engineering (4 Years, Bachelor of Technology)",AI,OBC-NCL,Female-only (including Supernumerary),3297,3627
1,Indian Institute of Technology (ISM) Dhanbad,"Electrical Engineering (4 Years, Bachelor of Technology)",AI,SC,Female-only (including Supernumerary),1976,2005
1,Indian Institute of Technology (ISM) Dhanbad,"Electrical Engineering (4 Years, Bachelor of Technology)",AI,SC,Gender-Neutral,836,1150
1,Indian Institute of Technology (ISM) Dhanbad,"Electrical Engineering (4 Years, Bachelor of Technology)",AI,ST,Female-only (including Supernumerary),831,831
1,Indian Institute of Technology (ISM) Dhanbad,"Electrical Engineering (4 Years, Bachelor of Technology)",AI,ST,Gender-Neutral,368,441
1,Indian Institute of Technology (ISM) Dhanbad,"Electronics and Communication Engineering (4 Years, Bachelor of Technology)",AI,General,Gender-Neutral,2961,4709
1,Indian Institute of Technology (ISM) Dhanbad,"Electronics and Communication Engineering (4 Years, Bachelor of Technology)",AI,General,Female-only (including Supernumerary),5456,7692
1,Indian Institute of Technology (ISM) Dhanbad,"Electronics and Communication Engineering (4 Years, Bachelor of Technology)",AI,OBC-NCL,Female-only (including Supernumerary),2892,3241
1,Indian Institute of Technology (ISM) Dhanbad,"Electronics and Communication Engineering (4 Years, Bachelor of Technology)",AI,OBC-NCL,Gender-Neutral,1281,1802
1,Indian Institute of Technology (ISM) Dhanbad,"Electronics and Communication Engineering (4 Years, Bachelor of Technology)",AI,SC,Female-only (including Supernumerary),1777,1919
1,Indian Institute of Technology (ISM) Dhanbad,"Electronics and Communication Engineering (4 Years, Bachelor of Technology)",AI,SC,Gender-Neutral,696,1099
1,Indian Institute of Technology (ISM) Dhanbad,"Electronics and Communication Engineering (4 Years, Bachelor of Technology)",AI,ST,Gender-Neutral,480,547
1,Indian Institute of Technology (ISM) Dhanbad,"Electronics and Communication Engineering (4 Years, Bachelor of Technology)",AI,ST,Female-only (including Supernumerary),800,800
1,Indian Institute of Technology (ISM) Dhanbad,"Electronics and Instrumentation Engineering (4 Years, Bachelor of Technology)",AI,General,Female-only (including Supernumerary),8048,8553
1,Indian Institute of Technology (ISM) Dhanbad,"Electronics and Instrumentation Engineering (4 Years, Bachelor of Technology)",AI,General,Gender-Neutral,5194,6071
1,Indian Institute of Technology (ISM) Dhanbad,"Electronics and Instrumentation Engineering (4 Years, Bachelor of Technology)",AI,OBC-NCL,Female-only (including Supernumerary),3554,3554
1,Indian Institute of Technology (ISM) Dhanbad,"Electronics and Instrumentation Engineering (4 Years, Bachelor of Technology)",AI,OBC-NCL,Gender-Neutral,2035,2527
1,Indian Institute of Technology (ISM) Dhanbad,"Electronics and Instrumentation Engineering (4 Years, Bachelor of Technology)",AI,SC,Female-only (including Supernumerary),1952,1952
1,Indian Institute of Technology (ISM) Dhanbad,"Electronics and Instrumentation Engineering (4 Years, Bachelor of Technology)",AI,SC,Gender-Neutral,1163,1440
1,Indian Institute of Technology (ISM) Dhanbad,"Electronics and Instrumentation Engineering (4 Years, Bachelor of Technology)",AI,ST,Gender-Neutral,598,644
1,Indian Institute of Technology (ISM) Dhanbad,"Electronics and Instrumentation Engineering (4 Years, Bachelor of Technology)",AI,ST,Female-only (including Supernumerary),521,521
1,Indian Institute of Technology (ISM) Dhanbad,"Engineering Physics (4 Years, Bachelor of Technology)",AI,General,Female-only (including Supernumerary),8226,8832
1,Indian Institute of Technology (ISM) Dhanbad,"Engineering Physics (4 Years, Bachelor of Technology)",AI,General,Gender-Neutral,5779,6752
1,Indian Institute of Technology (ISM) Dhanbad,"Engineering Physics (4 Years, Bachelor of Technology)",AI,OBC-NCL,Female-only (including Supernumerary),4814,4814
1,Indian Institute of Technology (ISM) Dhanbad,"Engineering Physics (4 Years, Bachelor of Technology)",AI,OBC-NCL,Gender-Neutral,2665,2928
1,Indian Institute of Technology (ISM) Dhanbad,"Engineering Physics (4 Years, Bachelor of Technology)",AI,SC,Gender-Neutral,1451,1516
1,Indian Institute of Technology (ISM) Dhanbad,"Engineering Physics (4 Years, Bachelor of Technology)",AI,SC,Female-only (including Supernumerary),2739,2739
1,Indian Institute of Technology (ISM) Dhanbad,"Engineering Physics (4 Years, Bachelor of Technology)",AI,ST,Gender-Neutral,844,858
1,Indian Institute of Technology (ISM) Dhanbad,"Environmental Engineering (4 Years, Bachelor of Technology)",AI,General,Female-only (including Supernumerary),10074,12506
1,Indian Institute of Technology (ISM) Dhanbad,"Environmental Engineering (4 Years, Bachelor of Technology)",AI,General,Gender-Neutral,8467,9497
1,Indian Institute of Technology (ISM) Dhanbad,"Environmental Engineering (4 Years, Bachelor of Technology)",AI,OBC-NCL,Female-only (including Supernumerary),6163,6248
1,Indian Institute of Technology (ISM) Dhanbad,"Environmental Engineering (4 Years, Bachelor of Technology)",AI,OBC-NCL,Gender-Neutral,2459,3771
1,Indian Institute of Technology (ISM) Dhanbad,"Environmental Engineering (4 Years, Bachelor of Technology)",AI,SC,Female-only (including Supernumerary),2851,2851
1,Indian Institute of Technology (ISM) Dhanbad,"Environmental Engineering (4 Years, Bachelor of Technology)",AI,SC,Gender-Neutral,1946,2057
1,Indian Institute of Technology (ISM) Dhanbad,"Environmental Engineering (4 Years, Bachelor of Technology)",AI,ST,Gender-Neutral,91,848
1,Indian Institute of Technology (ISM) Dhanbad,"Environmental Engineering (4 Years, Bachelor of Technology)",AI,ST,Female-only (including Supernumerary),749,749
1,Indian Institute of Technology (ISM) Dhanbad,"Mathematics and Computing (5 Years, Integrated Master of Technology)",AI,General,Female-only (including Supernumerary),5635,6980
1,Indian Institute of Technology (ISM) Dhanbad,"Mathematics and Computing (5 Years, Integrated Master of Technology)",AI,General,Gender-Neutral,2893,4058
1,Indian Institute of Technology (ISM) Dhanbad,"Mathematics and Computing (5 Years, Integrated Master of Technology)",AI,OBC-NCL,Gender-Neutral,1243,1675
1,Indian Institute of Technology (ISM) Dhanbad,"Mathematics and Computing (5 Years, Integrated Master of Technology)",AI,OBC-NCL,Female-only (including Supernumerary),3268,3268
1,Indian Institute of Technology (ISM) Dhanbad,"Mathematics and Computing (5 Years, Integrated Master of Technology)",AI,SC,Female-only (including Supernumerary),2171,2171
1,Indian Institute of Technology (ISM) Dhanbad,"Mathematics and Computing (5 Years, Integrated Master of Technology)",AI,SC,Gender-Neutral,737,1039
1,Indian Institute of Technology (ISM) Dhanbad,"Mathematics and Computing (5 Years, Integrated Master of Technology)",AI,ST,Gender-Neutral,492,677
1,Indian Institute of Technology (ISM) Dhanbad,"Mathematics and Computing (5 Years, Integrated Master of Technology)",AI,ST,Female-only (including Supernumerary),389,389
1,Indian Institute of Technology (ISM) Dhanbad,"Mechanical Engineering (4 Years, Bachelor of Technology)",AI,General,Female-only (including Supernumerary),7179,10157
1,Indian Institute of Technology (ISM) Dhanbad,"Mechanical Engineering (4 Years, Bachelor of Technology)",AI,General,Gender-Neutral,3782,6053
1,Indian Institute of Technology (ISM) Dhanbad,"Mechanical Engineering (4 Years, Bachelor of Technology)",AI,General PwD,Gender-Neutral,64,64
1,Indian Institute of Technology (ISM) Dhanbad,"Mechanical Engineering (4 Years, Bachelor of Technology)",AI,OBC-NCL,Female-only (including Supernumerary),3964,4535
1,Indian Institute of Technology (ISM) Dhanbad,"Mechanical Engineering (4 Years, Bachelor of Technology)",AI,OBC-NCL,Gender-Neutral,1711,2164
1,Indian Institute of Technology (ISM) Dhanbad,"Mechanical Engineering (4 Years, Bachelor of Technology)",AI,SC,Gender-Neutral,879,1217
1,Indian Institute of Technology (ISM) Dhanbad,"Mechanical Engineering (4 Years, Bachelor of Technology)",AI,SC,Female-only (including Supernumerary),2115,2375
1,Indian Institute of Technology (ISM) Dhanbad,"Mechanical Engineering (4 Years, Bachelor of Technology)",AI,ST,Female-only (including Supernumerary),872,872
1,Indian Institute of Technology (ISM) Dhanbad,"Mechanical Engineering (4 Years, Bachelor of Technology)",AI,ST,Gender-Neutral,463,528
1,Indian Institute of Technology (ISM) Dhanbad,"Mineral Engineering (4 Years, Bachelor of Technology)",AI,General,Female-only (including Supernumerary),12977,14125
1,Indian Institute of Technology (ISM) Dhanbad,"Mineral Engineering (4 Years, Bachelor of Technology)",AI,General,Gender-Neutral,7963,9400
1,Indian Institute of Technology (ISM) Dhanbad,"Mineral Engineering (4 Years, Bachelor of Technology)",AI,OBC-NCL,Female-only (including Supernumerary),6892,6892
1,Indian Institute of Technology (ISM) Dhanbad,"Mineral Engineering (4 Years, Bachelor of Technology)",AI,OBC-NCL,Gender-Neutral,3385,3824
1,Indian Institute of Technology (ISM) Dhanbad,"Mineral Engineering (4 Years, Bachelor of Technology)",AI,SC,Female-only (including Supernumerary),2970,2970
1,Indian Institute of Technology (ISM) Dhanbad,"Mineral Engineering (4 Years, Bachelor of Technology)",AI,SC,Gender-Neutral,1857,1939
1,Indian Institute of Technology (ISM) Dhanbad,"Mineral Engineering (4 Years, Bachelor of Technology)",AI,ST,Gender-Neutral,127,815
1,Indian Institute of Technology (ISM) Dhanbad,"Mining Engineering (4 Years, Bachelor of Technology)",AI,General,Gender-Neutral,5321,8396
1,Indian Institute of Technology (ISM) Dhanbad,"Mining Engineering (4 Years, Bachelor of Technology)",AI,General,Female-only (including Supernumerary),12204,14111
1,Indian Institute of Technology (ISM) Dhanbad,"Mining Engineering (4 Years, Bachelor of Technology)",AI,OBC-NCL,Female-only (including Supernumerary),5922,6472
1,Indian Institute of Technology (ISM) Dhanbad,"Mining Engineering (4 Years, Bachelor of Technology)",AI,OBC-NCL,Gender-Neutral,2720,3243
1,Indian Institute of Technology (ISM) Dhanbad,"Mining Engineering (4 Years, Bachelor of Technology)",AI,SC,Gender-Neutral,816,1862
1,Indian Institute of Technology (ISM) Dhanbad,"Mining Engineering (4 Years, Bachelor of Technology)",AI,SC,Female-only (including Supernumerary),307,2952
1,Indian Institute of Technology (ISM) Dhanbad,"Mining Engineering (4 Years, Bachelor of Technology)",AI,ST,Gender-Neutral,527,803
1,Indian Institute of Technology (ISM) Dhanbad,"Mining Engineering (4 Years, Bachelor of Technology)",AI,ST,Female-only (including Supernumerary),852,852
1,Indian Institute of Technology (ISM) Dhanbad,"Mining Machinery Engineering (4 Years, Bachelor of Technology)",AI,General,Female-only (including Supernumerary),13761,14593
1,Indian Institute of Technology (ISM) Dhanbad,"Mining Machinery Engineering (4 Years, Bachelor of Technology)",AI,General,Gender-Neutral,6755,8892
1,Indian Institute of Technology (ISM) Dhanbad,"Mining Machinery Engineering (4 Years, Bachelor of Technology)",AI,OBC-NCL,Gender-Neutral,2927,3548
1,Indian Institute of Technology (ISM) Dhanbad,"Mining Machinery Engineering (4 Years, Bachelor of Technology)",AI,OBC-NCL,Female-only (including Supernumerary),6875,6875
1,Indian Institute of Technology (ISM) Dhanbad,"Mining Machinery Engineering (4 Years, Bachelor of Technology)",AI,SC,Gender-Neutral,1165,1761
1,Indian Institute of Technology (ISM) Dhanbad,"Mining Machinery Engineering (4 Years, Bachelor of Technology)",AI,SC,Female-only (including Supernumerary),351,650
1,Indian Institute of Technology (ISM) Dhanbad,"Mining Machinery Engineering (4 Years, Bachelor of Technology)",AI,ST,Gender-Neutral,15,880
1,Indian Institute of Technology (ISM) Dhanbad,"Mining Machinery Engineering (4 Years, Bachelor of Technology)",AI,ST,Female-only (including Supernumerary),576,576
1,Indian Institute of Technology (ISM) Dhanbad,"Petroleum Engineering (4 Years, Bachelor of Technology)",AI,General,Female-only (including Supernumerary),10895,12755
1,Indian Institute of Technology (ISM) Dhanbad,"Petroleum Engineering (4 Years, Bachelor of Technology)",AI,General,Gender-Neutral,5446,7388
1,Indian Institute of Technology (ISM) Dhanbad,"Petroleum Engineering (4 Years, Bachelor of Technology)",AI,OBC-NCL,Female-only (including Supernumerary),4451,5330
1,Indian Institute of Technology (ISM) Dhanbad,"Petroleum Engineering (4 Years, Bachelor of Technology)",AI,OBC-NCL,Gender-Neutral,1882,2762
1,Indian Institute of Technology (ISM) Dhanbad,"Petroleum Engineering (4 Years, Bachelor of Technology)",AI,SC,Gender-Neutral,948,1565
1,Indian Institute of Technology (ISM) Dhanbad,"Petroleum Engineering (4 Years, Bachelor of Technology)",AI,SC,Female-only (including Supernumerary),2093,2093
1,Indian Institute of Technology (ISM) Dhanbad,"Petroleum Engineering (4 Years, Bachelor of Technology)",AI,ST,Gender-Neutral,589,765
1,Indian Institute of Technology (ISM) Dhanbad,"Petroleum Engineering (4 Years, Bachelor of Technology)",AI,ST,Female-only (including Supernumerary),301,301
1,Indian Institute of Technology Ropar,"Chemical Engineering (4 Years, Bachelor of Technology)",AI,General,Female-only (including Supernumerary),10099,10590
1,Indian Institute of Technology Ropar,"Chemical Engineering (4 Years, Bachelor of Technology)",AI,General,Gender-Neutral,5625,7032
1,Indian Institute of Technology Ropar,"Chemical Engineering (4 Years, Bachelor of Technology)",AI,OBC-NCL,Gender-Neutral,2898,3079
1,Indian Institute of Technology Ropar,"Chemical Engineering (4 Years, Bachelor of Technology)",AI,OBC-NCL,Female-only (including Supernumerary),5284,5284
1,Indian Institute of Technology Ropar,"Chemical Engineering (4 Years, Bachelor of Technology)",AI,SC,Female-only (including Supernumerary),1940,1940
1,Indian Institute of Technology Ropar,"Chemical Engineering (4 Years, Bachelor of Technology)",AI,SC,Gender-Neutral,1356,1611
1,Indian Institute of Technology Ropar,"Chemical Engineering (4 Years, Bachelor of Technology)",AI,ST,Gender-Neutral,810,829
1,Indian Institute of Technology Ropar,"Civil Engineering (4 Years, Bachelor of Technology)",AI,General,Gender-Neutral,5548,7052
1,Indian Institute of Technology Ropar,"Civil Engineering (4 Years, Bachelor of Technology)",AI,General,Female-only (including Supernumerary),10125,11170
1,Indian Institute of Technology Ropar,"Civil Engineering (4 Years, Bachelor of Technology)",AI,OBC-NCL,Gender-Neutral,2601,2825
1,Indian Institute of Technology Ropar,"Civil Engineering (4 Years, Bachelor of Technology)",AI,OBC-NCL,Female-only (including Supernumerary),5476,5553
1,Indian Institute of Technology Ropar,"Civil Engineering (4 Years, Bachelor of Technology)",AI,SC,Gender-Neutral,1129,1292
1,Indian Institute of Technology Ropar,"Civil Engineering (4 Years, Bachelor of Technology)",AI,SC,Female-only (including Supernumerary),1966,1966
1,Indian Institute of Technology Ropar,"Civil Engineering (4 Years, Bachelor of Technology)",AI,ST,Gender-Neutral,287,416
1,Indian Institute of Technology Ropar,"Computer Science and Engineering (4 Years, Bachelor of Technology)",AI,General,Gender-Neutral,1315,1897
1,Indian Institute of Technology Ropar,"Computer Science and Engineering (4 Years, Bachelor of Technology)",AI,General,Female-only (including Supernumerary),2948,3766
1,Indian Institute of Technology Ropar,"Computer Science and Engineering (4 Years, Bachelor of Technology)",AI,General PwD,Gender-Neutral,49,49
1,Indian Institute of Technology Ropar,"Computer Science and Engineering (4 Years, Bachelor of Technology)",AI,OBC-NCL,Female-only (including Supernumerary),1663,2390
1,Indian Institute of Technology Ropar,"Computer Science and Engineering (4 Years, Bachelor of Technology)",AI,OBC-NCL,Gender-Neutral,558,903
1,Indian Institute of Technology Ropar,"Computer Science and Engineering (4 Years, Bachelor of Technology)",AI,SC,Gender-Neutral,379,475
1,Indian Institute of Technology Ropar,"Computer Science and Engineering (4 Years, Bachelor of Technology)",AI,SC,Female-only (including Supernumerary),1037,1214
1,Indian Institute of Technology Ropar,"Computer Science and Engineering (4 Years, Bachelor of Technology)",AI,ST,Gender-Neutral,341,371
1,Indian Institute of Technology Ropar,"Computer Science and Engineering (4 Years, Bachelor of Technology)",AI,ST,Female-only (including Supernumerary),488,488
1,Indian Institute of Technology Ropar,"Electrical Engineering (4 Years, Bachelor of Technology)",AI,General,Female-only (including Supernumerary),5826,7108
1,Indian Institute of Technology Ropar,"Electrical Engineering (4 Years, Bachelor of Technology)",AI,General,Gender-Neutral,2352,4124
1,Indian Institute of Technology Ropar,"Electrical Engineering (4 Years, Bachelor of Technology)",AI,OBC-NCL,Female-only (including Supernumerary),3247,3770
1,Indian Institute of Technology Ropar,"Electrical Engineering (4 Years, Bachelor of Technology)",AI,OBC-NCL,Gender-Neutral,1320,2067
1,Indian Institute of Technology Ropar,"Electrical Engineering (4 Years, Bachelor of Technology)",AI,SC,Female-only (including Supernumerary),1691,1831
1,Indian Institute of Technology Ropar,"Electrical Engineering (4 Years, Bachelor of Technology)",AI,SC,Gender-Neutral,939,1168
1,Indian Institute of Technology Ropar,"Electrical Engineering (4 Years, Bachelor of Technology)",AI,ST,Gender-Neutral,424,448
1,Indian Institute of Technology Ropar,"Electrical Engineering (4 Years, Bachelor of Technology)",AI,ST,Female-only (including Supernumerary),789,789
1,Indian Institute of Technology Ropar,"Mechanical Engineering (4 Years, Bachelor of Technology)",AI,General,Gender-Neutral,4327,5329
1,Indian Institute of Technology Ropar,"Mechanical Engineering (4 Years, Bachelor of Technology)",AI,General,Female-only (including Supernumerary),7999,9676
1,Indian Institute of Technology Ropar,"Mechanical Engineering (4 Years, Bachelor of Technology)",AI,OBC-NCL,Gender-Neutral,1762,2408
1,Indian Institute of Technology Ropar,"Mechanical Engineering (4 Years, Bachelor of Technology)",AI,OBC-NCL,Female-only (including Supernumerary),4877,5329
1,Indian Institute of Technology Ropar,"Mechanical Engineering (4 Years, Bachelor of Technology)",AI,SC,Gender-Neutral,1049,1268
1,Indian Institute of Technology Ropar,"Mechanical Engineering (4 Years, Bachelor of Technology)",AI,SC,Female-only (including Supernumerary),2091,2422
1,Indian Institute of Technology Ropar,"Mechanical Engineering (4 Years, Bachelor of Technology)",AI,ST,Gender-Neutral,508,564
1,Indian Institute of Technology Ropar,"Mechanical Engineering (4 Years, Bachelor of Technology)",AI,ST,Female-only (including Supernumerary),212,212
1,Indian Institute of Technology Ropar,"Mechanical Engineering (5 Years, Bachelor and Master of Technology (Dual Degree))",AI,General,Female-only (including Supernumerary),10453,10453
1,Indian Institute of Technology Ropar,"Mechanical Engineering (5 Years, Bachelor and Master of Technology (Dual Degree))",AI,General,Gender-Neutral,5448,5760
1,Indian Institute of Technology Ropar,"Mechanical Engineering (5 Years, Bachelor and Master of Technology (Dual Degree))",AI,OBC-NCL,Gender-Neutral,2240,2637
1,Indian Institute of Technology Ropar,"Mechanical Engineering (5 Years, Bachelor and Master of Technology (Dual Degree))",AI,SC,Gender-Neutral,1260,1307
1,Indian Institute of Technology Ropar,"Mechanical Engineering (5 Years, Bachelor and Master of Technology (Dual Degree))",AI,ST,Female-only (including Supernumerary),291,291
1,Indian Institute of Technology Ropar,"Mechanical Engineering (5 Years, Bachelor and Master of Technology (Dual Degree))",AI,ST,Gender-Neutral,548,548
1,Indian Institute of Technology Ropar,"Metallurgical and Materials Engineering (4 Years, Bachelor of Technology)",AI,General,Female-only (including Supernumerary),12502,12502
1,Indian Institute of Technology Ropar,"Metallurgical and Materials Engineering (4 Years, Bachelor of Technology)",AI,General,Gender-Neutral,7989,8441
1,Indian Institute of Technology Ropar,"Metallurgical and Materials Engineering (4 Years, Bachelor of Technology)",AI,OBC-NCL,Female-only (including Supernumerary),6244,6244
1,Indian Institute of Technology Ropar,"Metallurgical and Materials Engineering (4 Years, Bachelor of Technology)",AI,OBC-NCL,Gender-Neutral,3440,3599
1,Indian Institute of Technology Ropar,"Metallurgical and Materials Engineering (4 Years, Bachelor of Technology)",AI,SC,Female-only (including Supernumerary),2939,2939
1,Indian Institute of Technology Ropar,"Metallurgical and Materials Engineering (4 Years, Bachelor of Technology)",AI,SC,Gender-Neutral,1796,1874
1,Indian Institute of Technology Ropar,"Metallurgical and Materials Engineering (4 Years, Bachelor of Technology)",AI,ST,Gender-Neutral,105,126
1,Indian Institute of Technology (BHU) Varanasi,"Biochemical Engineering with M.Tech. in Biochemical Engineering and Biotechnology (5 Years, Bachelor and Master of Technology (Dual Degree))",AI,General,Gender-Neutral,7915,9038
1,Indian Institute of Technology (BHU) Varanasi,"Biochemical Engineering with M.Tech. in Biochemical Engineering and Biotechnology (5 Years, Bachelor and Master of Technology (Dual Degree))",AI,General,Female-only (including Supernumerary),12015,12275
1,Indian Institute of Technology (BHU) Varanasi,"Biochemical Engineering with M.Tech. in Biochemical Engineering and Biotechnology (5 Years, Bachelor and Master of Technology (Dual Degree))",AI,OBC-NCL,Female-only (including Supernumerary),6308,6308
1,Indian Institute of Technology (BHU) Varanasi,"Biochemical Engineering with M.Tech. in Biochemical Engineering and Biotechnology (5 Years, Bachelor and Master of Technology (Dual Degree))",AI,OBC-NCL,Gender-Neutral,3605,3945
1,Indian Institute of Technology (BHU) Varanasi,"Biochemical Engineering with M.Tech. in Biochemical Engineering and Biotechnology (5 Years, Bachelor and Master of Technology (Dual Degree))",AI,SC,Gender-Neutral,1854,2071
1,Indian Institute of Technology (BHU) Varanasi,"Biochemical Engineering with M.Tech. in Biochemical Engineering and Biotechnology (5 Years, Bachelor and Master of Technology (Dual Degree))",AI,ST,Gender-Neutral,393,432
1,Indian Institute of Technology (BHU) Varanasi,"Bioengineering with M.Tech in Biomedical Technology (5 Years, Bachelor and Master of Technology (Dual Degree))",AI,General,Female-only (including Supernumerary),12533,12533
1,Indian Institute of Technology (BHU) Varanasi,"Bioengineering with M.Tech in Biomedical Technology (5 Years, Bachelor and Master of Technology (Dual Degree))",AI,General,Gender-Neutral,8102,9625
1,Indian Institute of Technology (BHU) Varanasi,"Bioengineering with M.Tech in Biomedical Technology (5 Years, Bachelor and Master of Technology (Dual Degree))",AI,OBC-NCL,Female-only (including Supernumerary),6454,6454
1,Indian Institute of Technology (BHU) Varanasi,"Bioengineering with M.Tech in Biomedical Technology (5 Years, Bachelor and Master of Technology (Dual Degree))",AI,OBC-NCL,Gender-Neutral,3944,4024
1,Indian Institute of Technology (BHU) Varanasi,"Bioengineering with M.Tech in Biomedical Technology (5 Years, Bachelor and Master of Technology (Dual Degree))",AI,SC,Gender-Neutral,2077,2121
1,Indian Institute of Technology (BHU) Varanasi,"Bioengineering with M.Tech in Biomedical Technology (5 Years, Bachelor and Master of Technology (Dual Degree))",AI,ST,Gender-Neutral,388,388
1,Indian Institute of Technology (BHU) Varanasi,"Bioengineering with M.Tech in Biomedical Technology (5 Years, Bachelor and Master of Technology (Dual Degree))",AI,ST,Female-only (including Supernumerary),744,744
1,Indian Institute of Technology (BHU) Varanasi,"Ceramic Engineering (4 Years, Bachelor of Technology)",AI,General,Gender-Neutral,5972,8716
1,Indian Institute of Technology (BHU) Varanasi,"Ceramic Engineering (4 Years, Bachelor of Technology)",AI,General,Female-only (including Supernumerary),11100,12435
1,Indian Institute of Technology (BHU) Varanasi,"Ceramic Engineering (4 Years, Bachelor of Technology)",AI,OBC-NCL,Female-only (including Supernumerary),5130,5130
1,Indian Institute of Technology (BHU) Varanasi,"Ceramic Engineering (4 Years, Bachelor of Technology)",AI,OBC-NCL,Gender-Neutral,3264,3764
1,Indian Institute of Technology (BHU) Varanasi,"Ceramic Engineering (4 Years, Bachelor of Technology)",AI,SC,Gender-Neutral,1636,2023
1,Indian Institute of Technology (BHU) Varanasi,"Ceramic Engineering (4 Years, Bachelor of Technology)",AI,SC,Female-only (including Supernumerary),2943,2943
1,Indian Institute of Technology (BHU) Varanasi,"Ceramic Engineering (4 Years, Bachelor of Technology)",AI,ST,Gender-Neutral,170,170
1,Indian Institute of Technology (BHU) Varanasi,"Ceramic Engineering (5 Years, Bachelor and Master of Technology (Dual Degree))",AI,General,Female-only (including Supernumerary),12940,13082
1,Indian Institute of Technology (BHU) Varanasi,"Ceramic Engineering (5 Years, Bachelor and Master of Technology (Dual Degree))",AI,General,Gender-Neutral,8706,9567
1,Indian Institute of Technology (BHU) Varanasi,"Ceramic Engineering (5 Years, Bachelor and Master of Technology (Dual Degree))",AI,OBC-NCL,Gender-Neutral,3632,3909
1,Indian Institute of Technology (BHU) Varanasi,"Ceramic Engineering (5 Years, Bachelor and Master of Technology (Dual Degree))",AI,SC,Gender-Neutral,2050,2136
1,Indian Institute of Technology (BHU) Varanasi,"Ceramic Engineering (5 Years, Bachelor and Master of Technology (Dual Degree))",AI,ST,Gender-Neutral,353,357
1,Indian Institute of Technology (BHU) Varanasi,"Chemical Engineering (4 Years, Bachelor of Technology)",AI,General,Gender-Neutral,4116,5562
1,Indian Institute of Technology (BHU) Varanasi,"Chemical Engineering (4 Years, Bachelor of Technology)",AI,General,Female-only (including Supernumerary),7055,9406
1,Indian Institute of Technology (BHU) Varanasi,"Chemical Engineering (4 Years, Bachelor of Technology)",AI,OBC-NCL,Female-only (including Supernumerary),3391,4888
1,Indian Institute of Technology (BHU) Varanasi,"Chemical Engineering (4 Years, Bachelor of Technology)",AI,OBC-NCL,Gender-Neutral,1902,2479
1,Indian Institute of Technology (BHU) Varanasi,"Chemical Engineering (4 Years, Bachelor of Technology)",AI,SC,Female-only (including Supernumerary),1963,2266
1,Indian Institute of Technology (BHU) Varanasi,"Chemical Engineering (4 Years, Bachelor of Technology)",AI,SC,Gender-Neutral,924,1401
1,Indian Institute of Technology (BHU) Varanasi,"Chemical Engineering (4 Years, Bachelor of Technology)",AI,ST,Female-only (including Supernumerary),421,421
1,Indian Institute of Technology (BHU) Varanasi,"Chemical Engineering (4 Years, Bachelor of Technology)",AI,ST,Gender-Neutral,702,781
1,Indian Institute of Technology (BHU) Varanasi,"Civil Engineering (4 Years, Bachelor of Technology)",AI,General,Female-only (including Supernumerary),8504,9412
1,Indian Institute of Technology (BHU) Varanasi,"Civil Engineering (4 Years, Bachelor of Technology)",AI,General,Gender-Neutral,4411,5774
1,Indian Institute of Technology (BHU) Varanasi,"Civil Engineering (4 Years, Bachelor of Technology)",AI,OBC-NCL,Female-only (including Supernumerary),3957,4605
1,Indian Institute of Technology (BHU) Varanasi,"Civil Engineering (4 Years, Bachelor of Technology)",AI,OBC-NCL,Gender-Neutral,1724,2274
1,Indian Institute of Technology (BHU) Varanasi,"Civil Engineering (4 Years, Bachelor of Technology)",AI,SC,Gender-Neutral,615,1144
1,Indian Institute of Technology (BHU) Varanasi,"Civil Engineering (4 Years, Bachelor of Technology)",AI,SC,Female-only (including Supernumerary),1736,1814
1,Indian Institute of Technology (BHU) Varanasi,"Civil Engineering (4 Years, Bachelor of Technology)",AI,ST,Gender-Neutral,281,360
1,Indian Institute of Technology (BHU) Varanasi,"Civil Engineering (4 Years, Bachelor of Technology)",AI,ST,Female-only (including Supernumerary),713,713
1,Indian Institute of Technology (BHU) Varanasi,"Civil Engineering (5 Years, Bachelor and Master of Technology (Dual Degree))",AI,General,Gender-Neutral,5662,6500
1,Indian Institute of Technology (BHU) Varanasi,"Civil Engineering (5 Years, Bachelor and Master of Technology (Dual Degree))",AI,General,Female-only (including Supernumerary),9021,9021
1,Indian Institute of Technology (BHU) Varanasi,"Civil Engineering (5 Years, Bachelor and Master of Technology (Dual Degree))",AI,OBC-NCL,Gender-Neutral,2317,2493
1,Indian Institute of Technology (BHU) Varanasi,"Civil Engineering (5 Years, Bachelor and Master of Technology (Dual Degree))",AI,OBC-NCL,Female-only (including Supernumerary),4629,4950
1,Indian Institute of Technology (BHU) Varanasi,"Civil Engineering (5 Years, Bachelor and Master of Technology (Dual Degree))",AI,SC,Gender-Neutral,1174,1385
1,Indian Institute of Technology (BHU) Varanasi,"Civil Engineering (5 Years, Bachelor and Master of Technology (Dual Degree))",AI,ST,Gender-Neutral,366,397
1,Indian Institute of Technology (BHU) Varanasi,"Computer Science and Engineering (4 Years, Bachelor of Technology)",AI,General,Female-only (including Supernumerary),1423,1738
1,Indian Institute of Technology (BHU) Varanasi,"Computer Science and Engineering (4 Years, Bachelor of Technology)",AI,General,Gender-Neutral,527,903
1,Indian Institute of Technology (BHU) Varanasi,"Computer Science and Engineering (4 Years, Bachelor of Technology)",AI,OBC-NCL,Female-only (including Supernumerary),940,962
1,Indian Institute of Technology (BHU) Varanasi,"Computer Science and Engineering (4 Years, Bachelor of Technology)",AI,OBC-NCL,Gender-Neutral,235,373
1,Indian Institute of Technology (BHU) Varanasi,"Computer Science and Engineering (4 Years, Bachelor of Technology)",AI,SC,Gender-Neutral,137,243
1,Indian Institute of Technology (BHU) Varanasi,"Computer Science and Engineering (4 Years, Bachelor of Technology)",AI,SC,Female-only (including Supernumerary),629,730
1,Indian Institute of Technology (BHU) Varanasi,"Computer Science and Engineering (4 Years, Bachelor of Technology)",AI,ST,Female-only (including Supernumerary),515,515
1,Indian Institute of Technology (BHU) Varanasi,"Computer Science and Engineering (4 Years, Bachelor of Technology)",AI,ST,Gender-Neutral,135,151
1,Indian Institute of Technology (BHU) Varanasi,"Computer Science and Engineering (5 Years, Bachelor and Master of Technology (Dual Degree))",AI,General,Gender-Neutral,922,977
1,Indian Institute of Technology (BHU) Varanasi,"Computer Science and Engineering (5 Years, Bachelor and Master of Technology (Dual Degree))",AI,General,Female-only (including Supernumerary),2287,2287
1,Indian Institute of Technology (BHU) Varanasi,"Computer Science and Engineering (5 Years, Bachelor and Master of Technology (Dual Degree))",AI,OBC-NCL,Female-only (including Supernumerary),1477,1477
1,Indian Institute of Technology (BHU) Varanasi,"Computer Science and Engineering (5 Years, Bachelor and Master of Technology (Dual Degree))",AI,OBC-NCL,Gender-Neutral,434,484
1,Indian Institute of Technology (BHU) Varanasi,"Computer Science and Engineering (5 Years, Bachelor and Master of Technology (Dual Degree))",AI,OBC-NCL(PwD),Gender-Neutral,3,3
1,Indian Institute of Technology (BHU) Varanasi,"Computer Science and Engineering (5 Years, Bachelor and Master of Technology (Dual Degree))",AI,SC,Gender-Neutral,256,279
1,Indian Institute of Technology (BHU) Varanasi,"Computer Science and Engineering (5 Years, Bachelor and Master of Technology (Dual Degree))",AI,SC,Female-only (including Supernumerary),1104,1104
1,Indian Institute of Technology (BHU) Varanasi,"Computer Science and Engineering (5 Years, Bachelor and Master of Technology (Dual Degree))",AI,ST,Gender-Neutral,170,170
1,Indian Institute of Technology (BHU) Varanasi,"Electrical Engineering (4 Years, Bachelor of Technology)",AI,General,Gender-Neutral,1843,2817
1,Indian Institute of Technology (BHU) Varanasi,"Electrical Engineering (4 Years, Bachelor of Technology)",AI,General,Female-only (including Supernumerary),3727,5239
1,Indian Institute of Technology (BHU) Varanasi,"Electrical Engineering (4 Years, Bachelor of Technology)",AI,General PwD,Gender-Neutral,58,58
1,Indian Institute of Technology (BHU) Varanasi,"Electrical Engineering (4 Years, Bachelor of Technology)",AI,OBC-NCL,Gender-Neutral,908,1341
1,Indian Institute of Technology (BHU) Varanasi,"Electrical Engineering (4 Years, Bachelor of Technology)",AI,OBC-NCL,Female-only (including Supernumerary),2139,2769
1,Indian Institute of Technology (BHU) Varanasi,"Electrical Engineering (4 Years, Bachelor of Technology)",AI,SC,Female-only (including Supernumerary),1280,1347
1,Indian Institute of Technology (BHU) Varanasi,"Electrical Engineering (4 Years, Bachelor of Technology)",AI,SC,Gender-Neutral,594,726
1,Indian Institute of Technology (BHU) Varanasi,"Electrical Engineering (4 Years, Bachelor of Technology)",AI,ST,Female-only (including Supernumerary),604,604
1,Indian Institute of Technology (BHU) Varanasi,"Electrical Engineering (4 Years, Bachelor of Technology)",AI,ST,Gender-Neutral,250,355
1,Indian Institute of Technology (BHU) Varanasi,"Electrical Engineering with M.Tech. in Power Electronics (5 Years, Bachelor and Master of Technology (Dual Degree))",AI,General,Gender-Neutral,2863,3202
1,Indian Institute of Technology (BHU) Varanasi,"Electrical Engineering with M.Tech. in Power Electronics (5 Years, Bachelor and Master of Technology (Dual Degree))",AI,General,Female-only (including Supernumerary),5408,5485
1,Indian Institute of Technology (BHU) Varanasi,"Electrical Engineering with M.Tech. in Power Electronics (5 Years, Bachelor and Master of Technology (Dual Degree))",AI,OBC-NCL,Female-only (including Supernumerary),3053,3053
1,Indian Institute of Technology (BHU) Varanasi,"Electrical Engineering with M.Tech. in Power Electronics (5 Years, Bachelor and Master of Technology (Dual Degree))",AI,OBC-NCL,Gender-Neutral,1303,1584
1,Indian Institute of Technology (BHU) Varanasi,"Electrical Engineering with M.Tech. in Power Electronics (5 Years, Bachelor and Master of Technology (Dual Degree))",AI,SC,Gender-Neutral,765,888
1,Indian Institute of Technology (BHU) Varanasi,"Electrical Engineering with M.Tech. in Power Electronics (5 Years, Bachelor and Master of Technology (Dual Degree))",AI,ST,Gender-Neutral,359,411
1,Indian Institute of Technology (BHU) Varanasi,"Electronics Engineering (4 Years, Bachelor of Technology)",AI,General,Gender-Neutral,1584,2309
1,Indian Institute of Technology (BHU) Varanasi,"Electronics Engineering (4 Years, Bachelor of Technology)",AI,General,Female-only (including Supernumerary),3917,4027
1,Indian Institute of Technology (BHU) Varanasi,"Electronics Engineering (4 Years, Bachelor of Technology)",AI,General PwD,Gender-Neutral,7,7
1,Indian Institute of Technology (BHU) Varanasi,"Electronics Engineering (4 Years, Bachelor of Technology)",AI,OBC-NCL,Female-only (including Supernumerary),2319,2524
1,Indian Institute of Technology (BHU) Varanasi,"Electronics Engineering (4 Years, Bachelor of Technology)",AI,OBC-NCL,Gender-Neutral,804,1125
1,Indian Institute of Technology (BHU) Varanasi,"Electronics Engineering (4 Years, Bachelor of Technology)",AI,SC,Gender-Neutral,597,791
1,Indian Institute of Technology (BHU) Varanasi,"Electronics Engineering (4 Years, Bachelor of Technology)",AI,SC,Female-only (including Supernumerary),1358,1374
1,Indian Institute of Technology (BHU) Varanasi,"Electronics Engineering (4 Years, Bachelor of Technology)",AI,ST,Female-only (including Supernumerary),734,903
1,Indian Institute of Technology (BHU) Varanasi,"Electronics Engineering (4 Years, Bachelor of Technology)",AI,ST,Gender-Neutral,327,340
1,Indian Institute of Technology (BHU) Varanasi,"Engineering Physics (5 Years, Bachelor and Master of Technology (Dual Degree))",AI,General,Gender-Neutral,5078,6026
1,Indian Institute of Technology (BHU) Varanasi,"Engineering Physics (5 Years, Bachelor and Master of Technology (Dual Degree))",AI,General,Female-only (including Supernumerary),9691,10147
1,Indian Institute of Technology (BHU) Varanasi,"Engineering Physics (5 Years, Bachelor and Master of Technology (Dual Degree))",AI,OBC-NCL,Female-only (including Supernumerary),5690,5690
1,Indian Institute of Technology (BHU) Varanasi,"Engineering Physics (5 Years, Bachelor and Master of Technology (Dual Degree))",AI,OBC-NCL,Gender-Neutral,2143,2768
1,Indian Institute of Technology (BHU) Varanasi,"Engineering Physics (5 Years, Bachelor and Master of Technology (Dual Degree))",AI,SC,Gender-Neutral,1544,1759
1,Indian Institute of Technology (BHU) Varanasi,"Engineering Physics (5 Years, Bachelor and Master of Technology (Dual Degree))",AI,ST,Gender-Neutral,868,875
1,Indian Institute of Technology (BHU) Varanasi,"Industrial Chemistry (5 Years, Bachelor and Master of Technology (Dual Degree))",AI,General,Female-only (including Supernumerary),11739,11739
1,Indian Institute of Technology (BHU) Varanasi,"Industrial Chemistry (5 Years, Bachelor and Master of Technology (Dual Degree))",AI,General,Gender-Neutral,8137,8999
1,Indian Institute of Technology (BHU) Varanasi,"Industrial Chemistry (5 Years, Bachelor and Master of Technology (Dual Degree))",AI,OBC-NCL,Gender-Neutral,3637,3768
1,Indian Institute of Technology (BHU) Varanasi,"Industrial Chemistry (5 Years, Bachelor and Master of Technology (Dual Degree))",AI,OBC-NCL,Female-only (including Supernumerary),6813,6813
1,Indian Institute of Technology (BHU) Varanasi,"Industrial Chemistry (5 Years, Bachelor and Master of Technology (Dual Degree))",AI,SC,Female-only (including Supernumerary),2856,2856
1,Indian Institute of Technology (BHU) Varanasi,"Industrial Chemistry (5 Years, Bachelor and Master of Technology (Dual Degree))",AI,SC,Gender-Neutral,1950,1995
1,Indian Institute of Technology (BHU) Varanasi,"Industrial Chemistry (5 Years, Bachelor and Master of Technology (Dual Degree))",AI,ST,Gender-Neutral,874,874
1,Indian Institute of Technology (BHU) Varanasi,"Materials Science and Technology (5 Years, Bachelor and Master of Technology (Dual Degree))",AI,General,Gender-Neutral,6694,7788
1,Indian Institute of Technology (BHU) Varanasi,"Materials Science and Technology (5 Years, Bachelor and Master of Technology (Dual Degree))",AI,General,Female-only (including Supernumerary),11173,11422
1,Indian Institute of Technology (BHU) Varanasi,"Materials Science and Technology (5 Years, Bachelor and Master of Technology (Dual Degree))",AI,OBC-NCL,Female-only (including Supernumerary),6189,6189
1,Indian Institute of Technology (BHU) Varanasi,"Materials Science and Technology (5 Years, Bachelor and Master of Technology (Dual Degree))",AI,OBC-NCL,Gender-Neutral,3359,3744
1,Indian Institute of Technology (BHU) Varanasi,"Materials Science and Technology (5 Years, Bachelor and Master of Technology (Dual Degree))",AI,SC,Gender-Neutral,1872,1922
1,Indian Institute of Technology (BHU) Varanasi,"Materials Science and Technology (5 Years, Bachelor and Master of Technology (Dual Degree))",AI,ST,Gender-Neutral,255,333
1,Indian Institute of Technology (BHU) Varanasi,"Mathematics and Computing (5 Years, Bachelor and Master of Technology (Dual Degree))",AI,General,Gender-Neutral,1136,1439
1,Indian Institute of Technology (BHU) Varanasi,"Mathematics and Computing (5 Years, Bachelor and Master of Technology (Dual Degree))",AI,General,Female-only (including Supernumerary),2506,2506
1,Indian Institute of Technology (BHU) Varanasi,"Mathematics and Computing (5 Years, Bachelor and Master of Technology (Dual Degree))",AI,OBC-NCL,Female-only (including Supernumerary),2445,2445
1,Indian Institute of Technology (BHU) Varanasi,"Mathematics and Computing (5 Years, Bachelor and Master of Technology (Dual Degree))",AI,OBC-NCL,Gender-Neutral,584,809
1,Indian Institute of Technology (BHU) Varanasi,"Mathematics and Computing (5 Years, Bachelor and Master of Technology (Dual Degree))",AI,SC,Gender-Neutral,502,709
1,Indian Institute of Technology (BHU) Varanasi,"Mathematics and Computing (5 Years, Bachelor and Master of Technology (Dual Degree))",AI,ST,Gender-Neutral,523,523
1,Indian Institute of Technology (BHU) Varanasi,"Mathematics and Computing (5 Years, Bachelor and Master of Technology (Dual Degree))",AI,ST,Female-only (including Supernumerary),722,722
1,Indian Institute of Technology (BHU) Varanasi,"Mechanical Engineering (4 Years, Bachelor of Technology)",AI,General,Gender-Neutral,2801,3647
1,Indian Institute of Technology (BHU) Varanasi,"Mechanical Engineering (4 Years, Bachelor of Technology)",AI,General,Female-only (including Supernumerary),5306,7827
1,Indian Institute of Technology (BHU) Varanasi,"Mechanical Engineering (4 Years, Bachelor of Technology)",AI,OBC-NCL,Gender-Neutral,1165,1503
1,Indian Institute of Technology (BHU) Varanasi,"Mechanical Engineering (4 Years, Bachelor of Technology)",AI,OBC-NCL,Female-only (including Supernumerary),3574,4149
1,Indian Institute of Technology (BHU) Varanasi,"Mechanical Engineering (4 Years, Bachelor of Technology)",AI,SC,Gender-Neutral,735,922
1,Indian Institute of Technology (BHU) Varanasi,"Mechanical Engineering (4 Years, Bachelor of Technology)",AI,SC,Female-only (including Supernumerary),2061,2168
1,Indian Institute of Technology (BHU) Varanasi,"Mechanical Engineering (4 Years, Bachelor of Technology)",AI,ST,Gender-Neutral,298,398
1,Indian Institute of Technology (BHU) Varanasi,"Mechanical Engineering (4 Years, Bachelor of Technology)",AI,ST,Female-only (including Supernumerary),854,854
1,Indian Institute of Technology (BHU) Varanasi,"Mechanical Engineering (5 Years, Bachelor and Master of Technology (Dual Degree))",AI,General,Gender-Neutral,3719,4292
1,Indian Institute of Technology (BHU) Varanasi,"Mechanical Engineering (5 Years, Bachelor and Master of Technology (Dual Degree))",AI,General,Female-only (including Supernumerary),7849,8123
1,Indian Institute of Technology (BHU) Varanasi,"Mechanical Engineering (5 Years, Bachelor and Master of Technology (Dual Degree))",AI,OBC-NCL,Gender-Neutral,1479,1698
1,Indian Institute of Technology (BHU) Varanasi,"Mechanical Engineering (5 Years, Bachelor and Master of Technology (Dual Degree))",AI,SC,Gender-Neutral,1203,1297
1,Indian Institute of Technology (BHU) Varanasi,"Mechanical Engineering (5 Years, Bachelor and Master of Technology (Dual Degree))",AI,ST,Gender-Neutral,453,457
1,Indian Institute of Technology (BHU) Varanasi,"Metallurgical Engineering (4 Years, Bachelor of Technology)",AI,General,Female-only (including Supernumerary),9797,10897
1,Indian Institute of Technology (BHU) Varanasi,"Metallurgical Engineering (4 Years, Bachelor of Technology)",AI,General,Gender-Neutral,5786,6821
1,Indian Institute of Technology (BHU) Varanasi,"Metallurgical Engineering (4 Years, Bachelor of Technology)",AI,OBC-NCL,Female-only (including Supernumerary),5472,5701
1,Indian Institute of Technology (BHU) Varanasi,"Metallurgical Engineering (4 Years, Bachelor of Technology)",AI,OBC-NCL,Gender-Neutral,2559,3257
1,Indian Institute of Technology (BHU) Varanasi,"Metallurgical Engineering (4 Years, Bachelor of Technology)",AI,SC,Female-only (including Supernumerary),2595,2595
1,Indian Institute of Technology (BHU) Varanasi,"Metallurgical Engineering (4 Years, Bachelor of Technology)",AI,SC,Gender-Neutral,1495,1782
1,Indian Institute of Technology (BHU) Varanasi,"Metallurgical Engineering (4 Years, Bachelor of Technology)",AI,ST,Gender-Neutral,747,887
1,Indian Institute of Technology (BHU) Varanasi,"Metallurgical Engineering (4 Years, Bachelor of Technology)",AI,ST,Female-only (including Supernumerary),524,524
1,Indian Institute of Technology (BHU) Varanasi,"Metallurgical Engineering (5 Years, Bachelor and Master of Technology (Dual Degree))",AI,General,Female-only (including Supernumerary),10962,11822
1,Indian Institute of Technology (BHU) Varanasi,"Metallurgical Engineering (5 Years, Bachelor and Master of Technology (Dual Degree))",AI,General,Gender-Neutral,6874,8144
1,Indian Institute of Technology (BHU) Varanasi,"Metallurgical Engineering (5 Years, Bachelor and Master of Technology (Dual Degree))",AI,OBC-NCL,Female-only (including Supernumerary),6334,6334
1,Indian Institute of Technology (BHU) Varanasi,"Metallurgical Engineering (5 Years, Bachelor and Master of Technology (Dual Degree))",AI,OBC-NCL,Gender-Neutral,3436,3576
1,Indian Institute of Technology (BHU) Varanasi,"Metallurgical Engineering (5 Years, Bachelor and Master of Technology (Dual Degree))",AI,SC,Gender-Neutral,1792,1842
1,Indian Institute of Technology (BHU) Varanasi,"Metallurgical Engineering (5 Years, Bachelor and Master of Technology (Dual Degree))",AI,ST,Gender-Neutral,74,159
1,Indian Institute of Technology (BHU) Varanasi,"Mining Engineering (4 Years, Bachelor of Technology)",AI,General,Gender-Neutral,6609,8809
1,Indian Institute of Technology (BHU) Varanasi,"Mining Engineering (4 Years, Bachelor of Technology)",AI,General,Female-only (including Supernumerary),12698,13555
1,Indian Institute of Technology (BHU) Varanasi,"Mining Engineering (4 Years, Bachelor of Technology)",AI,OBC-NCL,Female-only (including Supernumerary),6346,6878
1,Indian Institute of Technology (BHU) Varanasi,"Mining Engineering (4 Years, Bachelor of Technology)",AI,OBC-NCL,Gender-Neutral,2605,3619
1,Indian Institute of Technology (BHU) Varanasi,"Mining Engineering (4 Years, Bachelor of Technology)",AI,SC,Female-only (including Supernumerary),20,2976
1,Indian Institute of Technology (BHU) Varanasi,"Mining Engineering (4 Years, Bachelor of Technology)",AI,SC,Gender-Neutral,1407,1900
1,Indian Institute of Technology (BHU) Varanasi,"Mining Engineering (4 Years, Bachelor of Technology)",AI,ST,Gender-Neutral,65,891
1,Indian Institute of Technology (BHU) Varanasi,"Mining Engineering (5 Years, Bachelor and Master of Technology (Dual Degree))",AI,General,Female-only (including Supernumerary),13604,14250
1,Indian Institute of Technology (BHU) Varanasi,"Mining Engineering (5 Years, Bachelor and Master of Technology (Dual Degree))",AI,General,Gender-Neutral,8825,9302
1,Indian Institute of Technology (BHU) Varanasi,"Mining Engineering (5 Years, Bachelor and Master of Technology (Dual Degree))",AI,OBC-NCL,Gender-Neutral,3699,3853
1,Indian Institute of Technology (BHU) Varanasi,"Mining Engineering (5 Years, Bachelor and Master of Technology (Dual Degree))",AI,SC,Gender-Neutral,1774,1892
1,Indian Institute of Technology (BHU) Varanasi,"Mining Engineering (5 Years, Bachelor and Master of Technology (Dual Degree))",AI,ST,Gender-Neutral,12,149
1,Indian Institute of Technology (BHU) Varanasi,"Pharmaceutical Engineering & Technology (4 Years, Bachelor of Technology)",AI,General,Female-only (including Supernumerary),9434,13567
1,Indian Institute of Technology (BHU) Varanasi,"Pharmaceutical Engineering & Technology (4 Years, Bachelor of Technology)",AI,General,Gender-Neutral,6792,9549
1,Indian Institute of Technology (BHU) Varanasi,"Pharmaceutical Engineering & Technology (4 Years, Bachelor of Technology)",AI,OBC-NCL,Female-only (including Supernumerary),5917,5917
1,Indian Institute of Technology (BHU) Varanasi,"Pharmaceutical Engineering & Technology (4 Years, Bachelor of Technology)",AI,OBC-NCL,Gender-Neutral,3426,4014
1,Indian Institute of Technology (BHU) Varanasi,"Pharmaceutical Engineering & Technology (4 Years, Bachelor of Technology)",AI,SC,Female-only (including Supernumerary),2599,2599
1,Indian Institute of Technology (BHU) Varanasi,"Pharmaceutical Engineering & Technology (4 Years, Bachelor of Technology)",AI,SC,Gender-Neutral,1955,2032
1,Indian Institute of Technology (BHU) Varanasi,"Pharmaceutical Engineering & Technology (4 Years, Bachelor of Technology)",AI,ST,Gender-Neutral,157,378
1,Indian Institute of Technology (BHU) Varanasi,"Pharmaceutical Engineering & Technology (5 Years, Bachelor and Master of Technology (Dual Degree))",AI,General,Gender-Neutral,7518,9699
1,Indian Institute of Technology (BHU) Varanasi,"Pharmaceutical Engineering & Technology (5 Years, Bachelor and Master of Technology (Dual Degree))",AI,General,Female-only (including Supernumerary),13629,14003
1,Indian Institute of Technology (BHU) Varanasi,"Pharmaceutical Engineering & Technology (5 Years, Bachelor and Master of Technology (Dual Degree))",AI,OBC-NCL,Gender-Neutral,3686,4026
1,Indian Institute of Technology (BHU) Varanasi,"Pharmaceutical Engineering & Technology (5 Years, Bachelor and Master of Technology (Dual Degree))",AI,SC,Gender-Neutral,2034,2127
1,Indian Institute of Technology (BHU) Varanasi,"Pharmaceutical Engineering & Technology (5 Years, Bachelor and Master of Technology (Dual Degree))",AI,ST,Gender-Neutral,364,455
1,Indian Institute of Technology Guwahati,"Bio Technology (4 Years, Bachelor of Technology)",AI,General,Female-only (including Supernumerary),9122,9761
1,Indian Institute of Technology Guwahati,"Bio Technology (4 Years, Bachelor of Technology)",AI,General,Gender-Neutral,5543,7062
1,Indian Institute of Technology Guwahati,"Bio Technology (4 Years, Bachelor of Technology)",AI,OBC-NCL,Female-only (including Supernumerary),5639,5872
1,Indian Institute of Technology Guwahati,"Bio Technology (4 Years, Bachelor of Technology)",AI,OBC-NCL,Gender-Neutral,3056,3471
1,Indian Institute of Technology Guwahati,"Bio Technology (4 Years, Bachelor of Technology)",AI,SC,Gender-Neutral,1164,1769
1,Indian Institute of Technology Guwahati,"Bio Technology (4 Years, Bachelor of Technology)",AI,SC,Female-only (including Supernumerary),2290,2290
1,Indian Institute of Technology Guwahati,"Bio Technology (4 Years, Bachelor of Technology)",AI,ST,Female-only (including Supernumerary),229,229
1,Indian Institute of Technology Guwahati,"Bio Technology (4 Years, Bachelor of Technology)",AI,ST,Gender-Neutral,104,901
1,Indian Institute of Technology Guwahati,"Chemical Engineering (4 Years, Bachelor of Technology)",AI,General,Female-only (including Supernumerary),5808,6958
1,Indian Institute of Technology Guwahati,"Chemical Engineering (4 Years, Bachelor of Technology)",AI,General,Gender-Neutral,3015,4382
1,Indian Institute of Technology Guwahati,"Chemical Engineering (4 Years, Bachelor of Technology)",AI,OBC-NCL,Female-only (including Supernumerary),4569,4648
1,Indian Institute of Technology Guwahati,"Chemical Engineering (4 Years, Bachelor of Technology)",AI,OBC-NCL,Gender-Neutral,1795,2244
1,Indian Institute of Technology Guwahati,"Chemical Engineering (4 Years, Bachelor of Technology)",AI,SC,Gender-Neutral,941,1088
1,Indian Institute of Technology Guwahati,"Chemical Engineering (4 Years, Bachelor of Technology)",AI,SC,Female-only (including Supernumerary),1493,1983
1,Indian Institute of Technology Guwahati,"Chemical Engineering (4 Years, Bachelor of Technology)",AI,ST,Gender-Neutral,426,703
1,Indian Institute of Technology Guwahati,"Chemical Engineering (4 Years, Bachelor of Technology)",AI,ST,Female-only (including Supernumerary),861,861
1,Indian Institute of Technology Guwahati,"Chemical Science and Technology (4 Years, Bachelor of Technology)",AI,General,Female-only (including Supernumerary),8087,9048
1,Indian Institute of Technology Guwahati,"Chemical Science and Technology (4 Years, Bachelor of Technology)",AI,General,Gender-Neutral,4815,5918
1,Indian Institute of Technology Guwahati,"Chemical Science and Technology (4 Years, Bachelor of Technology)",AI,OBC-NCL,Female-only (including Supernumerary),4470,4986
1,Indian Institute of Technology Guwahati,"Chemical Science and Technology (4 Years, Bachelor of Technology)",AI,OBC-NCL,Gender-Neutral,2132,2838
1,Indian Institute of Technology Guwahati,"Chemical Science and Technology (4 Years, Bachelor of Technology)",AI,SC,Female-only (including Supernumerary),2289,2289
1,Indian Institute of Technology Guwahati,"Chemical Science and Technology (4 Years, Bachelor of Technology)",AI,SC,Gender-Neutral,921,1527
1,Indian Institute of Technology Guwahati,"Chemical Science and Technology (4 Years, Bachelor of Technology)",AI,ST,Gender-Neutral,776,839
1,Indian Institute of Technology Guwahati,"Chemical Science and Technology (4 Years, Bachelor of Technology)",AI,ST,Female-only (including Supernumerary),488,488
1,Indian Institute of Technology Guwahati,"Civil Engineering (4 Years, Bachelor of Technology)",AI,General,Female-only (including Supernumerary),8108,8950
1,Indian Institute of Technology Guwahati,"Civil Engineering (4 Years, Bachelor of Technology)",AI,General,Gender-Neutral,3748,4883
1,Indian Institute of Technology Guwahati,"Civil Engineering (4 Years, Bachelor of Technology)",AI,OBC-NCL,Gender-Neutral,1721,2024
1,Indian Institute of Technology Guwahati,"Civil Engineering (4 Years, Bachelor of Technology)",AI,OBC-NCL,Female-only (including Supernumerary),3302,4374
1,Indian Institute of Technology Guwahati,"Civil Engineering (4 Years, Bachelor of Technology)",AI,SC,Gender-Neutral,698,843
1,Indian Institute of Technology Guwahati,"Civil Engineering (4 Years, Bachelor of Technology)",AI,SC,Female-only (including Supernumerary),1726,1819
1,Indian Institute of Technology Guwahati,"Civil Engineering (4 Years, Bachelor of Technology)",AI,ST,Female-only (including Supernumerary),437,437
1,Indian Institute of Technology Guwahati,"Civil Engineering (4 Years, Bachelor of Technology)",AI,ST,Gender-Neutral,247,269
1,Indian Institute of Technology Guwahati,"Computer Science and Engineering (4 Years, Bachelor of Technology)",AI,General,Gender-Neutral,333,552
1,Indian Institute of Technology Guwahati,"Computer Science and Engineering (4 Years, Bachelor of Technology)",AI,General,Female-only (including Supernumerary),1002,1256
1,Indian Institute of Technology Guwahati,"Computer Science and Engineering (4 Years, Bachelor of Technology)",AI,General PwD,Gender-Neutral,9,9
1,Indian Institute of Technology Guwahati,"Computer Science and Engineering (4 Years, Bachelor of Technology)",AI,OBC-NCL,Gender-Neutral,210,303
1,Indian Institute of Technology Guwahati,"Computer Science and Engineering (4 Years, Bachelor of Technology)",AI,OBC-NCL,Female-only (including Supernumerary),562,748
1,Indian Institute of Technology Guwahati,"Computer Science and Engineering (4 Years, Bachelor of Technology)",AI,OBC-NCL(PwD),Gender-Neutral,19,19
1,Indian Institute of Technology Guwahati,"Computer Science and Engineering (4 Years, Bachelor of Technology)",AI,SC,Female-only (including Supernumerary),494,581
1,Indian Institute of Technology Guwahati,"Computer Science and Engineering (4 Years, Bachelor of Technology)",AI,SC,Gender-Neutral,117,149
1,Indian Institute of Technology Guwahati,"Computer Science and Engineering (4 Years, Bachelor of Technology)",AI,ST,Female-only (including Supernumerary),212,212
1,Indian Institute of Technology Guwahati,"Computer Science and Engineering (4 Years, Bachelor of Technology)",AI,ST,Gender-Neutral,35,122
1,Indian Institute of Technology Guwahati,"Electronics and Communication Engineering (4 Years, Bachelor of Technology)",AI,General,Female-only (including Supernumerary),2790,3258
1,Indian Institute of Technology Guwahati,"Electronics and Communication Engineering (4 Years, Bachelor of Technology)",AI,General,Gender-Neutral,1063,1513
1,Indian Institute of Technology Guwahati,"Electronics and Communication Engineering (4 Years, Bachelor of Technology)",AI,General PwD,Gender-Neutral,90,97
1,Indian Institute of Technology Guwahati,"Electronics and Communication Engineering (4 Years, Bachelor of Technology)",AI,OBC-NCL,Female-only (including Supernumerary),1626,1804
1,Indian Institute of Technology Guwahati,"Electronics and Communication Engineering (4 Years, Bachelor of Technology)",AI,OBC-NCL,Gender-Neutral,185,731
1,Indian Institute of Technology Guwahati,"Electronics and Communication Engineering (4 Years, Bachelor of Technology)",AI,OBC-NCL(PwD),Gender-Neutral,25,25
1,Indian Institute of Technology Guwahati,"Electronics and Communication Engineering (4 Years, Bachelor of Technology)",AI,SC,Gender-Neutral,300,516
1,Indian Institute of Technology Guwahati,"Electronics and Communication Engineering (4 Years, Bachelor of Technology)",AI,SC,Female-only (including Supernumerary),918,1153
1,Indian Institute of Technology Guwahati,"Electronics and Communication Engineering (4 Years, Bachelor of Technology)",AI,ST,Gender-Neutral,226,322
1,Indian Institute of Technology Guwahati,"Electronics and Communication Engineering (4 Years, Bachelor of Technology)",AI,ST,Female-only (including Supernumerary),373,373
1,Indian Institute of Technology Guwahati,"Electronics and Electrical Engineering (4 Years, Bachelor of Technology)",AI,General,Gender-Neutral,1115,1812
1,Indian Institute of Technology Guwahati,"Electronics and Electrical Engineering (4 Years, Bachelor of Technology)",AI,General,Female-only (including Supernumerary),3409,3578
1,Indian Institute of Technology Guwahati,"Electronics and Electrical Engineering (4 Years, Bachelor of Technology)",AI,General PwD,Gender-Neutral,2,2
1,Indian Institute of Technology Guwahati,"Electronics and Electrical Engineering (4 Years, Bachelor of Technology)",AI,OBC-NCL,Female-only (including Supernumerary),1878,2126
1,Indian Institute of Technology Guwahati,"Electronics and Electrical Engineering (4 Years, Bachelor of Technology)",AI,OBC-NCL,Gender-Neutral,782,881
1,Indian Institute of Technology Guwahati,"Electronics and Electrical Engineering (4 Years, Bachelor of Technology)",AI,SC,Female-only (including Supernumerary),1191,1191
1,Indian Institute of Technology Guwahati,"Electronics and Electrical Engineering (4 Years, Bachelor of Technology)",AI,SC,Gender-Neutral,440,536
1,Indian Institute of Technology Guwahati,"Electronics and Electrical Engineering (4 Years, Bachelor of Technology)",AI,ST,Female-only (including Supernumerary),559,559
1,Indian Institute of Technology Guwahati,"Electronics and Electrical Engineering (4 Years, Bachelor of Technology)",AI,ST,Gender-Neutral,185,275
1,Indian Institute of Technology Guwahati,"Engineering Physics (4 Years, Bachelor of Technology)",AI,General,Female-only (including Supernumerary),6381,7981
1,Indian Institute of Technology Guwahati,"Engineering Physics (4 Years, Bachelor of Technology)",AI,General,Gender-Neutral,2604,4211
1,Indian Institute of Technology Guwahati,"Engineering Physics (4 Years, Bachelor of Technology)",AI,General PwD,Gender-Neutral,22,22
1,Indian Institute of Technology Guwahati,"Engineering Physics (4 Years, Bachelor of Technology)",AI,OBC-NCL,Female-only (including Supernumerary),3977,5120
1,Indian Institute of Technology Guwahati,"Engineering Physics (4 Years, Bachelor of Technology)",AI,OBC-NCL,Gender-Neutral,1755,2377
1,Indian Institute of Technology Guwahati,"Engineering Physics (4 Years, Bachelor of Technology)",AI,SC,Female-only (including Supernumerary),2385,2385
1,Indian Institute of Technology Guwahati,"Engineering Physics (4 Years, Bachelor of Technology)",AI,SC,Gender-Neutral,343,1376
1,Indian Institute of Technology Guwahati,"Engineering Physics (4 Years, Bachelor of Technology)",AI,ST,Gender-Neutral,709,817
1,Indian Institute of Technology Guwahati,"Engineering Physics (4 Years, Bachelor of Technology)",AI,ST,Female-only (including Supernumerary),626,626
1,Indian Institute of Technology Guwahati,"Mathematics and Computing (4 Years, Bachelor of Technology)",AI,General,Gender-Neutral,571,1016
1,Indian Institute of Technology Guwahati,"Mathematics and Computing (4 Years, Bachelor of Technology)",AI,General,Female-only (including Supernumerary),1747,2556
1,Indian Institute of Technology Guwahati,"Mathematics and Computing (4 Years, Bachelor of Technology)",AI,General PwD,Gender-Neutral,46,46
1,Indian Institute of Technology Guwahati,"Mathematics and Computing (4 Years, Bachelor of Technology)",AI,OBC-NCL,Female-only (including Supernumerary),1140,1399
1,Indian Institute of Technology Guwahati,"Mathematics and Computing (4 Years, Bachelor of Technology)",AI,OBC-NCL,Gender-Neutral,340,532
1,Indian Institute of Technology Guwahati,"Mathematics and Computing (4 Years, Bachelor of Technology)",AI,SC,Gender-Neutral,212,576
1,Indian Institute of Technology Guwahati,"Mathematics and Computing (4 Years, Bachelor of Technology)",AI,SC,Female-only (including Supernumerary),771,771
1,Indian Institute of Technology Guwahati,"Mathematics and Computing (4 Years, Bachelor of Technology)",AI,ST,Gender-Neutral,218,321
1,Indian Institute of Technology Guwahati,"Mathematics and Computing (4 Years, Bachelor of Technology)",AI,ST,Female-only (including Supernumerary),605,605
1,Indian Institute of Technology Guwahati,"Mechanical Engineering (4 Years, Bachelor of Technology)",AI,General,Female-only (including Supernumerary),4938,6073
1,Indian Institute of Technology Guwahati,"Mechanical Engineering (4 Years, Bachelor of Technology)",AI,General,Gender-Neutral,1681,2712
1,Indian Institute of Technology Guwahati,"Mechanical Engineering (4 Years, Bachelor of Technology)",AI,General PwD,Gender-Neutral,69,86
1,Indian Institute of Technology Guwahati,"Mechanical Engineering (4 Years, Bachelor of Technology)",AI,OBC-NCL,Gender-Neutral,965,1191
1,Indian Institute of Technology Guwahati,"Mechanical Engineering (4 Years, Bachelor of Technology)",AI,OBC-NCL,Female-only (including Supernumerary),2837,3249
1,Indian Institute of Technology Guwahati,"Mechanical Engineering (4 Years, Bachelor of Technology)",AI,SC,Female-only (including Supernumerary),1313,1392
1,Indian Institute of Technology Guwahati,"Mechanical Engineering (4 Years, Bachelor of Technology)",AI,SC,Gender-Neutral,449,624
1,Indian Institute of Technology Guwahati,"Mechanical Engineering (4 Years, Bachelor of Technology)",AI,ST,Gender-Neutral,206,311
1,Indian Institute of Technology Guwahati,"Mechanical Engineering (4 Years, Bachelor of Technology)",AI,ST,Female-only (including Supernumerary),558,558
1,Indian Institute of Technology Bhilai,"Computer Science and Engineering (4 Years, Bachelor of Technology)",AI,General,Female-only (including Supernumerary),6179,7652
1,Indian Institute of Technology Bhilai,"Computer Science and Engineering (4 Years, Bachelor of Technology)",AI,General,Gender-Neutral,3702,4752
1,Indian Institute of Technology Bhilai,"Computer Science and Engineering (4 Years, Bachelor of Technology)",AI,OBC-NCL,Female-only (including Supernumerary),3272,3649
1,Indian Institute of Technology Bhilai,"Computer Science and Engineering (4 Years, Bachelor of Technology)",AI,OBC-NCL,Gender-Neutral,1018,1832
1,Indian Institute of Technology Bhilai,"Computer Science and Engineering (4 Years, Bachelor of Technology)",AI,SC,Female-only (including Supernumerary),1908,1908
1,Indian Institute of Technology Bhilai,"Computer Science and Engineering (4 Years, Bachelor of Technology)",AI,SC,Gender-Neutral,807,1051
1,Indian Institute of Technology Bhilai,"Computer Science and Engineering (4 Years, Bachelor of Technology)",AI,ST,Gender-Neutral,563,625
1,Indian Institute of Technology Bhilai,"Electrical Engineering (4 Years, Bachelor of Technology)",AI,General,Gender-Neutral,6045,7012
1,Indian Institute of Technology Bhilai,"Electrical Engineering (4 Years, Bachelor of Technology)",AI,General,Female-only (including Supernumerary),10156,10551
1,Indian Institute of Technology Bhilai,"Electrical Engineering (4 Years, Bachelor of Technology)",AI,OBC-NCL,Gender-Neutral,2533,2835
1,Indian Institute of Technology Bhilai,"Electrical Engineering (4 Years, Bachelor of Technology)",AI,OBC-NCL,Female-only (including Supernumerary),4445,4512
1,Indian Institute of Technology Bhilai,"Electrical Engineering (4 Years, Bachelor of Technology)",AI,SC,Female-only (including Supernumerary),2145,2145
1,Indian Institute of Technology Bhilai,"Electrical Engineering (4 Years, Bachelor of Technology)",AI,SC,Gender-Neutral,1467,1499
1,Indian Institute of Technology Bhilai,"Electrical Engineering (4 Years, Bachelor of Technology)",AI,ST,Gender-Neutral,597,649
1,Indian Institute of Technology Bhilai,"Mechanical Engineering (4 Years, Bachelor of Technology)",AI,General,Gender-Neutral,6187,7546
1,Indian Institute of Technology Bhilai,"Mechanical Engineering (4 Years, Bachelor of Technology)",AI,General,Female-only (including Supernumerary),11359,11879
1,Indian Institute of Technology Bhilai,"Mechanical Engineering (4 Years, Bachelor of Technology)",AI,OBC-NCL,Female-only (including Supernumerary),5448,5744
1,Indian Institute of Technology Bhilai,"Mechanical Engineering (4 Years, Bachelor of Technology)",AI,OBC-NCL,Gender-Neutral,2342,2948
1,Indian Institute of Technology Bhilai,"Mechanical Engineering (4 Years, Bachelor of Technology)",AI,SC,Female-only (including Supernumerary),2616,2616
1,Indian Institute of Technology Bhilai,"Mechanical Engineering (4 Years, Bachelor of Technology)",AI,SC,Gender-Neutral,1434,1546
1,Indian Institute of Technology Bhilai,"Mechanical Engineering (4 Years, Bachelor of Technology)",AI,ST,Female-only (including Supernumerary),407,407
1,Indian Institute of Technology Bhilai,"Mechanical Engineering (4 Years, Bachelor of Technology)",AI,ST,Gender-Neutral,337,595
1,Indian Institute of Technology Goa,"Computer Science and Engineering (4 Years, Bachelor of Technology)",AI,General,Gender-Neutral,2904,3604
1,Indian Institute of Technology Goa,"Computer Science and Engineering (4 Years, Bachelor of Technology)",AI,General,Female-only (including Supernumerary),6331,6420
1,Indian Institute of Technology Goa,"Computer Science and Engineering (4 Years, Bachelor of Technology)",AI,General PwD,Gender-Neutral,76,76
1,Indian Institute of Technology Goa,"Computer Science and Engineering (4 Years, Bachelor of Technology)",AI,OBC-NCL,Gender-Neutral,1403,1682
1,Indian Institute of Technology Goa,"Computer Science and Engineering (4 Years, Bachelor of Technology)",AI,OBC-NCL,Female-only (including Supernumerary),3076,3076
1,Indian Institute of Technology Goa,"Computer Science and Engineering (4 Years, Bachelor of Technology)",AI,SC,Gender-Neutral,764,856
1,Indian Institute of Technology Goa,"Computer Science and Engineering (4 Years, Bachelor of Technology)",AI,SC,Female-only (including Supernumerary),1787,1787
1,Indian Institute of Technology Goa,"Computer Science and Engineering (4 Years, Bachelor of Technology)",AI,ST,Gender-Neutral,474,593
1,Indian Institute of Technology Goa,"Electrical Engineering (4 Years, Bachelor of Technology)",AI,General,Gender-Neutral,4621,5893
1,Indian Institute of Technology Goa,"Electrical Engineering (4 Years, Bachelor of Technology)",AI,General,Female-only (including Supernumerary),9283,9777
1,Indian Institute of Technology Goa,"Electrical Engineering (4 Years, Bachelor of Technology)",AI,OBC-NCL,Female-only (including Supernumerary),4005,4005
1,Indian Institute of Technology Goa,"Electrical Engineering (4 Years, Bachelor of Technology)",AI,OBC-NCL,Gender-Neutral,2415,2688
1,Indian Institute of Technology Goa,"Electrical Engineering (4 Years, Bachelor of Technology)",AI,SC,Gender-Neutral,958,1302
1,Indian Institute of Technology Goa,"Electrical Engineering (4 Years, Bachelor of Technology)",AI,SC,Female-only (including Supernumerary),2455,2455
1,Indian Institute of Technology Goa,"Electrical Engineering (4 Years, Bachelor of Technology)",AI,ST,Gender-Neutral,460,566
1,Indian Institute of Technology Goa,"Mechanical Engineering (4 Years, Bachelor of Technology)",AI,General,Gender-Neutral,5745,6672
1,Indian Institute of Technology Goa,"Mechanical Engineering (4 Years, Bachelor of Technology)",AI,General,Female-only (including Supernumerary),11134,11646
1,Indian Institute of Technology Goa,"Mechanical Engineering (4 Years, Bachelor of Technology)",AI,OBC-NCL,Gender-Neutral,2079,2914
1,Indian Institute of Technology Goa,"Mechanical Engineering (4 Years, Bachelor of Technology)",AI,OBC-NCL,Female-only (including Supernumerary),5391,5391
1,Indian Institute of Technology Goa,"Mechanical Engineering (4 Years, Bachelor of Technology)",AI,SC,Female-only (including Supernumerary),2421,2421
1,Indian Institute of Technology Goa,"Mechanical Engineering (4 Years, Bachelor of Technology)",AI,SC,Gender-Neutral,994,1475
1,Indian Institute of Technology Goa,"Mechanical Engineering (4 Years, Bachelor of Technology)",AI,ST,Gender-Neutral,418,586
1,Indian Institute of Technology Palakkad,"Civil Engineering (4 Years, Bachelor of Technology)",AI,General,Gender-Neutral,7259,8321
1,Indian Institute of Technology Palakkad,"Civil Engineering (4 Years, Bachelor of Technology)",AI,General,Female-only (including Supernumerary),11834,12126
1,Indian Institute of Technology Palakkad,"Civil Engineering (4 Years, Bachelor of Technology)",AI,OBC-NCL,Gender-Neutral,2903,3096
1,Indian Institute of Technology Palakkad,"Civil Engineering (4 Years, Bachelor of Technology)",AI,OBC-NCL,Female-only (including Supernumerary),4338,4338
1,Indian Institute of Technology Palakkad,"Civil Engineering (4 Years, Bachelor of Technology)",AI,SC,Female-only (including Supernumerary),2314,2314
1,Indian Institute of Technology Palakkad,"Civil Engineering (4 Years, Bachelor of Technology)",AI,SC,Gender-Neutral,1507,1631
1,Indian Institute of Technology Palakkad,"Civil Engineering (4 Years, Bachelor of Technology)",AI,ST,Gender-Neutral,498,501
1,Indian Institute of Technology Palakkad,"Civil Engineering (4 Years, Bachelor of Technology)",AI,ST,Female-only (including Supernumerary),84,84
1,Indian Institute of Technology Palakkad,"Computer Science and Engineering (4 Years, Bachelor of Technology)",AI,General,Gender-Neutral,3228,4370
1,Indian Institute of Technology Palakkad,"Computer Science and Engineering (4 Years, Bachelor of Technology)",AI,General,Female-only (including Supernumerary),6319,7169
1,Indian Institute of Technology Palakkad,"Computer Science and Engineering (4 Years, Bachelor of Technology)",AI,General PwD,Gender-Neutral,31,31
1,Indian Institute of Technology Palakkad,"Computer Science and Engineering (4 Years, Bachelor of Technology)",AI,OBC-NCL,Gender-Neutral,1455,1876
1,Indian Institute of Technology Palakkad,"Computer Science and Engineering (4 Years, Bachelor of Technology)",AI,OBC-NCL,Female-only (including Supernumerary),3242,3263
1,Indian Institute of Technology Palakkad,"Computer Science and Engineering (4 Years, Bachelor of Technology)",AI,SC,Gender-Neutral,738,1061
1,Indian Institute of Technology Palakkad,"Computer Science and Engineering (4 Years, Bachelor of Technology)",AI,SC,Female-only (including Supernumerary),1977,1977
1,Indian Institute of Technology Palakkad,"Computer Science and Engineering (4 Years, Bachelor of Technology)",AI,ST,Gender-Neutral,596,611
1,Indian Institute of Technology Palakkad,"Computer Science and Engineering (4 Years, Bachelor of Technology)",AI,ST,Female-only (including Supernumerary),123,123
1,Indian Institute of Technology Palakkad,"Electrical Engineering (4 Years, Bachelor of Technology)",AI,General,Female-only (including Supernumerary),9739,10395
1,Indian Institute of Technology Palakkad,"Electrical Engineering (4 Years, Bachelor of Technology)",AI,General,Gender-Neutral,5597,6463
1,Indian Institute of Technology Palakkad,"Electrical Engineering (4 Years, Bachelor of Technology)",AI,OBC-NCL,Female-only (including Supernumerary),3439,3803
1,Indian Institute of Technology Palakkad,"Electrical Engineering (4 Years, Bachelor of Technology)",AI,OBC-NCL,Gender-Neutral,2443,2761
1,Indian Institute of Technology Palakkad,"Electrical Engineering (4 Years, Bachelor of Technology)",AI,SC,Female-only (including Supernumerary),2756,2756
1,Indian Institute of Technology Palakkad,"Electrical Engineering (4 Years, Bachelor of Technology)",AI,SC,Gender-Neutral,1331,1616
1,Indian Institute of Technology Palakkad,"Electrical Engineering (4 Years, Bachelor of Technology)",AI,ST,Female-only (including Supernumerary),458,458
1,Indian Institute of Technology Palakkad,"Electrical Engineering (4 Years, Bachelor of Technology)",AI,ST,Gender-Neutral,599,631
1,Indian Institute of Technology Palakkad,"Mechanical Engineering (4 Years, Bachelor of Technology)",AI,General,Female-only (including Supernumerary),7035,10903
1,Indian Institute of Technology Palakkad,"Mechanical Engineering (4 Years, Bachelor of Technology)",AI,General,Gender-Neutral,4501,7231
1,Indian Institute of Technology Palakkad,"Mechanical Engineering (4 Years, Bachelor of Technology)",AI,OBC-NCL,Female-only (including Supernumerary),5437,5437
1,Indian Institute of Technology Palakkad,"Mechanical Engineering (4 Years, Bachelor of Technology)",AI,OBC-NCL,Gender-Neutral,2623,2901
1,Indian Institute of Technology Palakkad,"Mechanical Engineering (4 Years, Bachelor of Technology)",AI,SC,Gender-Neutral,1563,1610
1,Indian Institute of Technology Palakkad,"Mechanical Engineering (4 Years, Bachelor of Technology)",AI,SC,Female-only (including Supernumerary),2775,2775
1,Indian Institute of Technology Palakkad,"Mechanical Engineering (4 Years, Bachelor of Technology)",AI,ST,Female-only (including Supernumerary),338,338
1,Indian Institute of Technology Palakkad,"Mechanical Engineering (4 Years, Bachelor of Technology)",AI,ST,Gender-Neutral,662,678
1,Indian Institute of Technology Tirupati,"Chemical Engineering (4 Years, Bachelor of Technology)",AI,General,Gender-Neutral,7336,8325
1,Indian Institute of Technology Tirupati,"Chemical Engineering (4 Years, Bachelor of Technology)",AI,General,Female-only (including Supernumerary),11114,12117
1,Indian Institute of Technology Tirupati,"Chemical Engineering (4 Years, Bachelor of Technology)",AI,General PwD,Gender-Neutral,108,108
1,Indian Institute of Technology Tirupati,"Chemical Engineering (4 Years, Bachelor of Technology)",AI,OBC-NCL,Gender-Neutral,3034,3256
1,Indian Institute of Technology Tirupati,"Chemical Engineering (4 Years, Bachelor of Technology)",AI,OBC-NCL,Female-only (including Supernumerary),4161,4161
1,Indian Institute of Technology Tirupati,"Chemical Engineering (4 Years, Bachelor of Technology)",AI,SC,Female-only (including Supernumerary),2693,2693
1,Indian Institute of Technology Tirupati,"Chemical Engineering (4 Years, Bachelor of Technology)",AI,SC,Gender-Neutral,1660,1675
1,Indian Institute of Technology Tirupati,"Chemical Engineering (4 Years, Bachelor of Technology)",AI,ST,Gender-Neutral,717,863
1,Indian Institute of Technology Tirupati,"Civil Engineering (4 Years, Bachelor of Technology)",AI,General,Gender-Neutral,6296,8116
1,Indian Institute of Technology Tirupati,"Civil Engineering (4 Years, Bachelor of Technology)",AI,General,Female-only (including Supernumerary),10860,11572
1,Indian Institute of Technology Tirupati,"Civil Engineering (4 Years, Bachelor of Technology)",AI,OBC-NCL,Gender-Neutral,2754,3007
1,Indian Institute of Technology Tirupati,"Civil Engineering (4 Years, Bachelor of Technology)",AI,OBC-NCL,Female-only (including Supernumerary),3389,3389
1,Indian Institute of Technology Tirupati,"Civil Engineering (4 Years, Bachelor of Technology)",AI,SC,Gender-Neutral,1000,1511
1,Indian Institute of Technology Tirupati,"Civil Engineering (4 Years, Bachelor of Technology)",AI,SC,Female-only (including Supernumerary),2078,2078
1,Indian Institute of Technology Tirupati,"Civil Engineering (4 Years, Bachelor of Technology)",AI,ST,Female-only (including Supernumerary),5,5
1,Indian Institute of Technology Tirupati,"Civil Engineering (4 Years, Bachelor of Technology)",AI,ST,Gender-Neutral,446,446
1,Indian Institute of Technology Tirupati,"Computer Science and Engineering (4 Years, Bachelor of Technology)",AI,General,Female-only (including Supernumerary),3922,4462
1,Indian Institute of Technology Tirupati,"Computer Science and Engineering (4 Years, Bachelor of Technology)",AI,General,Gender-Neutral,2834,3671
1,Indian Institute of Technology Tirupati,"Computer Science and Engineering (4 Years, Bachelor of Technology)",AI,General PwD,Gender-Neutral,85,85
1,Indian Institute of Technology Tirupati,"Computer Science and Engineering (4 Years, Bachelor of Technology)",AI,OBC-NCL,Gender-Neutral,1226,1737
1,Indian Institute of Technology Tirupati,"Computer Science and Engineering (4 Years, Bachelor of Technology)",AI,OBC-NCL,Female-only (including Supernumerary),1387,1948
1,Indian Institute of Technology Tirupati,"Computer Science and Engineering (4 Years, Bachelor of Technology)",AI,SC,Gender-Neutral,849,986
1,Indian Institute of Technology Tirupati,"Computer Science and Engineering (4 Years, Bachelor of Technology)",AI,SC,Female-only (including Supernumerary),1514,1514
1,Indian Institute of Technology Tirupati,"Computer Science and Engineering (4 Years, Bachelor of Technology)",AI,ST,Gender-Neutral,232,511
1,Indian Institute of Technology Tirupati,"Electrical Engineering (4 Years, Bachelor of Technology)",AI,General,Gender-Neutral,4785,6155
1,Indian Institute of Technology Tirupati,"Electrical Engineering (4 Years, Bachelor of Technology)",AI,General,Female-only (including Supernumerary),7628,9369
1,Indian Institute of Technology Tirupati,"Electrical Engineering (4 Years, Bachelor of Technology)",AI,OBC-NCL,Female-only (including Supernumerary),3174,3174
1,Indian Institute of Technology Tirupati,"Electrical Engineering (4 Years, Bachelor of Technology)",AI,OBC-NCL,Gender-Neutral,1591,2422
1,Indian Institute of Technology Tirupati,"Electrical Engineering (4 Years, Bachelor of Technology)",AI,SC,Gender-Neutral,988,1454
1,Indian Institute of Technology Tirupati,"Electrical Engineering (4 Years, Bachelor of Technology)",AI,SC,Female-only (including Supernumerary),2131,2131
1,Indian Institute of Technology Tirupati,"Electrical Engineering (4 Years, Bachelor of Technology)",AI,ST,Female-only (including Supernumerary),575,575
1,Indian Institute of Technology Tirupati,"Electrical Engineering (4 Years, Bachelor of Technology)",AI,ST,Gender-Neutral,494,557
1,Indian Institute of Technology Tirupati,"Mechanical Engineering (4 Years, Bachelor of Technology)",AI,General,Gender-Neutral,5606,7105
1,Indian Institute of Technology Tirupati,"Mechanical Engineering (4 Years, Bachelor of Technology)",AI,General,Female-only (including Supernumerary),9436,10355
1,Indian Institute of Technology Tirupati,"Mechanical Engineering (4 Years, Bachelor of Technology)",AI,OBC-NCL,Female-only (including Supernumerary),3831,4501
1,Indian Institute of Technology Tirupati,"Mechanical Engineering (4 Years, Bachelor of Technology)",AI,OBC-NCL,Gender-Neutral,2149,2792
1,Indian Institute of Technology Tirupati,"Mechanical Engineering (4 Years, Bachelor of Technology)",AI,SC,Female-only (including Supernumerary),2529,2529
1,Indian Institute of Technology Tirupati,"Mechanical Engineering (4 Years, Bachelor of Technology)",AI,SC,Gender-Neutral,1273,1594
1,Indian Institute of Technology Tirupati,"Mechanical Engineering (4 Years, Bachelor of Technology)",AI,ST,Gender-Neutral,615,646
1,Indian Institute of Technology Jammu,"Chemical Engineering (4 Years, Bachelor of Technology)",AI,General,Gender-Neutral,8258,9074
1,Indian Institute of Technology Jammu,"Chemical Engineering (4 Years, Bachelor of Technology)",AI,General,Female-only (including Supernumerary),12819,12865
1,Indian Institute of Technology Jammu,"Chemical Engineering (4 Years, Bachelor of Technology)",AI,OBC-NCL,Female-only (including Supernumerary),6134,6313
1,Indian Institute of Technology Jammu,"Chemical Engineering (4 Years, Bachelor of Technology)",AI,OBC-NCL,Gender-Neutral,3280,3432
1,Indian Institute of Technology Jammu,"Chemical Engineering (4 Years, Bachelor of Technology)",AI,SC,Female-only (including Supernumerary),2796,2796
1,Indian Institute of Technology Jammu,"Chemical Engineering (4 Years, Bachelor of Technology)",AI,SC,Gender-Neutral,1681,1745
1,Indian Institute of Technology Jammu,"Chemical Engineering (4 Years, Bachelor of Technology)",AI,ST,Gender-Neutral,840,895
1,Indian Institute of Technology Jammu,"Civil Engineering (4 Years, Bachelor of Technology)",AI,General,Gender-Neutral,8223,8666
1,Indian Institute of Technology Jammu,"Civil Engineering (4 Years, Bachelor of Technology)",AI,General,Female-only (including Supernumerary),11603,12383
1,Indian Institute of Technology Jammu,"Civil Engineering (4 Years, Bachelor of Technology)",AI,OBC-NCL,Gender-Neutral,2929,3367
1,Indian Institute of Technology Jammu,"Civil Engineering (4 Years, Bachelor of Technology)",AI,OBC-NCL,Female-only (including Supernumerary),6276,6276
1,Indian Institute of Technology Jammu,"Civil Engineering (4 Years, Bachelor of Technology)",AI,SC,Gender-Neutral,1462,1643
1,Indian Institute of Technology Jammu,"Civil Engineering (4 Years, Bachelor of Technology)",AI,SC,Female-only (including Supernumerary),2584,2584
1,Indian Institute of Technology Jammu,"Civil Engineering (4 Years, Bachelor of Technology)",AI,ST,Female-only (including Supernumerary),184,184
1,Indian Institute of Technology Jammu,"Civil Engineering (4 Years, Bachelor of Technology)",AI,ST,Gender-Neutral,510,510
1,Indian Institute of Technology Jammu,"Computer Science and Engineering (4 Years, Bachelor of Technology)",AI,General,Gender-Neutral,3187,5109
1,Indian Institute of Technology Jammu,"Computer Science and Engineering (4 Years, Bachelor of Technology)",AI,General,Female-only (including Supernumerary),7384,7936
1,Indian Institute of Technology Jammu,"Computer Science and Engineering (4 Years, Bachelor of Technology)",AI,OBC-NCL,Female-only (including Supernumerary),3804,3804
1,Indian Institute of Technology Jammu,"Computer Science and Engineering (4 Years, Bachelor of Technology)",AI,OBC-NCL,Gender-Neutral,1398,2046
1,Indian Institute of Technology Jammu,"Computer Science and Engineering (4 Years, Bachelor of Technology)",AI,SC,Female-only (including Supernumerary),1934,1934
1,Indian Institute of Technology Jammu,"Computer Science and Engineering (4 Years, Bachelor of Technology)",AI,SC,Gender-Neutral,981,1152
1,Indian Institute of Technology Jammu,"Computer Science and Engineering (4 Years, Bachelor of Technology)",AI,ST,Gender-Neutral,642,667
1,Indian Institute of Technology Jammu,"Electrical Engineering (4 Years, Bachelor of Technology)",AI,General,Gender-Neutral,5387,7510
1,Indian Institute of Technology Jammu,"Electrical Engineering (4 Years, Bachelor of Technology)",AI,General,Female-only (including Supernumerary),10323,10745
1,Indian Institute of Technology Jammu,"Electrical Engineering (4 Years, Bachelor of Technology)",AI,General PwD,Gender-Neutral,91,91
1,Indian Institute of Technology Jammu,"Electrical Engineering (4 Years, Bachelor of Technology)",AI,OBC-NCL,Female-only (including Supernumerary),5147,5147
1,Indian Institute of Technology Jammu,"Electrical Engineering (4 Years, Bachelor of Technology)",AI,OBC-NCL,Gender-Neutral,2426,2893
1,Indian Institute of Technology Jammu,"Electrical Engineering (4 Years, Bachelor of Technology)",AI,SC,Gender-Neutral,1542,1623
1,Indian Institute of Technology Jammu,"Electrical Engineering (4 Years, Bachelor of Technology)",AI,SC,Female-only (including Supernumerary),2642,2642
1,Indian Institute of Technology Jammu,"Electrical Engineering (4 Years, Bachelor of Technology)",AI,ST,Gender-Neutral,534,687
1,Indian Institute of Technology Jammu,"Mechanical Engineering (4 Years, Bachelor of Technology)",AI,General,Gender-Neutral,7599,7946
1,Indian Institute of Technology Jammu,"Mechanical Engineering (4 Years, Bachelor of Technology)",AI,General,Female-only (including Supernumerary),10816,11751
1,Indian Institute of Technology Jammu,"Mechanical Engineering (4 Years, Bachelor of Technology)",AI,OBC-NCL,Female-only (including Supernumerary),6088,6088
1,Indian Institute of Technology Jammu,"Mechanical Engineering (4 Years, Bachelor of Technology)",AI,OBC-NCL,Gender-Neutral,3041,3145
1,Indian Institute of Technology Jammu,"Mechanical Engineering (4 Years, Bachelor of Technology)",AI,SC,Gender-Neutral,1568,1678
1,Indian Institute of Technology Jammu,"Mechanical Engineering (4 Years, Bachelor of Technology)",AI,ST,Gender-Neutral,690,695
1,Indian Institute of Technology Jammu,"Mechanical Engineering (4 Years, Bachelor of Technology)",AI,ST,Female-only (including Supernumerary),687,687
1,Indian Institute of Technology Dharwad,"Computer Science and Engineering (4 Years, Bachelor of Technology)",AI,General,Female-only (including Supernumerary),6975,7650
1,Indian Institute of Technology Dharwad,"Computer Science and Engineering (4 Years, Bachelor of Technology)",AI,General,Gender-Neutral,2671,4400
1,Indian Institute of Technology Dharwad,"Computer Science and Engineering (4 Years, Bachelor of Technology)",AI,General PwD,Gender-Neutral,101,101
1,Indian Institute of Technology Dharwad,"Computer Science and Engineering (4 Years, Bachelor of Technology)",AI,OBC-NCL,Female-only (including Supernumerary),3418,3531
1,Indian Institute of Technology Dharwad,"Computer Science and Engineering (4 Years, Bachelor of Technology)",AI,OBC-NCL,Gender-Neutral,1195,1907
1,Indian Institute of Technology Dharwad,"Computer Science and Engineering (4 Years, Bachelor of Technology)",AI,SC,Female-only (including Supernumerary),1830,1830
1,Indian Institute of Technology Dharwad,"Computer Science and Engineering (4 Years, Bachelor of Technology)",AI,SC,Gender-Neutral,528,1084
1,Indian Institute of Technology Dharwad,"Computer Science and Engineering (4 Years, Bachelor of Technology)",AI,ST,Gender-Neutral,602,643
1,Indian Institute of Technology Dharwad,"Electrical Engineering (4 Years, Bachelor of Technology)",AI,General,Gender-Neutral,4404,6750
1,Indian Institute of Technology Dharwad,"Electrical Engineering (4 Years, Bachelor of Technology)",AI,General,Female-only (including Supernumerary),9188,10529
1,Indian Institute of Technology Dharwad,"Electrical Engineering (4 Years, Bachelor of Technology)",AI,OBC-NCL,Gender-Neutral,2223,2884
1,Indian Institute of Technology Dharwad,"Electrical Engineering (4 Years, Bachelor of Technology)",AI,OBC-NCL,Female-only (including Supernumerary),2990,4452
1,Indian Institute of Technology Dharwad,"Electrical Engineering (4 Years, Bachelor of Technology)",AI,SC,Gender-Neutral,1110,1650
1,Indian Institute of Technology Dharwad,"Electrical Engineering (4 Years, Bachelor of Technology)",AI,SC,Female-only (including Supernumerary),2272,2272
1,Indian Institute of Technology Dharwad,"Electrical Engineering (4 Years, Bachelor of Technology)",AI,ST,Gender-Neutral,512,535
1,Indian Institute of Technology Dharwad,"Mechanical Engineering (4 Years, Bachelor of Technology)",AI,General,Female-only (including Supernumerary),9666,11001
1,Indian Institute of Technology Dharwad,"Mechanical Engineering (4 Years, Bachelor of Technology)",AI,General,Gender-Neutral,5623,7504
1,Indian Institute of Technology Dharwad,"Mechanical Engineering (4 Years, Bachelor of Technology)",AI,OBC-NCL,Female-only (including Supernumerary),5517,5861
1,Indian Institute of Technology Dharwad,"Mechanical Engineering (4 Years, Bachelor of Technology)",AI,OBC-NCL,Gender-Neutral,1616,2982
1,Indian Institute of Technology Dharwad,"Mechanical Engineering (4 Years, Bachelor of Technology)",AI,SC,Female-only (including Supernumerary),2782,2782
1,Indian Institute of Technology Dharwad,"Mechanical Engineering (4 Years, Bachelor of Technology)",AI,SC,Gender-Neutral,1009,1602
1,Indian Institute of Technology Dharwad,"Mechanical Engineering (4 Years, Bachelor of Technology)",AI,ST,Gender-Neutral,636,671
1,"Dr. B R Ambedkar National Institute of Technology, Jalandhar","Bio Technology (4 Years, Bachelor of Technology)",HS,General,Gender-Neutral,31339,40879
1,"Dr. B R Ambedkar National Institute of Technology, Jalandhar","Bio Technology (4 Years, Bachelor of Technology)",HS,General,Female-only (including Supernumerary),31323,40864
1,"Dr. B R Ambedkar National Institute of Technology, Jalandhar","Bio Technology (4 Years, Bachelor of Technology)",HS,OBC-NCL,Gender-Neutral,30392,40505
1,"Dr. B R Ambedkar National Institute of Technology, Jalandhar","Bio Technology (4 Years, Bachelor of Technology)",HS,OBC-NCL,Female-only (including Supernumerary),39299,39299
1,"Dr. B R Ambedkar National Institute of Technology, Jalandhar","Bio Technology (4 Years, Bachelor of Technology)",HS,SC,Female-only (including Supernumerary),3376,3376
1,"Dr. B R Ambedkar National Institute of Technology, Jalandhar","Bio Technology (4 Years, Bachelor of Technology)",HS,SC,Gender-Neutral,8893,8893
1,"Dr. B R Ambedkar National Institute of Technology, Jalandhar","Bio Technology (4 Years, Bachelor of Technology)",OS,General,Gender-Neutral,12675,25069
1,"Dr. B R Ambedkar National Institute of Technology, Jalandhar","Bio Technology (4 Years, Bachelor of Technology)",OS,General,Female-only (including Supernumerary),28704,30228
1,"Dr. B R Ambedkar National Institute of Technology, Jalandhar","Bio Technology (4 Years, Bachelor of Technology)",OS,OBC-NCL,Female-only (including Supernumerary),11287,11287
1,"Dr. B R Ambedkar National Institute of Technology, Jalandhar","Bio Technology (4 Years, Bachelor of Technology)",OS,OBC-NCL,Gender-Neutral,6035,8814
1,"Dr. B R Ambedkar National Institute of Technology, Jalandhar","Bio Technology (4 Years, Bachelor of Technology)",OS,OBC-NCL(PwD),Gender-Neutral,538,538
1,"Dr. B R Ambedkar National Institute of Technology, Jalandhar","Bio Technology (4 Years, Bachelor of Technology)",OS,SC,Female-only (including Supernumerary),2727,2727
1,"Dr. B R Ambedkar National Institute of Technology, Jalandhar","Bio Technology (4 Years, Bachelor of Technology)",OS,SC,Gender-Neutral,3839,3945
1,"Dr. B R Ambedkar National Institute of Technology, Jalandhar","Bio Technology (4 Years, Bachelor of Technology)",OS,ST,Gender-Neutral,2026,2123
1,"Dr. B R Ambedkar National Institute of Technology, Jalandhar","Chemical Engineering (4 Years, Bachelor of Technology)",HS,General,Gender-Neutral,26107,39783
1,"Dr. B R Ambedkar National Institute of Technology, Jalandhar","Chemical Engineering (4 Years, Bachelor of Technology)",HS,General,Female-only (including Supernumerary),18579,32415
1,"Dr. B R Ambedkar National Institute of Technology, Jalandhar","Chemical Engineering (4 Years, Bachelor of Technology)",HS,OBC-NCL,Female-only (including Supernumerary),32612,36403
1,"Dr. B R Ambedkar National Institute of Technology, Jalandhar","Chemical Engineering (4 Years, Bachelor of Technology)",HS,OBC-NCL,Gender-Neutral,16268,33661
1,"Dr. B R Ambedkar National Institute of Technology, Jalandhar","Chemical Engineering (4 Years, Bachelor of Technology)",HS,SC,Female-only (including Supernumerary),6305,6305
1,"Dr. B R Ambedkar National Institute of Technology, Jalandhar","Chemical Engineering (4 Years, Bachelor of Technology)",HS,SC,Gender-Neutral,6355,7960
1,"Dr. B R Ambedkar National Institute of Technology, Jalandhar","Chemical Engineering (4 Years, Bachelor of Technology)",OS,General,Gender-Neutral,5606,21387
1,"Dr. B R Ambedkar National Institute of Technology, Jalandhar","Chemical Engineering (4 Years, Bachelor of Technology)",OS,General,Female-only (including Supernumerary),15315,22690
1,"Dr. B R Ambedkar National Institute of Technology, Jalandhar","Chemical Engineering (4 Years, Bachelor of Technology)",OS,General PwD,Gender-Neutral,1081,1081
1,"Dr. B R Ambedkar National Institute of Technology, Jalandhar","Chemical Engineering (4 Years, Bachelor of Technology)",OS,OBC-NCL,Gender-Neutral,6470,6958
1,"Dr. B R Ambedkar National Institute of Technology, Jalandhar","Chemical Engineering (4 Years, Bachelor of Technology)",OS,OBC-NCL,Female-only (including Supernumerary),11745,12045
1,"Dr. B R Ambedkar National Institute of Technology, Jalandhar","Chemical Engineering (4 Years, Bachelor of Technology)",OS,SC,Gender-Neutral,1839,4104
1,"Dr. B R Ambedkar National Institute of Technology, Jalandhar","Chemical Engineering (4 Years, Bachelor of Technology)",OS,SC,Female-only (including Supernumerary),4666,4666
1,"Dr. B R Ambedkar National Institute of Technology, Jalandhar","Chemical Engineering (4 Years, Bachelor of Technology)",OS,ST,Gender-Neutral,1659,1859
1,"Dr. B R Ambedkar National Institute of Technology, Jalandhar","Civil Engineering (4 Years, Bachelor of Technology)",HS,General,Gender-Neutral,25452,32966
1,"Dr. B R Ambedkar National Institute of Technology, Jalandhar","Civil Engineering (4 Years, Bachelor of Technology)",HS,General,Female-only (including Supernumerary),25156,30849
1,"Dr. B R Ambedkar National Institute of Technology, Jalandhar","Civil Engineering (4 Years, Bachelor of Technology)",HS,OBC-NCL,Gender-Neutral,16347,30782
1,"Dr. B R Ambedkar National Institute of Technology, Jalandhar","Civil Engineering (4 Years, Bachelor of Technology)",HS,OBC-NCL,Female-only (including Supernumerary),39421,45357
1,"Dr. B R Ambedkar National Institute of Technology, Jalandhar","Civil Engineering (4 Years, Bachelor of Technology)",HS,SC,Female-only (including Supernumerary),7687,7687
1,"Dr. B R Ambedkar National Institute of Technology, Jalandhar","Civil Engineering (4 Years, Bachelor of Technology)",HS,SC,Gender-Neutral,3033,6498
1,"Dr. B R Ambedkar National Institute of Technology, Jalandhar","Civil Engineering (4 Years, Bachelor of Technology)",OS,General,Gender-Neutral,10891,19767
1,"Dr. B R Ambedkar National Institute of Technology, Jalandhar","Civil Engineering (4 Years, Bachelor of Technology)",OS,General,Female-only (including Supernumerary),21255,23777
1,"Dr. B R Ambedkar National Institute of Technology, Jalandhar","Civil Engineering (4 Years, Bachelor of Technology)",OS,General PwD,Gender-Neutral,793,793
1,"Dr. B R Ambedkar National Institute of Technology, Jalandhar","Civil Engineering (4 Years, Bachelor of Technology)",OS,OBC-NCL,Female-only (including Supernumerary),9703,10402
1,"Dr. B R Ambedkar National Institute of Technology, Jalandhar","Civil Engineering (4 Years, Bachelor of Technology)",OS,OBC-NCL,Gender-Neutral,5405,5922
1,"Dr. B R Ambedkar National Institute of Technology, Jalandhar","Civil Engineering (4 Years, Bachelor of Technology)",OS,OBC-NCL(PwD),Gender-Neutral,284,284
1,"Dr. B R Ambedkar National Institute of Technology, Jalandhar","Civil Engineering (4 Years, Bachelor of Technology)",OS,SC,Female-only (including Supernumerary),4373,4373
1,"Dr. B R Ambedkar National Institute of Technology, Jalandhar","Civil Engineering (4 Years, Bachelor of Technology)",OS,SC,Gender-Neutral,1277,2905
1,"Dr. B R Ambedkar National Institute of Technology, Jalandhar","Civil Engineering (4 Years, Bachelor of Technology)",OS,ST,Gender-Neutral,582,652
1,"Dr. B R Ambedkar National Institute of Technology, Jalandhar","Civil Engineering (4 Years, Bachelor of Technology)",OS,ST PwD,Gender-Neutral,35,35
1,"Dr. B R Ambedkar National Institute of Technology, Jalandhar","Computer Science and Engineering (4 Years, Bachelor of Technology)",HS,General,Gender-Neutral,6181,11260
1,"Dr. B R Ambedkar National Institute of Technology, Jalandhar","Computer Science and Engineering (4 Years, Bachelor of Technology)",HS,General,Female-only (including Supernumerary),12038,13911
1,"Dr. B R Ambedkar National Institute of Technology, Jalandhar","Computer Science and Engineering (4 Years, Bachelor of Technology)",HS,General PwD,Gender-Neutral,267,267
1,"Dr. B R Ambedkar National Institute of Technology, Jalandhar","Computer Science and Engineering (4 Years, Bachelor of Technology)",HS,OBC-NCL,Gender-Neutral,3188,8208
1,"Dr. B R Ambedkar National Institute of Technology, Jalandhar","Computer Science and Engineering (4 Years, Bachelor of Technology)",HS,OBC-NCL,Female-only (including Supernumerary),5321,5347
1,"Dr. B R Ambedkar National Institute of Technology, Jalandhar","Computer Science and Engineering (4 Years, Bachelor of Technology)",HS,OBC-NCL(PwD),Gender-Neutral,399,399
1,"Dr. B R Ambedkar National Institute of Technology, Jalandhar","Computer Science and Engineering (4 Years, Bachelor of Technology)",HS,SC,Gender-Neutral,242,2495
1,"Dr. B R Ambedkar National Institute of Technology, Jalandhar","Computer Science and Engineering (4 Years, Bachelor of Technology)",HS,SC,Female-only (including Supernumerary),2883,2883
1,"Dr. B R Ambedkar National Institute of Technology, Jalandhar","Computer Science and Engineering (4 Years, Bachelor of Technology)",HS,SC PwD,Gender-Neutral,101,101
1,"Dr. B R Ambedkar National Institute of Technology, Jalandhar","Computer Science and Engineering (4 Years, Bachelor of Technology)",HS,ST,Female-only (including Supernumerary),32303,32303
1,"Dr. B R Ambedkar National Institute of Technology, Jalandhar","Computer Science and Engineering (4 Years, Bachelor of Technology)",HS,ST,Gender-Neutral,1690,2773
1,"Dr. B R Ambedkar National Institute of Technology, Jalandhar","Computer Science and Engineering (4 Years, Bachelor of Technology)",OS,General,Female-only (including Supernumerary),9732,10143
1,"Dr. B R Ambedkar National Institute of Technology, Jalandhar","Computer Science and Engineering (4 Years, Bachelor of Technology)",OS,General,Gender-Neutral,5549,7300
1,"Dr. B R Ambedkar National Institute of Technology, Jalandhar","Computer Science and Engineering (4 Years, Bachelor of Technology)",OS,General PwD,Gender-Neutral,161,161
1,"Dr. B R Ambedkar National Institute of Technology, Jalandhar","Computer Science and Engineering (4 Years, Bachelor of Technology)",OS,OBC-NCL,Gender-Neutral,2142,2618
1,"Dr. B R Ambedkar National Institute of Technology, Jalandhar","Computer Science and Engineering (4 Years, Bachelor of Technology)",OS,OBC-NCL,Female-only (including Supernumerary),3938,3938
1,"Dr. B R Ambedkar National Institute of Technology, Jalandhar","Computer Science and Engineering (4 Years, Bachelor of Technology)",OS,SC,Gender-Neutral,933,1531
1,"Dr. B R Ambedkar National Institute of Technology, Jalandhar","Computer Science and Engineering (4 Years, Bachelor of Technology)",OS,SC,Female-only (including Supernumerary),1752,1752
1,"Dr. B R Ambedkar National Institute of Technology, Jalandhar","Computer Science and Engineering (4 Years, Bachelor of Technology)",OS,ST,Gender-Neutral,796,827
1,"Dr. B R Ambedkar National Institute of Technology, Jalandhar","Computer Science and Engineering (4 Years, Bachelor of Technology)",OS,ST,Female-only (including Supernumerary),952,1710
1,"Dr. B R Ambedkar National Institute of Technology, Jalandhar","Electrical Engineering (4 Years, Bachelor of Technology)",HS,General,Gender-Neutral,17060,21775
1,"Dr. B R Ambedkar National Institute of Technology, Jalandhar","Electrical Engineering (4 Years, Bachelor of Technology)",HS,General,Female-only (including Supernumerary),21268,21268
1,"Dr. B R Ambedkar National Institute of Technology, Jalandhar","Electrical Engineering (4 Years, Bachelor of Technology)",HS,General PwD,Gender-Neutral,2302,2302
1,"Dr. B R Ambedkar National Institute of Technology, Jalandhar","Electrical Engineering (4 Years, Bachelor of Technology)",HS,OBC-NCL,Gender-Neutral,6613,12737
1,"Dr. B R Ambedkar National Institute of Technology, Jalandhar","Electrical Engineering (4 Years, Bachelor of Technology)",HS,OBC-NCL,Female-only (including Supernumerary),16360,16360
1,"Dr. B R Ambedkar National Institute of Technology, Jalandhar","Electrical Engineering (4 Years, Bachelor of Technology)",HS,SC,Gender-Neutral,4820,5211
1,"Dr. B R Ambedkar National Institute of Technology, Jalandhar","Electrical Engineering (4 Years, Bachelor of Technology)",HS,SC,Female-only (including Supernumerary),5658,5658
1,"Dr. B R Ambedkar National Institute of Technology, Jalandhar","Electrical Engineering (4 Years, Bachelor of Technology)",HS,ST,Gender-Neutral,7470,7470
1,"Dr. B R Ambedkar National Institute of Technology, Jalandhar","Electrical Engineering (4 Years, Bachelor of Technology)",OS,General,Female-only (including Supernumerary),15580,17349
1,"Dr. B R Ambedkar National Institute of Technology, Jalandhar","Electrical Engineering (4 Years, Bachelor of Technology)",OS,General,Gender-Neutral,8815,13823
1,"Dr. B R Ambedkar National Institute of Technology, Jalandhar","Electrical Engineering (4 Years, Bachelor of Technology)",OS,OBC-NCL,Gender-Neutral,4393,5124
1,"Dr. B R Ambedkar National Institute of Technology, Jalandhar","Electrical Engineering (4 Years, Bachelor of Technology)",OS,SC,Gender-Neutral,2143,2144
1,"Dr. B R Ambedkar National Institute of Technology, Jalandhar","Electrical Engineering (4 Years, Bachelor of Technology)",OS,ST,Gender-Neutral,754,754
1,"Dr. B R Ambedkar National Institute of Technology, Jalandhar","Electronics and Communication Engineering (4 Years, Bachelor of Technology)",HS,General,Gender-Neutral,11839,16194
1,"Dr. B R Ambedkar National Institute of Technology, Jalandhar","Electronics and Communication Engineering (4 Years, Bachelor of Technology)",HS,General,Female-only (including Supernumerary),15073,20446
1,"Dr. B R Ambedkar National Institute of Technology, Jalandhar","Electronics and Communication Engineering (4 Years, Bachelor of Technology)",HS,General PwD,Gender-Neutral,1885,1885
1,"Dr. B R Ambedkar National Institute of Technology, Jalandhar","Electronics and Communication Engineering (4 Years, Bachelor of Technology)",HS,OBC-NCL,Gender-Neutral,7637,15521
1,"Dr. B R Ambedkar National Institute of Technology, Jalandhar","Electronics and Communication Engineering (4 Years, Bachelor of Technology)",HS,OBC-NCL,Female-only (including Supernumerary),13844,18773
1,"Dr. B R Ambedkar National Institute of Technology, Jalandhar","Electronics and Communication Engineering (4 Years, Bachelor of Technology)",HS,SC,Gender-Neutral,2921,4345
1,"Dr. B R Ambedkar National Institute of Technology, Jalandhar","Electronics and Communication Engineering (4 Years, Bachelor of Technology)",HS,SC,Female-only (including Supernumerary),4252,4252
1,"Dr. B R Ambedkar National Institute of Technology, Jalandhar","Electronics and Communication Engineering (4 Years, Bachelor of Technology)",HS,ST,Gender-Neutral,11054,11054
1,"Dr. B R Ambedkar National Institute of Technology, Jalandhar","Electronics and Communication Engineering (4 Years, Bachelor of Technology)",OS,General,Gender-Neutral,9392,11742
1,"Dr. B R Ambedkar National Institute of Technology, Jalandhar","Electronics and Communication Engineering (4 Years, Bachelor of Technology)",OS,General,Female-only (including Supernumerary),12011,13078
1,"Dr. B R Ambedkar National Institute of Technology, Jalandhar","Electronics and Communication Engineering (4 Years, Bachelor of Technology)",OS,General PwD,Gender-Neutral,599,599
1,"Dr. B R Ambedkar National Institute of Technology, Jalandhar","Electronics and Communication Engineering (4 Years, Bachelor of Technology)",OS,OBC-NCL,Female-only (including Supernumerary),5201,8271
1,"Dr. B R Ambedkar National Institute of Technology, Jalandhar","Electronics and Communication Engineering (4 Years, Bachelor of Technology)",OS,OBC-NCL,Gender-Neutral,3165,4347
1,"Dr. B R Ambedkar National Institute of Technology, Jalandhar","Electronics and Communication Engineering (4 Years, Bachelor of Technology)",OS,OBC-NCL(PwD),Gender-Neutral,381,381
1,"Dr. B R Ambedkar National Institute of Technology, Jalandhar","Electronics and Communication Engineering (4 Years, Bachelor of Technology)",OS,SC,Gender-Neutral,2288,2860
1,"Dr. B R Ambedkar National Institute of Technology, Jalandhar","Electronics and Communication Engineering (4 Years, Bachelor of Technology)",OS,SC,Female-only (including Supernumerary),3150,3150
1,"Dr. B R Ambedkar National Institute of Technology, Jalandhar","Electronics and Communication Engineering (4 Years, Bachelor of Technology)",OS,ST,Female-only (including Supernumerary),2782,2782
1,"Dr. B R Ambedkar National Institute of Technology, Jalandhar","Electronics and Communication Engineering (4 Years, Bachelor of Technology)",OS,ST,Gender-Neutral,100,1129
1,"Dr. B R Ambedkar National Institute of Technology, Jalandhar","Industrial and Production Engineering (4 Years, Bachelor of Technology)",HS,General,Female-only (including Supernumerary),40890,43322
1,"Dr. B R Ambedkar National Institute of Technology, Jalandhar","Industrial and Production Engineering (4 Years, Bachelor of Technology)",HS,General,Gender-Neutral,23897,46183
1,"Dr. B R Ambedkar National Institute of Technology, Jalandhar","Industrial and Production Engineering (4 Years, Bachelor of Technology)",HS,OBC-NCL,Female-only (including Supernumerary),54976,54976
1,"Dr. B R Ambedkar National Institute of Technology, Jalandhar","Industrial and Production Engineering (4 Years, Bachelor of Technology)",HS,OBC-NCL,Gender-Neutral,23531,42656
1,"Dr. B R Ambedkar National Institute of Technology, Jalandhar","Industrial and Production Engineering (4 Years, Bachelor of Technology)",HS,SC,Female-only (including Supernumerary),11127,11127
1,"Dr. B R Ambedkar National Institute of Technology, Jalandhar","Industrial and Production Engineering (4 Years, Bachelor of Technology)",HS,SC,Gender-Neutral,8447,9421
1,"Dr. B R Ambedkar National Institute of Technology, Jalandhar","Industrial and Production Engineering (4 Years, Bachelor of Technology)",OS,General,Female-only (including Supernumerary),26493,28327
1,"Dr. B R Ambedkar National Institute of Technology, Jalandhar","Industrial and Production Engineering (4 Years, Bachelor of Technology)",OS,General,Gender-Neutral,23165,26259
1,"Dr. B R Ambedkar National Institute of Technology, Jalandhar","Industrial and Production Engineering (4 Years, Bachelor of Technology)",OS,General PwD,Gender-Neutral,1807,1807
1,"Dr. B R Ambedkar National Institute of Technology, Jalandhar","Industrial and Production Engineering (4 Years, Bachelor of Technology)",OS,OBC-NCL,Gender-Neutral,7453,8929
1,"Dr. B R Ambedkar National Institute of Technology, Jalandhar","Industrial and Production Engineering (4 Years, Bachelor of Technology)",OS,OBC-NCL,Female-only (including Supernumerary),12376,13507
1,"Dr. B R Ambedkar National Institute of Technology, Jalandhar","Industrial and Production Engineering (4 Years, Bachelor of Technology)",OS,SC,Female-only (including Supernumerary),7442,7442
1,"Dr. B R Ambedkar National Institute of Technology, Jalandhar","Industrial and Production Engineering (4 Years, Bachelor of Technology)",OS,SC,Gender-Neutral,4771,5386
1,"Dr. B R Ambedkar National Institute of Technology, Jalandhar","Industrial and Production Engineering (4 Years, Bachelor of Technology)",OS,ST,Gender-Neutral,2507,2771
1,"Dr. B R Ambedkar National Institute of Technology, Jalandhar","Information Technology (4 Years, Bachelor of Technology)",HS,General,Gender-Neutral,12266,13991
1,"Dr. B R Ambedkar National Institute of Technology, Jalandhar","Information Technology (4 Years, Bachelor of Technology)",HS,General,Female-only (including Supernumerary),15863,17632
1,"Dr. B R Ambedkar National Institute of Technology, Jalandhar","Information Technology (4 Years, Bachelor of Technology)",HS,OBC-NCL,Female-only (including Supernumerary),9373,9373
1,"Dr. B R Ambedkar National Institute of Technology, Jalandhar","Information Technology (4 Years, Bachelor of Technology)",HS,OBC-NCL,Gender-Neutral,8374,10251
1,"Dr. B R Ambedkar National Institute of Technology, Jalandhar","Information Technology (4 Years, Bachelor of Technology)",HS,OBC-NCL(PwD),Gender-Neutral,825,825
1,"Dr. B R Ambedkar National Institute of Technology, Jalandhar","Information Technology (4 Years, Bachelor of Technology)",HS,SC,Gender-Neutral,2535,2603
1,"Dr. B R Ambedkar National Institute of Technology, Jalandhar","Information Technology (4 Years, Bachelor of Technology)",HS,ST,Gender-Neutral,10896,10896
1,"Dr. B R Ambedkar National Institute of Technology, Jalandhar","Information Technology (4 Years, Bachelor of Technology)",OS,General,Female-only (including Supernumerary),10175,10175
1,"Dr. B R Ambedkar National Institute of Technology, Jalandhar","Information Technology (4 Years, Bachelor of Technology)",OS,General,Gender-Neutral,8107,9198
1,"Dr. B R Ambedkar National Institute of Technology, Jalandhar","Information Technology (4 Years, Bachelor of Technology)",OS,General PwD,Gender-Neutral,413,413
1,"Dr. B R Ambedkar National Institute of Technology, Jalandhar","Information Technology (4 Years, Bachelor of Technology)",OS,OBC-NCL,Gender-Neutral,2846,3635
1,"Dr. B R Ambedkar National Institute of Technology, Jalandhar","Information Technology (4 Years, Bachelor of Technology)",OS,SC,Female-only (including Supernumerary),1890,1890
1,"Dr. B R Ambedkar National Institute of Technology, Jalandhar","Information Technology (4 Years, Bachelor of Technology)",OS,SC,Gender-Neutral,1865,1865
1,"Dr. B R Ambedkar National Institute of Technology, Jalandhar","Information Technology (4 Years, Bachelor of Technology)",OS,ST,Gender-Neutral,1157,1157
1,"Dr. B R Ambedkar National Institute of Technology, Jalandhar","Instrumentation and Control Engineering (4 Years, Bachelor of Technology)",HS,General,Female-only (including Supernumerary),26395,34658
1,"Dr. B R Ambedkar National Institute of Technology, Jalandhar","Instrumentation and Control Engineering (4 Years, Bachelor of Technology)",HS,General,Gender-Neutral,17889,33597
1,"Dr. B R Ambedkar National Institute of Technology, Jalandhar","Instrumentation and Control Engineering (4 Years, Bachelor of Technology)",HS,OBC-NCL,Gender-Neutral,16701,27655
1,"Dr. B R Ambedkar National Institute of Technology, Jalandhar","Instrumentation and Control Engineering (4 Years, Bachelor of Technology)",HS,OBC-NCL,Female-only (including Supernumerary),22790,35430
1,"Dr. B R Ambedkar National Institute of Technology, Jalandhar","Instrumentation and Control Engineering (4 Years, Bachelor of Technology)",HS,SC,Female-only (including Supernumerary),7198,7198
1,"Dr. B R Ambedkar National Institute of Technology, Jalandhar","Instrumentation and Control Engineering (4 Years, Bachelor of Technology)",HS,SC,Gender-Neutral,6132,8982
1,"Dr. B R Ambedkar National Institute of Technology, Jalandhar","Instrumentation and Control Engineering (4 Years, Bachelor of Technology)",HS,ST,Gender-Neutral,16497,16497
1,"Dr. B R Ambedkar National Institute of Technology, Jalandhar","Instrumentation and Control Engineering (4 Years, Bachelor of Technology)",OS,General,Female-only (including Supernumerary),19437,24734
1,"Dr. B R Ambedkar National Institute of Technology, Jalandhar","Instrumentation and Control Engineering (4 Years, Bachelor of Technology)",OS,General,Gender-Neutral,18761,23362
1,"Dr. B R Ambedkar National Institute of Technology, Jalandhar","Instrumentation and Control Engineering (4 Years, Bachelor of Technology)",OS,General PwD,Gender-Neutral,1646,1646
1,"Dr. B R Ambedkar National Institute of Technology, Jalandhar","Instrumentation and Control Engineering (4 Years, Bachelor of Technology)",OS,General PwD,Female-only (including Supernumerary),2819,2819
1,"Dr. B R Ambedkar National Institute of Technology, Jalandhar","Instrumentation and Control Engineering (4 Years, Bachelor of Technology)",OS,OBC-NCL,Female-only (including Supernumerary),12712,13432
1,"Dr. B R Ambedkar National Institute of Technology, Jalandhar","Instrumentation and Control Engineering (4 Years, Bachelor of Technology)",OS,OBC-NCL,Gender-Neutral,6078,7817
1,"Dr. B R Ambedkar National Institute of Technology, Jalandhar","Instrumentation and Control Engineering (4 Years, Bachelor of Technology)",OS,OBC-NCL(PwD),Gender-Neutral,978,978
1,"Dr. B R Ambedkar National Institute of Technology, Jalandhar","Instrumentation and Control Engineering (4 Years, Bachelor of Technology)",OS,SC,Gender-Neutral,2981,4920
1,"Dr. B R Ambedkar National Institute of Technology, Jalandhar","Instrumentation and Control Engineering (4 Years, Bachelor of Technology)",OS,SC,Female-only (including Supernumerary),6818,6818
1,"Dr. B R Ambedkar National Institute of Technology, Jalandhar","Instrumentation and Control Engineering (4 Years, Bachelor of Technology)",OS,ST,Female-only (including Supernumerary),3484,3484
1,"Dr. B R Ambedkar National Institute of Technology, Jalandhar","Instrumentation and Control Engineering (4 Years, Bachelor of Technology)",OS,ST,Gender-Neutral,2477,2523
1,"Dr. B R Ambedkar National Institute of Technology, Jalandhar","Mechanical Engineering (4 Years, Bachelor of Technology)",HS,General,Gender-Neutral,15804,23811
1,"Dr. B R Ambedkar National Institute of Technology, Jalandhar","Mechanical Engineering (4 Years, Bachelor of Technology)",HS,General,Female-only (including Supernumerary),23276,30777
1,"Dr. B R Ambedkar National Institute of Technology, Jalandhar","Mechanical Engineering (4 Years, Bachelor of Technology)",HS,OBC-NCL,Female-only (including Supernumerary),36398,62066
1,"Dr. B R Ambedkar National Institute of Technology, Jalandhar","Mechanical Engineering (4 Years, Bachelor of Technology)",HS,OBC-NCL,Gender-Neutral,7375,16316
1,"Dr. B R Ambedkar National Institute of Technology, Jalandhar","Mechanical Engineering (4 Years, Bachelor of Technology)",HS,SC,Gender-Neutral,3923,5710
1,"Dr. B R Ambedkar National Institute of Technology, Jalandhar","Mechanical Engineering (4 Years, Bachelor of Technology)",HS,SC,Female-only (including Supernumerary),9417,9417
1,"Dr. B R Ambedkar National Institute of Technology, Jalandhar","Mechanical Engineering (4 Years, Bachelor of Technology)",HS,ST,Gender-Neutral,7345,15399
1,"Dr. B R Ambedkar National Institute of Technology, Jalandhar","Mechanical Engineering (4 Years, Bachelor of Technology)",OS,General,Female-only (including Supernumerary),18284,23355
1,"Dr. B R Ambedkar National Institute of Technology, Jalandhar","Mechanical Engineering (4 Years, Bachelor of Technology)",OS,General,Gender-Neutral,12249,15606
1,"Dr. B R Ambedkar National Institute of Technology, Jalandhar","Mechanical Engineering (4 Years, Bachelor of Technology)",OS,General PwD,Gender-Neutral,578,578
1,"Dr. B R Ambedkar National Institute of Technology, Jalandhar","Mechanical Engineering (4 Years, Bachelor of Technology)",OS,OBC-NCL,Gender-Neutral,3853,5248
1,"Dr. B R Ambedkar National Institute of Technology, Jalandhar","Mechanical Engineering (4 Years, Bachelor of Technology)",OS,OBC-NCL,Female-only (including Supernumerary),10837,11138
1,"Dr. B R Ambedkar National Institute of Technology, Jalandhar","Mechanical Engineering (4 Years, Bachelor of Technology)",OS,OBC-NCL(PwD),Gender-Neutral,310,310
1,"Dr. B R Ambedkar National Institute of Technology, Jalandhar","Mechanical Engineering (4 Years, Bachelor of Technology)",OS,SC,Gender-Neutral,2453,2853
1,"Dr. B R Ambedkar National Institute of Technology, Jalandhar","Mechanical Engineering (4 Years, Bachelor of Technology)",OS,SC,Female-only (including Supernumerary),4961,4961
1,"Dr. B R Ambedkar National Institute of Technology, Jalandhar","Mechanical Engineering (4 Years, Bachelor of Technology)",OS,ST,Gender-Neutral,575,1088
1,"Dr. B R Ambedkar National Institute of Technology, Jalandhar","Mechanical Engineering (4 Years, Bachelor of Technology)",OS,ST,Female-only (including Supernumerary),1861,1861
1,"Dr. B R Ambedkar National Institute of Technology, Jalandhar","Textile Technology (4 Years, Bachelor of Technology)",HS,General,Gender-Neutral,39839,49733
1,"Dr. B R Ambedkar National Institute of Technology, Jalandhar","Textile Technology (4 Years, Bachelor of Technology)",HS,General,Female-only (including Supernumerary),37404,41891
1,"Dr. B R Ambedkar National Institute of Technology, Jalandhar","Textile Technology (4 Years, Bachelor of Technology)",HS,OBC-NCL,Female-only (including Supernumerary),49177,49177
1,"Dr. B R Ambedkar National Institute of Technology, Jalandhar","Textile Technology (4 Years, Bachelor of Technology)",HS,OBC-NCL,Gender-Neutral,35635,47504
1,"Dr. B R Ambedkar National Institute of Technology, Jalandhar","Textile Technology (4 Years, Bachelor of Technology)",HS,SC,Female-only (including Supernumerary),6010,6010
1,"Dr. B R Ambedkar National Institute of Technology, Jalandhar","Textile Technology (4 Years, Bachelor of Technology)",HS,SC,Gender-Neutral,9710,10012
1,"Dr. B R Ambedkar National Institute of Technology, Jalandhar","Textile Technology (4 Years, Bachelor of Technology)",OS,General,Female-only (including Supernumerary),30422,31641
1,"Dr. B R Ambedkar National Institute of Technology, Jalandhar","Textile Technology (4 Years, Bachelor of Technology)",OS,General,Gender-Neutral,22787,30018
1,"Dr. B R Ambedkar National Institute of Technology, Jalandhar","Textile Technology (4 Years, Bachelor of Technology)",OS,General PwD,Gender-Neutral,1705,1705
1,"Dr. B R Ambedkar National Institute of Technology, Jalandhar","Textile Technology (4 Years, Bachelor of Technology)",OS,OBC-NCL,Gender-Neutral,7565,9279
1,"Dr. B R Ambedkar National Institute of Technology, Jalandhar","Textile Technology (4 Years, Bachelor of Technology)",OS,OBC-NCL,Female-only (including Supernumerary),9992,9992
1,"Dr. B R Ambedkar National Institute of Technology, Jalandhar","Textile Technology (4 Years, Bachelor of Technology)",OS,SC,Gender-Neutral,3488,5593
1,"Dr. B R Ambedkar National Institute of Technology, Jalandhar","Textile Technology (4 Years, Bachelor of Technology)",OS,SC,Female-only (including Supernumerary),6404,6404
1,"Dr. B R Ambedkar National Institute of Technology, Jalandhar","Textile Technology (4 Years, Bachelor of Technology)",OS,ST,Gender-Neutral,2395,2462
1,"Dr. B R Ambedkar National Institute of Technology, Jalandhar","Textile Technology (4 Years, Bachelor of Technology)",OS,ST,Female-only (including Supernumerary),3882,3882
1,Malaviya National Institute of Technology Jaipur,"Architecture (5 Years, Bachelor of Architecture)",HS,General,Gender-Neutral,568,1583
1,Malaviya National Institute of Technology Jaipur,"Architecture (5 Years, Bachelor of Architecture)",HS,General,Female-only (including Supernumerary),687,1322
1,Malaviya National Institute of Technology Jaipur,"Architecture (5 Years, Bachelor of Architecture)",HS,General PwD,Gender-Neutral,141,141
1,Malaviya National Institute of Technology Jaipur,"Architecture (5 Years, Bachelor of Architecture)",HS,OBC-NCL,Gender-Neutral,392,889
1,Malaviya National Institute of Technology Jaipur,"Architecture (5 Years, Bachelor of Architecture)",HS,OBC-NCL,Female-only (including Supernumerary),400,1112
1,Malaviya National Institute of Technology Jaipur,"Architecture (5 Years, Bachelor of Architecture)",HS,SC,Gender-Neutral,99,232
1,Malaviya National Institute of Technology Jaipur,"Architecture (5 Years, Bachelor of Architecture)",HS,SC,Female-only (including Supernumerary),140,140
1,Malaviya National Institute of Technology Jaipur,"Architecture (5 Years, Bachelor of Architecture)",HS,ST,Gender-Neutral,160,174
1,Malaviya National Institute of Technology Jaipur,"Architecture (5 Years, Bachelor of Architecture)",HS,ST,Female-only (including Supernumerary),592,592
1,Malaviya National Institute of Technology Jaipur,"Architecture (5 Years, Bachelor of Architecture)",OS,General,Female-only (including Supernumerary),495,693
1,Malaviya National Institute of Technology Jaipur,"Architecture (5 Years, Bachelor of Architecture)",OS,General,Gender-Neutral,756,1042
1,Malaviya National Institute of Technology Jaipur,"Architecture (5 Years, Bachelor of Architecture)",OS,General PwD,Gender-Neutral,31,31
1,Malaviya National Institute of Technology Jaipur,"Architecture (5 Years, Bachelor of Architecture)",OS,OBC-NCL,Female-only (including Supernumerary),226,226
1,Malaviya National Institute of Technology Jaipur,"Architecture (5 Years, Bachelor of Architecture)",OS,OBC-NCL,Gender-Neutral,399,500
1,Malaviya National Institute of Technology Jaipur,"Architecture (5 Years, Bachelor of Architecture)",OS,OBC-NCL(PwD),Gender-Neutral,31,31
1,Malaviya National Institute of Technology Jaipur,"Architecture (5 Years, Bachelor of Architecture)",OS,SC,Female-only (including Supernumerary),116,116
1,Malaviya National Institute of Technology Jaipur,"Architecture (5 Years, Bachelor of Architecture)",OS,SC,Gender-Neutral,82,154
1,Malaviya National Institute of Technology Jaipur,"Architecture (5 Years, Bachelor of Architecture)",OS,ST,Female-only (including Supernumerary),27,27
1,Malaviya National Institute of Technology Jaipur,"Architecture (5 Years, Bachelor of Architecture)",OS,ST,Gender-Neutral,32,32
1,Malaviya National Institute of Technology Jaipur,"Chemical Engineering (4 Years, Bachelor of Technology)",HS,General,Female-only (including Supernumerary),11745,17989
1,Malaviya National Institute of Technology Jaipur,"Chemical Engineering (4 Years, Bachelor of Technology)",HS,General,Gender-Neutral,9563,15738
1,Malaviya National Institute of Technology Jaipur,"Chemical Engineering (4 Years, Bachelor of Technology)",HS,General PwD,Gender-Neutral,834,834
1,Malaviya National Institute of Technology Jaipur,"Chemical Engineering (4 Years, Bachelor of Technology)",HS,OBC-NCL,Gender-Neutral,3537,5737
1,Malaviya National Institute of Technology Jaipur,"Chemical Engineering (4 Years, Bachelor of Technology)",HS,OBC-NCL,Female-only (including Supernumerary),8694,10538
1,Malaviya National Institute of Technology Jaipur,"Chemical Engineering (4 Years, Bachelor of Technology)",HS,SC,Female-only (including Supernumerary),2838,2838
1,Malaviya National Institute of Technology Jaipur,"Chemical Engineering (4 Years, Bachelor of Technology)",HS,SC,Gender-Neutral,2079,3142
1,Malaviya National Institute of Technology Jaipur,"Chemical Engineering (4 Years, Bachelor of Technology)",HS,ST,Gender-Neutral,536,605
1,Malaviya National Institute of Technology Jaipur,"Chemical Engineering (4 Years, Bachelor of Technology)",HS,ST,Female-only (including Supernumerary),1244,1244
1,Malaviya National Institute of Technology Jaipur,"Chemical Engineering (4 Years, Bachelor of Technology)",OS,General,Female-only (including Supernumerary),14941,18045
1,Malaviya National Institute of Technology Jaipur,"Chemical Engineering (4 Years, Bachelor of Technology)",OS,General,Gender-Neutral,11699,18046
1,Malaviya National Institute of Technology Jaipur,"Chemical Engineering (4 Years, Bachelor of Technology)",OS,General PwD,Gender-Neutral,412,412
1,Malaviya National Institute of Technology Jaipur,"Chemical Engineering (4 Years, Bachelor of Technology)",OS,OBC-NCL,Female-only (including Supernumerary),9193,10475
1,Malaviya National Institute of Technology Jaipur,"Chemical Engineering (4 Years, Bachelor of Technology)",OS,OBC-NCL,Gender-Neutral,5553,6748
1,Malaviya National Institute of Technology Jaipur,"Chemical Engineering (4 Years, Bachelor of Technology)",OS,SC,Gender-Neutral,2995,3342
1,Malaviya National Institute of Technology Jaipur,"Chemical Engineering (4 Years, Bachelor of Technology)",OS,SC,Female-only (including Supernumerary),3946,4462
1,Malaviya National Institute of Technology Jaipur,"Chemical Engineering (4 Years, Bachelor of Technology)",OS,ST,Female-only (including Supernumerary),2328,2328
1,Malaviya National Institute of Technology Jaipur,"Chemical Engineering (4 Years, Bachelor of Technology)",OS,ST,Gender-Neutral,1521,2158
1,Malaviya National Institute of Technology Jaipur,"Civil Engineering (4 Years, Bachelor of Technology)",HS,General,Gender-Neutral,11616,13693
1,Malaviya National Institute of Technology Jaipur,"Civil Engineering (4 Years, Bachelor of Technology)",HS,General,Female-only (including Supernumerary),15111,17497
1,Malaviya National Institute of Technology Jaipur,"Civil Engineering (4 Years, Bachelor of Technology)",HS,General PwD,Gender-Neutral,266,1047
1,Malaviya National Institute of Technology Jaipur,"Civil Engineering (4 Years, Bachelor of Technology)",HS,OBC-NCL,Gender-Neutral,3378,4596
1,Malaviya National Institute of Technology Jaipur,"Civil Engineering (4 Years, Bachelor of Technology)",HS,OBC-NCL,Female-only (including Supernumerary),7910,8386
1,Malaviya National Institute of Technology Jaipur,"Civil Engineering (4 Years, Bachelor of Technology)",HS,OBC-NCL(PwD),Gender-Neutral,395,395
1,Malaviya National Institute of Technology Jaipur,"Civil Engineering (4 Years, Bachelor of Technology)",HS,SC,Gender-Neutral,817,1650
1,Malaviya National Institute of Technology Jaipur,"Civil Engineering (4 Years, Bachelor of Technology)",HS,SC,Female-only (including Supernumerary),2124,2124
1,Malaviya National Institute of Technology Jaipur,"Civil Engineering (4 Years, Bachelor of Technology)",HS,ST,Gender-Neutral,77,120
1,Malaviya National Institute of Technology Jaipur,"Civil Engineering (4 Years, Bachelor of Technology)",HS,ST,Female-only (including Supernumerary),635,635
1,Malaviya National Institute of Technology Jaipur,"Civil Engineering (4 Years, Bachelor of Technology)",OS,General,Female-only (including Supernumerary),21161,21846
1,Malaviya National Institute of Technology Jaipur,"Civil Engineering (4 Years, Bachelor of Technology)",OS,General,Gender-Neutral,10613,16477
1,Malaviya National Institute of Technology Jaipur,"Civil Engineering (4 Years, Bachelor of Technology)",OS,General PwD,Female-only (including Supernumerary),586,586
1,Malaviya National Institute of Technology Jaipur,"Civil Engineering (4 Years, Bachelor of Technology)",OS,General PwD,Gender-Neutral,610,610
1,Malaviya National Institute of Technology Jaipur,"Civil Engineering (4 Years, Bachelor of Technology)",OS,OBC-NCL,Gender-Neutral,3817,4988
1,Malaviya National Institute of Technology Jaipur,"Civil Engineering (4 Years, Bachelor of Technology)",OS,OBC-NCL,Female-only (including Supernumerary),7409,7629
1,Malaviya National Institute of Technology Jaipur,"Civil Engineering (4 Years, Bachelor of Technology)",OS,SC,Gender-Neutral,1996,2357
1,Malaviya National Institute of Technology Jaipur,"Civil Engineering (4 Years, Bachelor of Technology)",OS,SC,Female-only (including Supernumerary),3635,3635
1,Malaviya National Institute of Technology Jaipur,"Civil Engineering (4 Years, Bachelor of Technology)",OS,ST,Gender-Neutral,574,694
1,Malaviya National Institute of Technology Jaipur,"Civil Engineering (4 Years, Bachelor of Technology)",OS,ST,Female-only (including Supernumerary),968,968
1,Malaviya National Institute of Technology Jaipur,"Civil Engineering (4 Years, Bachelor of Technology)",OS,ST PwD,Gender-Neutral,38,38
1,Malaviya National Institute of Technology Jaipur,"Computer Science and Engineering (4 Years, Bachelor of Technology)",HS,General,Female-only (including Supernumerary),1895,6028
1,Malaviya National Institute of Technology Jaipur,"Computer Science and Engineering (4 Years, Bachelor of Technology)",HS,General,Gender-Neutral,1617,4217
1,Malaviya National Institute of Technology Jaipur,"Computer Science and Engineering (4 Years, Bachelor of Technology)",HS,General PwD,Gender-Neutral,36,36
1,Malaviya National Institute of Technology Jaipur,"Computer Science and Engineering (4 Years, Bachelor of Technology)",HS,OBC-NCL,Gender-Neutral,891,1486
1,Malaviya National Institute of Technology Jaipur,"Computer Science and Engineering (4 Years, Bachelor of Technology)",HS,OBC-NCL,Female-only (including Supernumerary),1176,2887
1,Malaviya National Institute of Technology Jaipur,"Computer Science and Engineering (4 Years, Bachelor of Technology)",HS,SC,Female-only (including Supernumerary),1570,1570
1,Malaviya National Institute of Technology Jaipur,"Computer Science and Engineering (4 Years, Bachelor of Technology)",HS,SC,Gender-Neutral,646,887
1,Malaviya National Institute of Technology Jaipur,"Computer Science and Engineering (4 Years, Bachelor of Technology)",HS,ST,Gender-Neutral,181,310
1,Malaviya National Institute of Technology Jaipur,"Computer Science and Engineering (4 Years, Bachelor of Technology)",HS,ST,Female-only (including Supernumerary),471,471
1,Malaviya National Institute of Technology Jaipur,"Computer Science and Engineering (4 Years, Bachelor of Technology)",OS,General,Female-only (including Supernumerary),3187,5049
1,Malaviya National Institute of Technology Jaipur,"Computer Science and Engineering (4 Years, Bachelor of Technology)",OS,General,Gender-Neutral,2034,4236
1,Malaviya National Institute of Technology Jaipur,"Computer Science and Engineering (4 Years, Bachelor of Technology)",OS,General PwD,Gender-Neutral,76,129
1,Malaviya National Institute of Technology Jaipur,"Computer Science and Engineering (4 Years, Bachelor of Technology)",OS,OBC-NCL,Gender-Neutral,1187,1475
1,Malaviya National Institute of Technology Jaipur,"Computer Science and Engineering (4 Years, Bachelor of Technology)",OS,OBC-NCL,Female-only (including Supernumerary),3085,3085
1,Malaviya National Institute of Technology Jaipur,"Computer Science and Engineering (4 Years, Bachelor of Technology)",OS,OBC-NCL(PwD),Female-only (including Supernumerary),192,192
1,Malaviya National Institute of Technology Jaipur,"Computer Science and Engineering (4 Years, Bachelor of Technology)",OS,SC,Gender-Neutral,642,856
1,Malaviya National Institute of Technology Jaipur,"Computer Science and Engineering (4 Years, Bachelor of Technology)",OS,SC,Female-only (including Supernumerary),1706,1706
1,Malaviya National Institute of Technology Jaipur,"Computer Science and Engineering (4 Years, Bachelor of Technology)",OS,ST,Female-only (including Supernumerary),1051,1051
1,Malaviya National Institute of Technology Jaipur,"Computer Science and Engineering (4 Years, Bachelor of Technology)",OS,ST,Gender-Neutral,297,501
1,Malaviya National Institute of Technology Jaipur,"Electrical Engineering (4 Years, Bachelor of Technology)",HS,General,Female-only (including Supernumerary),8269,9835
1,Malaviya National Institute of Technology Jaipur,"Electrical Engineering (4 Years, Bachelor of Technology)",HS,General,Gender-Neutral,6469,8785
1,Malaviya National Institute of Technology Jaipur,"Electrical Engineering (4 Years, Bachelor of Technology)",HS,General PwD,Gender-Neutral,199,199
1,Malaviya National Institute of Technology Jaipur,"Electrical Engineering (4 Years, Bachelor of Technology)",HS,OBC-NCL,Female-only (including Supernumerary),3400,4943
1,Malaviya National Institute of Technology Jaipur,"Electrical Engineering (4 Years, Bachelor of Technology)",HS,OBC-NCL,Gender-Neutral,1812,2759
1,Malaviya National Institute of Technology Jaipur,"Electrical Engineering (4 Years, Bachelor of Technology)",HS,OBC-NCL(PwD),Gender-Neutral,157,157
1,Malaviya National Institute of Technology Jaipur,"Electrical Engineering (4 Years, Bachelor of Technology)",HS,SC,Gender-Neutral,429,1444
1,Malaviya National Institute of Technology Jaipur,"Electrical Engineering (4 Years, Bachelor of Technology)",HS,SC,Female-only (including Supernumerary),875,875
1,Malaviya National Institute of Technology Jaipur,"Electrical Engineering (4 Years, Bachelor of Technology)",HS,SC PwD,Gender-Neutral,166,166
1,Malaviya National Institute of Technology Jaipur,"Electrical Engineering (4 Years, Bachelor of Technology)",HS,ST,Female-only (including Supernumerary),345,345
1,Malaviya National Institute of Technology Jaipur,"Electrical Engineering (4 Years, Bachelor of Technology)",HS,ST,Gender-Neutral,177,205
1,Malaviya National Institute of Technology Jaipur,"Electrical Engineering (4 Years, Bachelor of Technology)",OS,General,Female-only (including Supernumerary),12361,13220
1,Malaviya National Institute of Technology Jaipur,"Electrical Engineering (4 Years, Bachelor of Technology)",OS,General,Gender-Neutral,7475,10188
1,Malaviya National Institute of Technology Jaipur,"Electrical Engineering (4 Years, Bachelor of Technology)",OS,General PwD,Gender-Neutral,468,468
1,Malaviya National Institute of Technology Jaipur,"Electrical Engineering (4 Years, Bachelor of Technology)",OS,OBC-NCL,Female-only (including Supernumerary),7743,8358
1,Malaviya National Institute of Technology Jaipur,"Electrical Engineering (4 Years, Bachelor of Technology)",OS,OBC-NCL,Gender-Neutral,2765,3739
1,Malaviya National Institute of Technology Jaipur,"Electrical Engineering (4 Years, Bachelor of Technology)",OS,OBC-NCL(PwD),Gender-Neutral,189,189
1,Malaviya National Institute of Technology Jaipur,"Electrical Engineering (4 Years, Bachelor of Technology)",OS,SC,Gender-Neutral,800,1948
1,Malaviya National Institute of Technology Jaipur,"Electrical Engineering (4 Years, Bachelor of Technology)",OS,SC,Female-only (including Supernumerary),2127,2127
1,Malaviya National Institute of Technology Jaipur,"Electrical Engineering (4 Years, Bachelor of Technology)",OS,ST,Female-only (including Supernumerary),1136,1136
1,Malaviya National Institute of Technology Jaipur,"Electrical Engineering (4 Years, Bachelor of Technology)",OS,ST,Gender-Neutral,993,1127
1,Malaviya National Institute of Technology Jaipur,"Electrical Engineering (4 Years, Bachelor of Technology)",OS,ST PwD,Gender-Neutral,66,66
1,Malaviya National Institute of Technology Jaipur,"Electronics and Communication Engineering (4 Years, Bachelor of Technology)",HS,General,Female-only (including Supernumerary),6986,7515
1,Malaviya National Institute of Technology Jaipur,"Electronics and Communication Engineering (4 Years, Bachelor of Technology)",HS,General,Gender-Neutral,5228,7060
1,Malaviya National Institute of Technology Jaipur,"Electronics and Communication Engineering (4 Years, Bachelor of Technology)",HS,General PwD,Female-only (including Supernumerary),635,635
1,Malaviya National Institute of Technology Jaipur,"Electronics and Communication Engineering (4 Years, Bachelor of Technology)",HS,OBC-NCL,Female-only (including Supernumerary),3702,3702
1,Malaviya National Institute of Technology Jaipur,"Electronics and Communication Engineering (4 Years, Bachelor of Technology)",HS,OBC-NCL,Gender-Neutral,1922,2737
1,Malaviya National Institute of Technology Jaipur,"Electronics and Communication Engineering (4 Years, Bachelor of Technology)",HS,OBC-NCL(PwD),Gender-Neutral,366,366
1,Malaviya National Institute of Technology Jaipur,"Electronics and Communication Engineering (4 Years, Bachelor of Technology)",HS,SC,Female-only (including Supernumerary),2488,2488
1,Malaviya National Institute of Technology Jaipur,"Electronics and Communication Engineering (4 Years, Bachelor of Technology)",HS,SC,Gender-Neutral,926,1698
1,Malaviya National Institute of Technology Jaipur,"Electronics and Communication Engineering (4 Years, Bachelor of Technology)",HS,SC PwD,Gender-Neutral,96,96
1,Malaviya National Institute of Technology Jaipur,"Electronics and Communication Engineering (4 Years, Bachelor of Technology)",HS,ST,Gender-Neutral,343,440
1,Malaviya National Institute of Technology Jaipur,"Electronics and Communication Engineering (4 Years, Bachelor of Technology)",HS,ST,Female-only (including Supernumerary),1812,1812
1,Malaviya National Institute of Technology Jaipur,"Electronics and Communication Engineering (4 Years, Bachelor of Technology)",OS,General,Female-only (including Supernumerary),8021,9234
1,Malaviya National Institute of Technology Jaipur,"Electronics and Communication Engineering (4 Years, Bachelor of Technology)",OS,General,Gender-Neutral,4783,7334
1,Malaviya National Institute of Technology Jaipur,"Electronics and Communication Engineering (4 Years, Bachelor of Technology)",OS,General PwD,Gender-Neutral,111,111
1,Malaviya National Institute of Technology Jaipur,"Electronics and Communication Engineering (4 Years, Bachelor of Technology)",OS,OBC-NCL,Female-only (including Supernumerary),4976,6726
1,Malaviya National Institute of Technology Jaipur,"Electronics and Communication Engineering (4 Years, Bachelor of Technology)",OS,OBC-NCL,Gender-Neutral,2132,3221
1,Malaviya National Institute of Technology Jaipur,"Electronics and Communication Engineering (4 Years, Bachelor of Technology)",OS,OBC-NCL(PwD),Gender-Neutral,200,200
1,Malaviya National Institute of Technology Jaipur,"Electronics and Communication Engineering (4 Years, Bachelor of Technology)",OS,SC,Gender-Neutral,1547,1870
1,Malaviya National Institute of Technology Jaipur,"Electronics and Communication Engineering (4 Years, Bachelor of Technology)",OS,SC,Female-only (including Supernumerary),1933,1933
1,Malaviya National Institute of Technology Jaipur,"Electronics and Communication Engineering (4 Years, Bachelor of Technology)",OS,ST,Female-only (including Supernumerary),1314,1314
1,Malaviya National Institute of Technology Jaipur,"Electronics and Communication Engineering (4 Years, Bachelor of Technology)",OS,ST,Gender-Neutral,651,678
1,Malaviya National Institute of Technology Jaipur,"Mechanical Engineering (4 Years, Bachelor of Technology)",HS,General,Gender-Neutral,7096,10039
1,Malaviya National Institute of Technology Jaipur,"Mechanical Engineering (4 Years, Bachelor of Technology)",HS,General,Female-only (including Supernumerary),13147,16843
1,Malaviya National Institute of Technology Jaipur,"Mechanical Engineering (4 Years, Bachelor of Technology)",HS,General PwD,Gender-Neutral,220,220
1,Malaviya National Institute of Technology Jaipur,"Mechanical Engineering (4 Years, Bachelor of Technology)",HS,OBC-NCL,Female-only (including Supernumerary),5020,7211
1,Malaviya National Institute of Technology Jaipur,"Mechanical Engineering (4 Years, Bachelor of Technology)",HS,OBC-NCL,Gender-Neutral,2221,3614
1,Malaviya National Institute of Technology Jaipur,"Mechanical Engineering (4 Years, Bachelor of Technology)",HS,OBC-NCL(PwD),Gender-Neutral,493,493
1,Malaviya National Institute of Technology Jaipur,"Mechanical Engineering (4 Years, Bachelor of Technology)",HS,SC,Female-only (including Supernumerary),2653,2653
1,Malaviya National Institute of Technology Jaipur,"Mechanical Engineering (4 Years, Bachelor of Technology)",HS,SC,Gender-Neutral,1003,1623
1,Malaviya National Institute of Technology Jaipur,"Mechanical Engineering (4 Years, Bachelor of Technology)",HS,ST,Gender-Neutral,244,300
1,Malaviya National Institute of Technology Jaipur,"Mechanical Engineering (4 Years, Bachelor of Technology)",HS,ST,Female-only (including Supernumerary),1182,1182
1,Malaviya National Institute of Technology Jaipur,"Mechanical Engineering (4 Years, Bachelor of Technology)",OS,General,Gender-Neutral,8000,10922
1,Malaviya National Institute of Technology Jaipur,"Mechanical Engineering (4 Years, Bachelor of Technology)",OS,General,Female-only (including Supernumerary),13316,16087
1,Malaviya National Institute of Technology Jaipur,"Mechanical Engineering (4 Years, Bachelor of Technology)",OS,General PwD,Gender-Neutral,296,296
1,Malaviya National Institute of Technology Jaipur,"Mechanical Engineering (4 Years, Bachelor of Technology)",OS,OBC-NCL,Female-only (including Supernumerary),8771,8989
1,Malaviya National Institute of Technology Jaipur,"Mechanical Engineering (4 Years, Bachelor of Technology)",OS,OBC-NCL,Gender-Neutral,2806,3904
1,Malaviya National Institute of Technology Jaipur,"Mechanical Engineering (4 Years, Bachelor of Technology)",OS,SC,Gender-Neutral,1556,2146
1,Malaviya National Institute of Technology Jaipur,"Mechanical Engineering (4 Years, Bachelor of Technology)",OS,SC,Female-only (including Supernumerary),4173,4173
1,Malaviya National Institute of Technology Jaipur,"Mechanical Engineering (4 Years, Bachelor of Technology)",OS,ST,Gender-Neutral,564,696
1,Malaviya National Institute of Technology Jaipur,"Mechanical Engineering (4 Years, Bachelor of Technology)",OS,ST,Female-only (including Supernumerary),2323,2323
1,Malaviya National Institute of Technology Jaipur,"Metallurgical and Materials Engineering (4 Years, Bachelor of Technology)",HS,General,Female-only (including Supernumerary),19294,20826
1,Malaviya National Institute of Technology Jaipur,"Metallurgical and Materials Engineering (4 Years, Bachelor of Technology)",HS,General,Gender-Neutral,17962,22236
1,Malaviya National Institute of Technology Jaipur,"Metallurgical and Materials Engineering (4 Years, Bachelor of Technology)",HS,OBC-NCL,Female-only (including Supernumerary),6217,12274
1,Malaviya National Institute of Technology Jaipur,"Metallurgical and Materials Engineering (4 Years, Bachelor of Technology)",HS,OBC-NCL,Gender-Neutral,5790,7256
1,Malaviya National Institute of Technology Jaipur,"Metallurgical and Materials Engineering (4 Years, Bachelor of Technology)",HS,SC,Gender-Neutral,3294,4386
1,Malaviya National Institute of Technology Jaipur,"Metallurgical and Materials Engineering (4 Years, Bachelor of Technology)",HS,SC,Female-only (including Supernumerary),3481,3481
1,Malaviya National Institute of Technology Jaipur,"Metallurgical and Materials Engineering (4 Years, Bachelor of Technology)",HS,ST,Female-only (including Supernumerary),2255,2255
1,Malaviya National Institute of Technology Jaipur,"Metallurgical and Materials Engineering (4 Years, Bachelor of Technology)",HS,ST,Gender-Neutral,1375,1698
1,Malaviya National Institute of Technology Jaipur,"Metallurgical and Materials Engineering (4 Years, Bachelor of Technology)",OS,General,Female-only (including Supernumerary),23318,27189
1,Malaviya National Institute of Technology Jaipur,"Metallurgical and Materials Engineering (4 Years, Bachelor of Technology)",OS,General,Gender-Neutral,16641,24971
1,Malaviya National Institute of Technology Jaipur,"Metallurgical and Materials Engineering (4 Years, Bachelor of Technology)",OS,General PwD,Gender-Neutral,819,819
1,Malaviya National Institute of Technology Jaipur,"Metallurgical and Materials Engineering (4 Years, Bachelor of Technology)",OS,OBC-NCL,Female-only (including Supernumerary),10572,11451
1,Malaviya National Institute of Technology Jaipur,"Metallurgical and Materials Engineering (4 Years, Bachelor of Technology)",OS,OBC-NCL,Gender-Neutral,6008,8234
1,Malaviya National Institute of Technology Jaipur,"Metallurgical and Materials Engineering (4 Years, Bachelor of Technology)",OS,OBC-NCL(PwD),Gender-Neutral,878,878
1,Malaviya National Institute of Technology Jaipur,"Metallurgical and Materials Engineering (4 Years, Bachelor of Technology)",OS,SC,Female-only (including Supernumerary),6440,6440
1,Malaviya National Institute of Technology Jaipur,"Metallurgical and Materials Engineering (4 Years, Bachelor of Technology)",OS,SC,Gender-Neutral,4805,5208
1,Malaviya National Institute of Technology Jaipur,"Metallurgical and Materials Engineering (4 Years, Bachelor of Technology)",OS,ST,Gender-Neutral,2057,2190
1,Malaviya National Institute of Technology Jaipur,"Metallurgical and Materials Engineering (4 Years, Bachelor of Technology)",OS,ST,Female-only (including Supernumerary),3057,3057
1,Maulana Azad National Institute of Technology Bhopal,"Architecture (5 Years, Bachelor of Architecture)",HS,General,Female-only (including Supernumerary),723,1138
1,Maulana Azad National Institute of Technology Bhopal,"Architecture (5 Years, Bachelor of Architecture)",HS,General,Gender-Neutral,232,2048
1,Maulana Azad National Institute of Technology Bhopal,"Architecture (5 Years, Bachelor of Architecture)",HS,General PwD,Gender-Neutral,168,168
1,Maulana Azad National Institute of Technology Bhopal,"Architecture (5 Years, Bachelor of Architecture)",HS,OBC-NCL,Gender-Neutral,583,1057
1,Maulana Azad National Institute of Technology Bhopal,"Architecture (5 Years, Bachelor of Architecture)",HS,OBC-NCL,Female-only (including Supernumerary),614,1374
1,Maulana Azad National Institute of Technology Bhopal,"Architecture (5 Years, Bachelor of Architecture)",HS,OBC-NCL(PwD),Gender-Neutral,121,121
1,Maulana Azad National Institute of Technology Bhopal,"Architecture (5 Years, Bachelor of Architecture)",HS,SC,Gender-Neutral,190,444
1,Maulana Azad National Institute of Technology Bhopal,"Architecture (5 Years, Bachelor of Architecture)",HS,SC,Female-only (including Supernumerary),487,487
1,Maulana Azad National Institute of Technology Bhopal,"Architecture (5 Years, Bachelor of Architecture)",HS,ST,Female-only (including Supernumerary),91,91
1,Maulana Azad National Institute of Technology Bhopal,"Architecture (5 Years, Bachelor of Architecture)",HS,ST,Gender-Neutral,29,284
1,Maulana Azad National Institute of Technology Bhopal,"Architecture (5 Years, Bachelor of Architecture)",OS,General,Gender-Neutral,971,1196
1,Maulana Azad National Institute of Technology Bhopal,"Architecture (5 Years, Bachelor of Architecture)",OS,General,Female-only (including Supernumerary),731,979
1,Maulana Azad National Institute of Technology Bhopal,"Architecture (5 Years, Bachelor of Architecture)",OS,General PwD,Female-only (including Supernumerary),120,120
1,Maulana Azad National Institute of Technology Bhopal,"Architecture (5 Years, Bachelor of Architecture)",OS,OBC-NCL,Gender-Neutral,294,504
1,Maulana Azad National Institute of Technology Bhopal,"Architecture (5 Years, Bachelor of Architecture)",OS,OBC-NCL,Female-only (including Supernumerary),444,507
1,Maulana Azad National Institute of Technology Bhopal,"Architecture (5 Years, Bachelor of Architecture)",OS,SC,Female-only (including Supernumerary),144,144
1,Maulana Azad National Institute of Technology Bhopal,"Architecture (5 Years, Bachelor of Architecture)",OS,SC,Gender-Neutral,104,167
1,Maulana Azad National Institute of Technology Bhopal,"Architecture (5 Years, Bachelor of Architecture)",OS,SC PwD,Gender-Neutral,16,16
1,Maulana Azad National Institute of Technology Bhopal,"Architecture (5 Years, Bachelor of Architecture)",OS,ST,Female-only (including Supernumerary),65,65
1,Maulana Azad National Institute of Technology Bhopal,"Architecture (5 Years, Bachelor of Architecture)",OS,ST,Gender-Neutral,57,81
1,Maulana Azad National Institute of Technology Bhopal,"Chemical Engineering (4 Years, Bachelor of Technology)",HS,General,Gender-Neutral,17301,20951
1,Maulana Azad National Institute of Technology Bhopal,"Chemical Engineering (4 Years, Bachelor of Technology)",HS,General,Female-only (including Supernumerary),16535,20160
1,Maulana Azad National Institute of Technology Bhopal,"Chemical Engineering (4 Years, Bachelor of Technology)",HS,General PwD,Gender-Neutral,950,950
1,Maulana Azad National Institute of Technology Bhopal,"Chemical Engineering (4 Years, Bachelor of Technology)",HS,OBC-NCL,Female-only (including Supernumerary),7922,7922
1,Maulana Azad National Institute of Technology Bhopal,"Chemical Engineering (4 Years, Bachelor of Technology)",HS,OBC-NCL,Gender-Neutral,7281,8067
1,Maulana Azad National Institute of Technology Bhopal,"Chemical Engineering (4 Years, Bachelor of Technology)",HS,SC,Female-only (including Supernumerary),3553,3553
1,Maulana Azad National Institute of Technology Bhopal,"Chemical Engineering (4 Years, Bachelor of Technology)",HS,SC,Gender-Neutral,3745,3903
1,Maulana Azad National Institute of Technology Bhopal,"Chemical Engineering (4 Years, Bachelor of Technology)",HS,ST,Female-only (including Supernumerary),1892,1892
1,Maulana Azad National Institute of Technology Bhopal,"Chemical Engineering (4 Years, Bachelor of Technology)",HS,ST,Gender-Neutral,1714,1714
1,Maulana Azad National Institute of Technology Bhopal,"Chemical Engineering (4 Years, Bachelor of Technology)",OS,General,Female-only (including Supernumerary),17320,19381
1,Maulana Azad National Institute of Technology Bhopal,"Chemical Engineering (4 Years, Bachelor of Technology)",OS,General,Gender-Neutral,13785,18497
1,Maulana Azad National Institute of Technology Bhopal,"Chemical Engineering (4 Years, Bachelor of Technology)",OS,General PwD,Gender-Neutral,419,419
1,Maulana Azad National Institute of Technology Bhopal,"Chemical Engineering (4 Years, Bachelor of Technology)",OS,General PwD,Female-only (including Supernumerary),1323,1323
1,Maulana Azad National Institute of Technology Bhopal,"Chemical Engineering (4 Years, Bachelor of Technology)",OS,OBC-NCL,Gender-Neutral,5065,6201
1,Maulana Azad National Institute of Technology Bhopal,"Chemical Engineering (4 Years, Bachelor of Technology)",OS,OBC-NCL,Female-only (including Supernumerary),8916,8916
1,Maulana Azad National Institute of Technology Bhopal,"Chemical Engineering (4 Years, Bachelor of Technology)",OS,OBC-NCL(PwD),Gender-Neutral,204,204
1,Maulana Azad National Institute of Technology Bhopal,"Chemical Engineering (4 Years, Bachelor of Technology)",OS,SC,Gender-Neutral,3318,3395
1,Maulana Azad National Institute of Technology Bhopal,"Chemical Engineering (4 Years, Bachelor of Technology)",OS,SC,Female-only (including Supernumerary),4073,4073
1,Maulana Azad National Institute of Technology Bhopal,"Chemical Engineering (4 Years, Bachelor of Technology)",OS,ST,Female-only (including Supernumerary),1620,1620
1,Maulana Azad National Institute of Technology Bhopal,"Chemical Engineering (4 Years, Bachelor of Technology)",OS,ST,Gender-Neutral,1154,1154
1,Maulana Azad National Institute of Technology Bhopal,"Civil Engineering (4 Years, Bachelor of Technology)",HS,General,Female-only (including Supernumerary),20927,22570
1,Maulana Azad National Institute of Technology Bhopal,"Civil Engineering (4 Years, Bachelor of Technology)",HS,General,Gender-Neutral,12610,19641
1,Maulana Azad National Institute of Technology Bhopal,"Civil Engineering (4 Years, Bachelor of Technology)",HS,General PwD,Gender-Neutral,211,211
1,Maulana Azad National Institute of Technology Bhopal,"Civil Engineering (4 Years, Bachelor of Technology)",HS,OBC-NCL,Female-only (including Supernumerary),11278,11278
1,Maulana Azad National Institute of Technology Bhopal,"Civil Engineering (4 Years, Bachelor of Technology)",HS,OBC-NCL,Gender-Neutral,5617,7157
1,Maulana Azad National Institute of Technology Bhopal,"Civil Engineering (4 Years, Bachelor of Technology)",HS,OBC-NCL(PwD),Gender-Neutral,152,152
1,Maulana Azad National Institute of Technology Bhopal,"Civil Engineering (4 Years, Bachelor of Technology)",HS,SC,Female-only (including Supernumerary),4497,4497
1,Maulana Azad National Institute of Technology Bhopal,"Civil Engineering (4 Years, Bachelor of Technology)",HS,SC,Gender-Neutral,1997,3789
1,Maulana Azad National Institute of Technology Bhopal,"Civil Engineering (4 Years, Bachelor of Technology)",HS,ST,Female-only (including Supernumerary),1582,1582
1,Maulana Azad National Institute of Technology Bhopal,"Civil Engineering (4 Years, Bachelor of Technology)",HS,ST,Gender-Neutral,523,983
1,Maulana Azad National Institute of Technology Bhopal,"Civil Engineering (4 Years, Bachelor of Technology)",OS,General,Gender-Neutral,14629,17266
1,Maulana Azad National Institute of Technology Bhopal,"Civil Engineering (4 Years, Bachelor of Technology)",OS,General,Female-only (including Supernumerary),19905,20646
1,Maulana Azad National Institute of Technology Bhopal,"Civil Engineering (4 Years, Bachelor of Technology)",OS,General PwD,Gender-Neutral,603,603
1,Maulana Azad National Institute of Technology Bhopal,"Civil Engineering (4 Years, Bachelor of Technology)",OS,OBC-NCL,Gender-Neutral,4768,5452
1,Maulana Azad National Institute of Technology Bhopal,"Civil Engineering (4 Years, Bachelor of Technology)",OS,OBC-NCL,Female-only (including Supernumerary),7716,8463
1,Maulana Azad National Institute of Technology Bhopal,"Civil Engineering (4 Years, Bachelor of Technology)",OS,OBC-NCL(PwD),Female-only (including Supernumerary),701,701
1,Maulana Azad National Institute of Technology Bhopal,"Civil Engineering (4 Years, Bachelor of Technology)",OS,OBC-NCL(PwD),Gender-Neutral,319,319
1,Maulana Azad National Institute of Technology Bhopal,"Civil Engineering (4 Years, Bachelor of Technology)",OS,SC,Female-only (including Supernumerary),3838,3838
1,Maulana Azad National Institute of Technology Bhopal,"Civil Engineering (4 Years, Bachelor of Technology)",OS,SC,Gender-Neutral,2215,2627
1,Maulana Azad National Institute of Technology Bhopal,"Civil Engineering (4 Years, Bachelor of Technology)",OS,ST,Gender-Neutral,486,579
1,Maulana Azad National Institute of Technology Bhopal,"Civil Engineering (4 Years, Bachelor of Technology)",OS,ST,Female-only (including Supernumerary),693,693
1,Maulana Azad National Institute of Technology Bhopal,"Computer Science and Engineering (4 Years, Bachelor of Technology)",HS,General,Gender-Neutral,4609,8197
1,Maulana Azad National Institute of Technology Bhopal,"Computer Science and Engineering (4 Years, Bachelor of Technology)",HS,General,Female-only (including Supernumerary),6634,9794
1,Maulana Azad National Institute of Technology Bhopal,"Computer Science and Engineering (4 Years, Bachelor of Technology)",HS,General PwD,Gender-Neutral,97,97
1,Maulana Azad National Institute of Technology Bhopal,"Computer Science and Engineering (4 Years, Bachelor of Technology)",HS,General PwD,Female-only (including Supernumerary),187,187
1,Maulana Azad National Institute of Technology Bhopal,"Computer Science and Engineering (4 Years, Bachelor of Technology)",HS,OBC-NCL,Gender-Neutral,1786,3538
1,Maulana Azad National Institute of Technology Bhopal,"Computer Science and Engineering (4 Years, Bachelor of Technology)",HS,OBC-NCL,Female-only (including Supernumerary),4603,7860
1,Maulana Azad National Institute of Technology Bhopal,"Computer Science and Engineering (4 Years, Bachelor of Technology)",HS,OBC-NCL(PwD),Gender-Neutral,103,103
1,Maulana Azad National Institute of Technology Bhopal,"Computer Science and Engineering (4 Years, Bachelor of Technology)",HS,OBC-NCL(PwD),Female-only (including Supernumerary),778,778
1,Maulana Azad National Institute of Technology Bhopal,"Computer Science and Engineering (4 Years, Bachelor of Technology)",HS,SC,Gender-Neutral,838,1844
1,Maulana Azad National Institute of Technology Bhopal,"Computer Science and Engineering (4 Years, Bachelor of Technology)",HS,SC,Female-only (including Supernumerary),1217,1217
1,Maulana Azad National Institute of Technology Bhopal,"Computer Science and Engineering (4 Years, Bachelor of Technology)",HS,SC PwD,Female-only (including Supernumerary),87,87
1,Maulana Azad National Institute of Technology Bhopal,"Computer Science and Engineering (4 Years, Bachelor of Technology)",HS,ST,Female-only (including Supernumerary),1285,2918
1,Maulana Azad National Institute of Technology Bhopal,"Computer Science and Engineering (4 Years, Bachelor of Technology)",HS,ST,Gender-Neutral,493,958
1,Maulana Azad National Institute of Technology Bhopal,"Computer Science and Engineering (4 Years, Bachelor of Technology)",OS,General,Gender-Neutral,4192,5927
1,Maulana Azad National Institute of Technology Bhopal,"Computer Science and Engineering (4 Years, Bachelor of Technology)",OS,General,Female-only (including Supernumerary),7132,8691
1,Maulana Azad National Institute of Technology Bhopal,"Computer Science and Engineering (4 Years, Bachelor of Technology)",OS,General PwD,Gender-Neutral,278,278
1,Maulana Azad National Institute of Technology Bhopal,"Computer Science and Engineering (4 Years, Bachelor of Technology)",OS,General PwD,Female-only (including Supernumerary),380,380
1,Maulana Azad National Institute of Technology Bhopal,"Computer Science and Engineering (4 Years, Bachelor of Technology)",OS,OBC-NCL,Female-only (including Supernumerary),2411,3599
1,Maulana Azad National Institute of Technology Bhopal,"Computer Science and Engineering (4 Years, Bachelor of Technology)",OS,OBC-NCL,Gender-Neutral,1275,2171
1,Maulana Azad National Institute of Technology Bhopal,"Computer Science and Engineering (4 Years, Bachelor of Technology)",OS,OBC-NCL(PwD),Gender-Neutral,111,111
1,Maulana Azad National Institute of Technology Bhopal,"Computer Science and Engineering (4 Years, Bachelor of Technology)",OS,SC,Female-only (including Supernumerary),576,576
1,Maulana Azad National Institute of Technology Bhopal,"Computer Science and Engineering (4 Years, Bachelor of Technology)",OS,SC,Gender-Neutral,752,1219
1,Maulana Azad National Institute of Technology Bhopal,"Computer Science and Engineering (4 Years, Bachelor of Technology)",OS,SC PwD,Gender-Neutral,124,124
1,Maulana Azad National Institute of Technology Bhopal,"Computer Science and Engineering (4 Years, Bachelor of Technology)",OS,ST,Female-only (including Supernumerary),813,813
1,Maulana Azad National Institute of Technology Bhopal,"Computer Science and Engineering (4 Years, Bachelor of Technology)",OS,ST,Gender-Neutral,398,451
1,Maulana Azad National Institute of Technology Bhopal,"Computer Science and Engineering (4 Years, Bachelor of Technology)",OS,ST PwD,Gender-Neutral,62,62
1,Maulana Azad National Institute of Technology Bhopal,"Electrical Engineering (4 Years, Bachelor of Technology)",HS,General,Gender-Neutral,10321,14673
1,Maulana Azad National Institute of Technology Bhopal,"Electrical Engineering (4 Years, Bachelor of Technology)",HS,General,Female-only (including Supernumerary),10660,15350
1,Maulana Azad National Institute of Technology Bhopal,"Electrical Engineering (4 Years, Bachelor of Technology)",HS,General PwD,Gender-Neutral,788,788
1,Maulana Azad National Institute of Technology Bhopal,"Electrical Engineering (4 Years, Bachelor of Technology)",HS,OBC-NCL,Gender-Neutral,4696,6440
1,Maulana Azad National Institute of Technology Bhopal,"Electrical Engineering (4 Years, Bachelor of Technology)",HS,OBC-NCL,Female-only (including Supernumerary),9277,9277
1,Maulana Azad National Institute of Technology Bhopal,"Electrical Engineering (4 Years, Bachelor of Technology)",HS,OBC-NCL(PwD),Gender-Neutral,486,486
1,Maulana Azad National Institute of Technology Bhopal,"Electrical Engineering (4 Years, Bachelor of Technology)",HS,SC,Gender-Neutral,1062,2798
1,Maulana Azad National Institute of Technology Bhopal,"Electrical Engineering (4 Years, Bachelor of Technology)",HS,SC,Female-only (including Supernumerary),4592,4718
1,Maulana Azad National Institute of Technology Bhopal,"Electrical Engineering (4 Years, Bachelor of Technology)",HS,ST,Female-only (including Supernumerary),1823,1823
1,Maulana Azad National Institute of Technology Bhopal,"Electrical Engineering (4 Years, Bachelor of Technology)",HS,ST,Gender-Neutral,1033,1118
1,Maulana Azad National Institute of Technology Bhopal,"Electrical Engineering (4 Years, Bachelor of Technology)",OS,General,Gender-Neutral,9037,11084
1,Maulana Azad National Institute of Technology Bhopal,"Electrical Engineering (4 Years, Bachelor of Technology)",OS,General,Female-only (including Supernumerary),12199,12768
1,Maulana Azad National Institute of Technology Bhopal,"Electrical Engineering (4 Years, Bachelor of Technology)",OS,General PwD,Gender-Neutral,573,573
1,Maulana Azad National Institute of Technology Bhopal,"Electrical Engineering (4 Years, Bachelor of Technology)",OS,OBC-NCL,Female-only (including Supernumerary),6688,6878
1,Maulana Azad National Institute of Technology Bhopal,"Electrical Engineering (4 Years, Bachelor of Technology)",OS,OBC-NCL,Gender-Neutral,3098,4160
1,Maulana Azad National Institute of Technology Bhopal,"Electrical Engineering (4 Years, Bachelor of Technology)",OS,OBC-NCL(PwD),Gender-Neutral,344,344
1,Maulana Azad National Institute of Technology Bhopal,"Electrical Engineering (4 Years, Bachelor of Technology)",OS,SC,Gender-Neutral,1961,2378
1,Maulana Azad National Institute of Technology Bhopal,"Electrical Engineering (4 Years, Bachelor of Technology)",OS,SC,Female-only (including Supernumerary),2319,2319
1,Maulana Azad National Institute of Technology Bhopal,"Electrical Engineering (4 Years, Bachelor of Technology)",OS,SC PwD,Gender-Neutral,112,112
1,Maulana Azad National Institute of Technology Bhopal,"Electrical Engineering (4 Years, Bachelor of Technology)",OS,ST,Gender-Neutral,658,914
1,Maulana Azad National Institute of Technology Bhopal,"Electrical Engineering (4 Years, Bachelor of Technology)",OS,ST,Female-only (including Supernumerary),1475,1475
1,Maulana Azad National Institute of Technology Bhopal,"Electronics and Communication Engineering (4 Years, Bachelor of Technology)",HS,General,Female-only (including Supernumerary),10049,12885
1,Maulana Azad National Institute of Technology Bhopal,"Electronics and Communication Engineering (4 Years, Bachelor of Technology)",HS,General,Gender-Neutral,3081,10296
1,Maulana Azad National Institute of Technology Bhopal,"Electronics and Communication Engineering (4 Years, Bachelor of Technology)",HS,General PwD,Female-only (including Supernumerary),811,811
1,Maulana Azad National Institute of Technology Bhopal,"Electronics and Communication Engineering (4 Years, Bachelor of Technology)",HS,General PwD,Gender-Neutral,758,758
1,Maulana Azad National Institute of Technology Bhopal,"Electronics and Communication Engineering (4 Years, Bachelor of Technology)",HS,OBC-NCL,Gender-Neutral,3839,5016
1,Maulana Azad National Institute of Technology Bhopal,"Electronics and Communication Engineering (4 Years, Bachelor of Technology)",HS,OBC-NCL,Female-only (including Supernumerary),5949,9243
1,Maulana Azad National Institute of Technology Bhopal,"Electronics and Communication Engineering (4 Years, Bachelor of Technology)",HS,OBC-NCL(PwD),Gender-Neutral,420,420
1,Maulana Azad National Institute of Technology Bhopal,"Electronics and Communication Engineering (4 Years, Bachelor of Technology)",HS,SC,Female-only (including Supernumerary),2966,3090
1,Maulana Azad National Institute of Technology Bhopal,"Electronics and Communication Engineering (4 Years, Bachelor of Technology)",HS,SC,Gender-Neutral,1882,3201
1,Maulana Azad National Institute of Technology Bhopal,"Electronics and Communication Engineering (4 Years, Bachelor of Technology)",HS,ST,Female-only (including Supernumerary),3232,3232
1,Maulana Azad National Institute of Technology Bhopal,"Electronics and Communication Engineering (4 Years, Bachelor of Technology)",HS,ST,Gender-Neutral,704,1234
1,Maulana Azad National Institute of Technology Bhopal,"Electronics and Communication Engineering (4 Years, Bachelor of Technology)",OS,General,Female-only (including Supernumerary),8941,11774
1,Maulana Azad National Institute of Technology Bhopal,"Electronics and Communication Engineering (4 Years, Bachelor of Technology)",OS,General,Gender-Neutral,6788,8838
1,Maulana Azad National Institute of Technology Bhopal,"Electronics and Communication Engineering (4 Years, Bachelor of Technology)",OS,General PwD,Female-only (including Supernumerary),643,643
1,Maulana Azad National Institute of Technology Bhopal,"Electronics and Communication Engineering (4 Years, Bachelor of Technology)",OS,General PwD,Gender-Neutral,438,438
1,Maulana Azad National Institute of Technology Bhopal,"Electronics and Communication Engineering (4 Years, Bachelor of Technology)",OS,OBC-NCL,Gender-Neutral,2313,3554
1,Maulana Azad National Institute of Technology Bhopal,"Electronics and Communication Engineering (4 Years, Bachelor of Technology)",OS,OBC-NCL,Female-only (including Supernumerary),4738,4935
1,Maulana Azad National Institute of Technology Bhopal,"Electronics and Communication Engineering (4 Years, Bachelor of Technology)",OS,OBC-NCL(PwD),Gender-Neutral,292,292
1,Maulana Azad National Institute of Technology Bhopal,"Electronics and Communication Engineering (4 Years, Bachelor of Technology)",OS,SC,Gender-Neutral,1805,2123
1,Maulana Azad National Institute of Technology Bhopal,"Electronics and Communication Engineering (4 Years, Bachelor of Technology)",OS,SC,Female-only (including Supernumerary),2189,2189
1,Maulana Azad National Institute of Technology Bhopal,"Electronics and Communication Engineering (4 Years, Bachelor of Technology)",OS,SC PwD,Gender-Neutral,163,163
1,Maulana Azad National Institute of Technology Bhopal,"Electronics and Communication Engineering (4 Years, Bachelor of Technology)",OS,ST,Female-only (including Supernumerary),1181,1181
1,Maulana Azad National Institute of Technology Bhopal,"Electronics and Communication Engineering (4 Years, Bachelor of Technology)",OS,ST,Gender-Neutral,647,767
1,Maulana Azad National Institute of Technology Bhopal,"Materials Science and Metallurgical Engineering (4 Years, Bachelor of Technology)",HS,General,Gender-Neutral,21142,27114
1,Maulana Azad National Institute of Technology Bhopal,"Materials Science and Metallurgical Engineering (4 Years, Bachelor of Technology)",HS,General,Female-only (including Supernumerary),27293,28305
1,Maulana Azad National Institute of Technology Bhopal,"Materials Science and Metallurgical Engineering (4 Years, Bachelor of Technology)",HS,General PwD,Female-only (including Supernumerary),923,923
1,Maulana Azad National Institute of Technology Bhopal,"Materials Science and Metallurgical Engineering (4 Years, Bachelor of Technology)",HS,OBC-NCL,Female-only (including Supernumerary),11314,11314
1,Maulana Azad National Institute of Technology Bhopal,"Materials Science and Metallurgical Engineering (4 Years, Bachelor of Technology)",HS,OBC-NCL,Gender-Neutral,7547,9053
1,Maulana Azad National Institute of Technology Bhopal,"Materials Science and Metallurgical Engineering (4 Years, Bachelor of Technology)",HS,OBC-NCL(PwD),Gender-Neutral,654,654
1,Maulana Azad National Institute of Technology Bhopal,"Materials Science and Metallurgical Engineering (4 Years, Bachelor of Technology)",HS,SC,Female-only (including Supernumerary),5997,5997
1,Maulana Azad National Institute of Technology Bhopal,"Materials Science and Metallurgical Engineering (4 Years, Bachelor of Technology)",HS,SC,Gender-Neutral,4712,6123
1,Maulana Azad National Institute of Technology Bhopal,"Materials Science and Metallurgical Engineering (4 Years, Bachelor of Technology)",HS,ST,Female-only (including Supernumerary),5002,5002
1,Maulana Azad National Institute of Technology Bhopal,"Materials Science and Metallurgical Engineering (4 Years, Bachelor of Technology)",HS,ST,Gender-Neutral,2003,2004
1,Maulana Azad National Institute of Technology Bhopal,"Materials Science and Metallurgical Engineering (4 Years, Bachelor of Technology)",OS,General,Gender-Neutral,21297,25162
1,Maulana Azad National Institute of Technology Bhopal,"Materials Science and Metallurgical Engineering (4 Years, Bachelor of Technology)",OS,General,Female-only (including Supernumerary),23192,24728
1,Maulana Azad National Institute of Technology Bhopal,"Materials Science and Metallurgical Engineering (4 Years, Bachelor of Technology)",OS,General PwD,Gender-Neutral,1343,1343
1,Maulana Azad National Institute of Technology Bhopal,"Materials Science and Metallurgical Engineering (4 Years, Bachelor of Technology)",OS,OBC-NCL,Gender-Neutral,7828,8257
1,Maulana Azad National Institute of Technology Bhopal,"Materials Science and Metallurgical Engineering (4 Years, Bachelor of Technology)",OS,OBC-NCL,Female-only (including Supernumerary),9935,9935
1,Maulana Azad National Institute of Technology Bhopal,"Materials Science and Metallurgical Engineering (4 Years, Bachelor of Technology)",OS,OBC-NCL(PwD),Gender-Neutral,655,655
1,Maulana Azad National Institute of Technology Bhopal,"Materials Science and Metallurgical Engineering (4 Years, Bachelor of Technology)",OS,SC,Gender-Neutral,4273,5253
1,Maulana Azad National Institute of Technology Bhopal,"Materials Science and Metallurgical Engineering (4 Years, Bachelor of Technology)",OS,SC,Female-only (including Supernumerary),5871,5871
1,Maulana Azad National Institute of Technology Bhopal,"Materials Science and Metallurgical Engineering (4 Years, Bachelor of Technology)",OS,ST,Female-only (including Supernumerary),2849,2849
1,Maulana Azad National Institute of Technology Bhopal,"Materials Science and Metallurgical Engineering (4 Years, Bachelor of Technology)",OS,ST,Gender-Neutral,2239,2396
1,Maulana Azad National Institute of Technology Bhopal,"Mechanical Engineering (4 Years, Bachelor of Technology)",HS,General,Gender-Neutral,9965,16308
1,Maulana Azad National Institute of Technology Bhopal,"Mechanical Engineering (4 Years, Bachelor of Technology)",HS,General,Female-only (including Supernumerary),16467,19452
1,Maulana Azad National Institute of Technology Bhopal,"Mechanical Engineering (4 Years, Bachelor of Technology)",HS,General PwD,Gender-Neutral,581,623
1,Maulana Azad National Institute of Technology Bhopal,"Mechanical Engineering (4 Years, Bachelor of Technology)",HS,OBC-NCL,Female-only (including Supernumerary),10203,12060
1,Maulana Azad National Institute of Technology Bhopal,"Mechanical Engineering (4 Years, Bachelor of Technology)",HS,OBC-NCL,Gender-Neutral,3626,6805
1,Maulana Azad National Institute of Technology Bhopal,"Mechanical Engineering (4 Years, Bachelor of Technology)",HS,OBC-NCL(PwD),Gender-Neutral,614,614
1,Maulana Azad National Institute of Technology Bhopal,"Mechanical Engineering (4 Years, Bachelor of Technology)",HS,SC,Gender-Neutral,1800,3792
1,Maulana Azad National Institute of Technology Bhopal,"Mechanical Engineering (4 Years, Bachelor of Technology)",HS,SC,Female-only (including Supernumerary),2077,2077
1,Maulana Azad National Institute of Technology Bhopal,"Mechanical Engineering (4 Years, Bachelor of Technology)",HS,SC PwD,Gender-Neutral,40,40
1,Maulana Azad National Institute of Technology Bhopal,"Mechanical Engineering (4 Years, Bachelor of Technology)",HS,ST,Gender-Neutral,900,1130
1,Maulana Azad National Institute of Technology Bhopal,"Mechanical Engineering (4 Years, Bachelor of Technology)",HS,ST,Female-only (including Supernumerary),1883,1883
1,Maulana Azad National Institute of Technology Bhopal,"Mechanical Engineering (4 Years, Bachelor of Technology)",OS,General,Female-only (including Supernumerary),16552,19645
1,Maulana Azad National Institute of Technology Bhopal,"Mechanical Engineering (4 Years, Bachelor of Technology)",OS,General,Gender-Neutral,8775,12547
1,Maulana Azad National Institute of Technology Bhopal,"Mechanical Engineering (4 Years, Bachelor of Technology)",OS,General PwD,Gender-Neutral,294,294
1,Maulana Azad National Institute of Technology Bhopal,"Mechanical Engineering (4 Years, Bachelor of Technology)",OS,General PwD,Female-only (including Supernumerary),2470,2470
1,Maulana Azad National Institute of Technology Bhopal,"Mechanical Engineering (4 Years, Bachelor of Technology)",OS,OBC-NCL,Gender-Neutral,3593,4465
1,Maulana Azad National Institute of Technology Bhopal,"Mechanical Engineering (4 Years, Bachelor of Technology)",OS,OBC-NCL,Female-only (including Supernumerary),8278,8954
1,Maulana Azad National Institute of Technology Bhopal,"Mechanical Engineering (4 Years, Bachelor of Technology)",OS,OBC-NCL(PwD),Gender-Neutral,191,191
1,Maulana Azad National Institute of Technology Bhopal,"Mechanical Engineering (4 Years, Bachelor of Technology)",OS,SC,Female-only (including Supernumerary),3693,3693
1,Maulana Azad National Institute of Technology Bhopal,"Mechanical Engineering (4 Years, Bachelor of Technology)",OS,SC,Gender-Neutral,2014,2387
1,Maulana Azad National Institute of Technology Bhopal,"Mechanical Engineering (4 Years, Bachelor of Technology)",OS,SC PwD,Gender-Neutral,227,227
1,Maulana Azad National Institute of Technology Bhopal,"Mechanical Engineering (4 Years, Bachelor of Technology)",OS,ST,Gender-Neutral,830,969
1,Maulana Azad National Institute of Technology Bhopal,"Mechanical Engineering (4 Years, Bachelor of Technology)",OS,ST,Female-only (including Supernumerary),1843,1843
1,Maulana Azad National Institute of Technology Bhopal,"Planning (4 Years, Bachelor of Planning)",HS,General,Gender-Neutral,254,2659
1,Maulana Azad National Institute of Technology Bhopal,"Planning (4 Years, Bachelor of Planning)",HS,General,Female-only (including Supernumerary),2209,2209
1,Maulana Azad National Institute of Technology Bhopal,"Planning (4 Years, Bachelor of Planning)",HS,General PwD,Gender-Neutral,98,98
1,Maulana Azad National Institute of Technology Bhopal,"Planning (4 Years, Bachelor of Planning)",HS,OBC-NCL,Female-only (including Supernumerary),1698,1698
1,Maulana Azad National Institute of Technology Bhopal,"Planning (4 Years, Bachelor of Planning)",HS,OBC-NCL,Gender-Neutral,1329,2241
1,Maulana Azad National Institute of Technology Bhopal,"Planning (4 Years, Bachelor of Planning)",HS,SC,Gender-Neutral,404,542
1,Maulana Azad National Institute of Technology Bhopal,"Planning (4 Years, Bachelor of Planning)",HS,SC,Female-only (including Supernumerary),565,565
1,Maulana Azad National Institute of Technology Bhopal,"Planning (4 Years, Bachelor of Planning)",HS,ST,Gender-Neutral,368,368
1,Maulana Azad National Institute of Technology Bhopal,"Planning (4 Years, Bachelor of Planning)",HS,ST,Female-only (including Supernumerary),477,477
1,Maulana Azad National Institute of Technology Bhopal,"Planning (4 Years, Bachelor of Planning)",OS,General,Female-only (including Supernumerary),1605,1605
1,Maulana Azad National Institute of Technology Bhopal,"Planning (4 Years, Bachelor of Planning)",OS,General,Gender-Neutral,1153,1680
1,Maulana Azad National Institute of Technology Bhopal,"Planning (4 Years, Bachelor of Planning)",OS,General PwD,Gender-Neutral,24,24
1,Maulana Azad National Institute of Technology Bhopal,"Planning (4 Years, Bachelor of Planning)",OS,OBC-NCL,Gender-Neutral,387,740
1,Maulana Azad National Institute of Technology Bhopal,"Planning (4 Years, Bachelor of Planning)",OS,OBC-NCL,Female-only (including Supernumerary),517,517
1,Maulana Azad National Institute of Technology Bhopal,"Planning (4 Years, Bachelor of Planning)",OS,SC,Female-only (including Supernumerary),225,225
1,Maulana Azad National Institute of Technology Bhopal,"Planning (4 Years, Bachelor of Planning)",OS,SC,Gender-Neutral,172,224
1,Maulana Azad National Institute of Technology Bhopal,"Planning (4 Years, Bachelor of Planning)",OS,ST,Gender-Neutral,147,147
1,Maulana Azad National Institute of Technology Bhopal,"Planning (4 Years, Bachelor of Planning)",OS,ST,Female-only (including Supernumerary),186,186
1,Motilal Nehru National Institute of Technology Allahabad,"Bio Technology (4 Years, Bachelor of Technology)",HS,General,Female-only (including Supernumerary),23919,27691
1,Motilal Nehru National Institute of Technology Allahabad,"Bio Technology (4 Years, Bachelor of Technology)",HS,General,Gender-Neutral,14272,20668
1,Motilal Nehru National Institute of Technology Allahabad,"Bio Technology (4 Years, Bachelor of Technology)",HS,OBC-NCL,Gender-Neutral,6420,8301
1,Motilal Nehru National Institute of Technology Allahabad,"Bio Technology (4 Years, Bachelor of Technology)",HS,OBC-NCL,Female-only (including Supernumerary),13205,13205
1,Motilal Nehru National Institute of Technology Allahabad,"Bio Technology (4 Years, Bachelor of Technology)",HS,OBC-NCL(PwD),Gender-Neutral,728,728
1,Motilal Nehru National Institute of Technology Allahabad,"Bio Technology (4 Years, Bachelor of Technology)",HS,SC,Gender-Neutral,3870,4129
1,Motilal Nehru National Institute of Technology Allahabad,"Bio Technology (4 Years, Bachelor of Technology)",HS,ST,Female-only (including Supernumerary),9675,9675
1,Motilal Nehru National Institute of Technology Allahabad,"Bio Technology (4 Years, Bachelor of Technology)",HS,ST,Gender-Neutral,1784,1784
1,Motilal Nehru National Institute of Technology Allahabad,"Bio Technology (4 Years, Bachelor of Technology)",OS,General,Gender-Neutral,18917,22315
1,Motilal Nehru National Institute of Technology Allahabad,"Bio Technology (4 Years, Bachelor of Technology)",OS,General,Female-only (including Supernumerary),17147,18165
1,Motilal Nehru National Institute of Technology Allahabad,"Bio Technology (4 Years, Bachelor of Technology)",OS,General PwD,Gender-Neutral,759,759
1,Motilal Nehru National Institute of Technology Allahabad,"Bio Technology (4 Years, Bachelor of Technology)",OS,OBC-NCL,Gender-Neutral,5722,7690
1,Motilal Nehru National Institute of Technology Allahabad,"Bio Technology (4 Years, Bachelor of Technology)",OS,OBC-NCL,Female-only (including Supernumerary),9568,9568
1,Motilal Nehru National Institute of Technology Allahabad,"Bio Technology (4 Years, Bachelor of Technology)",OS,SC,Female-only (including Supernumerary),5703,5703
1,Motilal Nehru National Institute of Technology Allahabad,"Bio Technology (4 Years, Bachelor of Technology)",OS,SC,Gender-Neutral,3440,3957
1,Motilal Nehru National Institute of Technology Allahabad,"Bio Technology (4 Years, Bachelor of Technology)",OS,ST,Gender-Neutral,1559,1870
1,Motilal Nehru National Institute of Technology Allahabad,"Chemical Engineering (4 Years, Bachelor of Technology)",HS,General,Female-only (including Supernumerary),12640,14328
1,Motilal Nehru National Institute of Technology Allahabad,"Chemical Engineering (4 Years, Bachelor of Technology)",HS,General,Gender-Neutral,10716,13484
1,Motilal Nehru National Institute of Technology Allahabad,"Chemical Engineering (4 Years, Bachelor of Technology)",HS,OBC-NCL,Female-only (including Supernumerary),12049,12049
1,Motilal Nehru National Institute of Technology Allahabad,"Chemical Engineering (4 Years, Bachelor of Technology)",HS,OBC-NCL,Gender-Neutral,4279,4848
1,Motilal Nehru National Institute of Technology Allahabad,"Chemical Engineering (4 Years, Bachelor of Technology)",HS,OBC-NCL(PwD),Gender-Neutral,586,586
1,Motilal Nehru National Institute of Technology Allahabad,"Chemical Engineering (4 Years, Bachelor of Technology)",HS,SC,Female-only (including Supernumerary),2299,2299
1,Motilal Nehru National Institute of Technology Allahabad,"Chemical Engineering (4 Years, Bachelor of Technology)",HS,SC,Gender-Neutral,2015,2460
1,Motilal Nehru National Institute of Technology Allahabad,"Chemical Engineering (4 Years, Bachelor of Technology)",HS,ST,Gender-Neutral,3276,3276
1,Motilal Nehru National Institute of Technology Allahabad,"Chemical Engineering (4 Years, Bachelor of Technology)",OS,General,Gender-Neutral,9611,14520
1,Motilal Nehru National Institute of Technology Allahabad,"Chemical Engineering (4 Years, Bachelor of Technology)",OS,General,Female-only (including Supernumerary),11956,14251
1,Motilal Nehru National Institute of Technology Allahabad,"Chemical Engineering (4 Years, Bachelor of Technology)",OS,General PwD,Gender-Neutral,452,452
1,Motilal Nehru National Institute of Technology Allahabad,"Chemical Engineering (4 Years, Bachelor of Technology)",OS,OBC-NCL,Female-only (including Supernumerary),7392,7392
1,Motilal Nehru National Institute of Technology Allahabad,"Chemical Engineering (4 Years, Bachelor of Technology)",OS,OBC-NCL,Gender-Neutral,4459,5187
1,Motilal Nehru National Institute of Technology Allahabad,"Chemical Engineering (4 Years, Bachelor of Technology)",OS,SC,Gender-Neutral,2361,2847
1,Motilal Nehru National Institute of Technology Allahabad,"Chemical Engineering (4 Years, Bachelor of Technology)",OS,ST,Gender-Neutral,1081,1474
1,Motilal Nehru National Institute of Technology Allahabad,"Civil Engineering (4 Years, Bachelor of Technology)",HS,General,Gender-Neutral,5013,12639
1,Motilal Nehru National Institute of Technology Allahabad,"Civil Engineering (4 Years, Bachelor of Technology)",HS,General,Female-only (including Supernumerary),16694,20685
1,Motilal Nehru National Institute of Technology Allahabad,"Civil Engineering (4 Years, Bachelor of Technology)",HS,General PwD,Female-only (including Supernumerary),587,587
1,Motilal Nehru National Institute of Technology Allahabad,"Civil Engineering (4 Years, Bachelor of Technology)",HS,General PwD,Gender-Neutral,252,252
1,Motilal Nehru National Institute of Technology Allahabad,"Civil Engineering (4 Years, Bachelor of Technology)",HS,OBC-NCL,Gender-Neutral,3286,4153
1,Motilal Nehru National Institute of Technology Allahabad,"Civil Engineering (4 Years, Bachelor of Technology)",HS,OBC-NCL,Female-only (including Supernumerary),10857,11152
1,Motilal Nehru National Institute of Technology Allahabad,"Civil Engineering (4 Years, Bachelor of Technology)",HS,SC,Gender-Neutral,705,1977
1,Motilal Nehru National Institute of Technology Allahabad,"Civil Engineering (4 Years, Bachelor of Technology)",HS,SC,Female-only (including Supernumerary),2435,2435
1,Motilal Nehru National Institute of Technology Allahabad,"Civil Engineering (4 Years, Bachelor of Technology)",HS,SC PwD,Gender-Neutral,20,20
1,Motilal Nehru National Institute of Technology Allahabad,"Civil Engineering (4 Years, Bachelor of Technology)",HS,ST,Gender-Neutral,759,1921
1,Motilal Nehru National Institute of Technology Allahabad,"Civil Engineering (4 Years, Bachelor of Technology)",OS,General,Female-only (including Supernumerary),14357,15648
1,Motilal Nehru National Institute of Technology Allahabad,"Civil Engineering (4 Years, Bachelor of Technology)",OS,General,Gender-Neutral,11447,13273
1,Motilal Nehru National Institute of Technology Allahabad,"Civil Engineering (4 Years, Bachelor of Technology)",OS,General PwD,Gender-Neutral,249,249
1,Motilal Nehru National Institute of Technology Allahabad,"Civil Engineering (4 Years, Bachelor of Technology)",OS,OBC-NCL,Gender-Neutral,3036,3988
1,Motilal Nehru National Institute of Technology Allahabad,"Civil Engineering (4 Years, Bachelor of Technology)",OS,OBC-NCL,Female-only (including Supernumerary),6626,7091
1,Motilal Nehru National Institute of Technology Allahabad,"Civil Engineering (4 Years, Bachelor of Technology)",OS,OBC-NCL(PwD),Gender-Neutral,159,159
1,Motilal Nehru National Institute of Technology Allahabad,"Civil Engineering (4 Years, Bachelor of Technology)",OS,SC,Female-only (including Supernumerary),2304,2304
1,Motilal Nehru National Institute of Technology Allahabad,"Civil Engineering (4 Years, Bachelor of Technology)",OS,SC,Gender-Neutral,1256,1883
1,Motilal Nehru National Institute of Technology Allahabad,"Civil Engineering (4 Years, Bachelor of Technology)",OS,ST,Gender-Neutral,203,355
1,Motilal Nehru National Institute of Technology Allahabad,"Civil Engineering (4 Years, Bachelor of Technology)",OS,ST,Female-only (including Supernumerary),406,406
1,Motilal Nehru National Institute of Technology Allahabad,"Computer Science and Engineering (4 Years, Bachelor of Technology)",HS,General,Gender-Neutral,1525,3877
1,Motilal Nehru National Institute of Technology Allahabad,"Computer Science and Engineering (4 Years, Bachelor of Technology)",HS,General,Female-only (including Supernumerary),403,5229
1,Motilal Nehru National Institute of Technology Allahabad,"Computer Science and Engineering (4 Years, Bachelor of Technology)",HS,General PwD,Gender-Neutral,124,154
1,Motilal Nehru National Institute of Technology Allahabad,"Computer Science and Engineering (4 Years, Bachelor of Technology)",HS,OBC-NCL,Gender-Neutral,692,1485
1,Motilal Nehru National Institute of Technology Allahabad,"Computer Science and Engineering (4 Years, Bachelor of Technology)",HS,OBC-NCL,Female-only (including Supernumerary),1711,2662
1,Motilal Nehru National Institute of Technology Allahabad,"Computer Science and Engineering (4 Years, Bachelor of Technology)",HS,OBC-NCL(PwD),Gender-Neutral,60,60
1,Motilal Nehru National Institute of Technology Allahabad,"Computer Science and Engineering (4 Years, Bachelor of Technology)",HS,SC,Gender-Neutral,305,674
1,Motilal Nehru National Institute of Technology Allahabad,"Computer Science and Engineering (4 Years, Bachelor of Technology)",HS,SC,Female-only (including Supernumerary),409,1385
1,Motilal Nehru National Institute of Technology Allahabad,"Computer Science and Engineering (4 Years, Bachelor of Technology)",HS,SC PwD,Gender-Neutral,8,8
1,Motilal Nehru National Institute of Technology Allahabad,"Computer Science and Engineering (4 Years, Bachelor of Technology)",HS,ST,Gender-Neutral,416,743
1,Motilal Nehru National Institute of Technology Allahabad,"Computer Science and Engineering (4 Years, Bachelor of Technology)",HS,ST,Female-only (including Supernumerary),2035,2035
1,Motilal Nehru National Institute of Technology Allahabad,"Computer Science and Engineering (4 Years, Bachelor of Technology)",OS,General,Gender-Neutral,1554,2901
1,Motilal Nehru National Institute of Technology Allahabad,"Computer Science and Engineering (4 Years, Bachelor of Technology)",OS,General,Female-only (including Supernumerary),2928,4063
1,Motilal Nehru National Institute of Technology Allahabad,"Computer Science and Engineering (4 Years, Bachelor of Technology)",OS,General PwD,Female-only (including Supernumerary),170,170
1,Motilal Nehru National Institute of Technology Allahabad,"Computer Science and Engineering (4 Years, Bachelor of Technology)",OS,General PwD,Gender-Neutral,51,73
1,Motilal Nehru National Institute of Technology Allahabad,"Computer Science and Engineering (4 Years, Bachelor of Technology)",OS,OBC-NCL,Female-only (including Supernumerary),1220,1909
1,Motilal Nehru National Institute of Technology Allahabad,"Computer Science and Engineering (4 Years, Bachelor of Technology)",OS,OBC-NCL,Gender-Neutral,701,1053
1,Motilal Nehru National Institute of Technology Allahabad,"Computer Science and Engineering (4 Years, Bachelor of Technology)",OS,OBC-NCL(PwD),Gender-Neutral,29,29
1,Motilal Nehru National Institute of Technology Allahabad,"Computer Science and Engineering (4 Years, Bachelor of Technology)",OS,SC,Female-only (including Supernumerary),329,681
1,Motilal Nehru National Institute of Technology Allahabad,"Computer Science and Engineering (4 Years, Bachelor of Technology)",OS,SC,Gender-Neutral,370,625
1,Motilal Nehru National Institute of Technology Allahabad,"Computer Science and Engineering (4 Years, Bachelor of Technology)",OS,ST,Female-only (including Supernumerary),610,610
1,Motilal Nehru National Institute of Technology Allahabad,"Computer Science and Engineering (4 Years, Bachelor of Technology)",OS,ST,Gender-Neutral,233,338
1,Motilal Nehru National Institute of Technology Allahabad,"Computer Science and Engineering (4 Years, Bachelor of Technology)",OS,ST PwD,Gender-Neutral,3,3
1,Motilal Nehru National Institute of Technology Allahabad,"Electrical Engineering (4 Years, Bachelor of Technology)",HS,General,Gender-Neutral,6076,7732
1,Motilal Nehru National Institute of Technology Allahabad,"Electrical Engineering (4 Years, Bachelor of Technology)",HS,General,Female-only (including Supernumerary),11247,12421
1,Motilal Nehru National Institute of Technology Allahabad,"Electrical Engineering (4 Years, Bachelor of Technology)",HS,General PwD,Gender-Neutral,205,205
1,Motilal Nehru National Institute of Technology Allahabad,"Electrical Engineering (4 Years, Bachelor of Technology)",HS,OBC-NCL,Gender-Neutral,1524,2712
1,Motilal Nehru National Institute of Technology Allahabad,"Electrical Engineering (4 Years, Bachelor of Technology)",HS,OBC-NCL,Female-only (including Supernumerary),3732,5301
1,Motilal Nehru National Institute of Technology Allahabad,"Electrical Engineering (4 Years, Bachelor of Technology)",HS,SC,Female-only (including Supernumerary),2047,2047
1,Motilal Nehru National Institute of Technology Allahabad,"Electrical Engineering (4 Years, Bachelor of Technology)",HS,SC,Gender-Neutral,882,1302
1,Motilal Nehru National Institute of Technology Allahabad,"Electrical Engineering (4 Years, Bachelor of Technology)",HS,SC PwD,Gender-Neutral,33,33
1,Motilal Nehru National Institute of Technology Allahabad,"Electrical Engineering (4 Years, Bachelor of Technology)",HS,ST,Gender-Neutral,640,1206
1,Motilal Nehru National Institute of Technology Allahabad,"Electrical Engineering (4 Years, Bachelor of Technology)",OS,General,Female-only (including Supernumerary),8443,9692
1,Motilal Nehru National Institute of Technology Allahabad,"Electrical Engineering (4 Years, Bachelor of Technology)",OS,General,Gender-Neutral,3252,7568
1,Motilal Nehru National Institute of Technology Allahabad,"Electrical Engineering (4 Years, Bachelor of Technology)",OS,General PwD,Gender-Neutral,239,239
1,Motilal Nehru National Institute of Technology Allahabad,"Electrical Engineering (4 Years, Bachelor of Technology)",OS,OBC-NCL,Gender-Neutral,2048,2607
1,Motilal Nehru National Institute of Technology Allahabad,"Electrical Engineering (4 Years, Bachelor of Technology)",OS,OBC-NCL,Female-only (including Supernumerary),3372,3372
1,Motilal Nehru National Institute of Technology Allahabad,"Electrical Engineering (4 Years, Bachelor of Technology)",OS,OBC-NCL(PwD),Gender-Neutral,156,156
1,Motilal Nehru National Institute of Technology Allahabad,"Electrical Engineering (4 Years, Bachelor of Technology)",OS,SC,Gender-Neutral,631,1408
1,Motilal Nehru National Institute of Technology Allahabad,"Electrical Engineering (4 Years, Bachelor of Technology)",OS,SC,Female-only (including Supernumerary),1842,1842
1,Motilal Nehru National Institute of Technology Allahabad,"Electrical Engineering (4 Years, Bachelor of Technology)",OS,ST,Female-only (including Supernumerary),1428,1428
1,Motilal Nehru National Institute of Technology Allahabad,"Electrical Engineering (4 Years, Bachelor of Technology)",OS,ST,Gender-Neutral,308,360
1,Motilal Nehru National Institute of Technology Allahabad,"Electronics and Communication Engineering (4 Years, Bachelor of Technology)",HS,General,Gender-Neutral,4327,6456
1,Motilal Nehru National Institute of Technology Allahabad,"Electronics and Communication Engineering (4 Years, Bachelor of Technology)",HS,General,Female-only (including Supernumerary),8669,9567
1,Motilal Nehru National Institute of Technology Allahabad,"Electronics and Communication Engineering (4 Years, Bachelor of Technology)",HS,General PwD,Female-only (including Supernumerary),427,427
1,Motilal Nehru National Institute of Technology Allahabad,"Electronics and Communication Engineering (4 Years, Bachelor of Technology)",HS,General PwD,Gender-Neutral,253,253
1,Motilal Nehru National Institute of Technology Allahabad,"Electronics and Communication Engineering (4 Years, Bachelor of Technology)",HS,OBC-NCL,Female-only (including Supernumerary),4616,5972
1,Motilal Nehru National Institute of Technology Allahabad,"Electronics and Communication Engineering (4 Years, Bachelor of Technology)",HS,OBC-NCL,Gender-Neutral,1541,2587
1,Motilal Nehru National Institute of Technology Allahabad,"Electronics and Communication Engineering (4 Years, Bachelor of Technology)",HS,OBC-NCL(PwD),Gender-Neutral,160,160
1,Motilal Nehru National Institute of Technology Allahabad,"Electronics and Communication Engineering (4 Years, Bachelor of Technology)",HS,SC,Female-only (including Supernumerary),1011,1439
1,Motilal Nehru National Institute of Technology Allahabad,"Electronics and Communication Engineering (4 Years, Bachelor of Technology)",HS,SC,Gender-Neutral,666,1406
1,Motilal Nehru National Institute of Technology Allahabad,"Electronics and Communication Engineering (4 Years, Bachelor of Technology)",HS,ST,Female-only (including Supernumerary),3402,3402
1,Motilal Nehru National Institute of Technology Allahabad,"Electronics and Communication Engineering (4 Years, Bachelor of Technology)",HS,ST,Gender-Neutral,1531,1884
1,Motilal Nehru National Institute of Technology Allahabad,"Electronics and Communication Engineering (4 Years, Bachelor of Technology)",OS,General,Female-only (including Supernumerary),6189,8146
1,Motilal Nehru National Institute of Technology Allahabad,"Electronics and Communication Engineering (4 Years, Bachelor of Technology)",OS,General,Gender-Neutral,4167,5880
1,Motilal Nehru National Institute of Technology Allahabad,"Electronics and Communication Engineering (4 Years, Bachelor of Technology)",OS,General PwD,Gender-Neutral,180,180
1,Motilal Nehru National Institute of Technology Allahabad,"Electronics and Communication Engineering (4 Years, Bachelor of Technology)",OS,OBC-NCL,Female-only (including Supernumerary),3535,4327
1,Motilal Nehru National Institute of Technology Allahabad,"Electronics and Communication Engineering (4 Years, Bachelor of Technology)",OS,OBC-NCL,Gender-Neutral,1177,2332
1,Motilal Nehru National Institute of Technology Allahabad,"Electronics and Communication Engineering (4 Years, Bachelor of Technology)",OS,OBC-NCL(PwD),Gender-Neutral,140,140
1,Motilal Nehru National Institute of Technology Allahabad,"Electronics and Communication Engineering (4 Years, Bachelor of Technology)",OS,SC,Gender-Neutral,972,1638
1,Motilal Nehru National Institute of Technology Allahabad,"Electronics and Communication Engineering (4 Years, Bachelor of Technology)",OS,SC,Female-only (including Supernumerary),1699,1699
1,Motilal Nehru National Institute of Technology Allahabad,"Electronics and Communication Engineering (4 Years, Bachelor of Technology)",OS,SC PwD,Gender-Neutral,32,32
1,Motilal Nehru National Institute of Technology Allahabad,"Electronics and Communication Engineering (4 Years, Bachelor of Technology)",OS,ST,Gender-Neutral,420,580
1,Motilal Nehru National Institute of Technology Allahabad,"Information Technology (4 Years, Bachelor of Technology)",HS,General,Female-only (including Supernumerary),7137,8185
1,Motilal Nehru National Institute of Technology Allahabad,"Information Technology (4 Years, Bachelor of Technology)",HS,General,Gender-Neutral,3961,5394
1,Motilal Nehru National Institute of Technology Allahabad,"Information Technology (4 Years, Bachelor of Technology)",HS,General PwD,Gender-Neutral,251,251
1,Motilal Nehru National Institute of Technology Allahabad,"Information Technology (4 Years, Bachelor of Technology)",HS,OBC-NCL,Female-only (including Supernumerary),5198,5444
1,Motilal Nehru National Institute of Technology Allahabad,"Information Technology (4 Years, Bachelor of Technology)",HS,OBC-NCL,Gender-Neutral,1547,2358
1,Motilal Nehru National Institute of Technology Allahabad,"Information Technology (4 Years, Bachelor of Technology)",HS,OBC-NCL(PwD),Gender-Neutral,196,196
1,Motilal Nehru National Institute of Technology Allahabad,"Information Technology (4 Years, Bachelor of Technology)",HS,SC,Female-only (including Supernumerary),2045,2045
1,Motilal Nehru National Institute of Technology Allahabad,"Information Technology (4 Years, Bachelor of Technology)",HS,SC,Gender-Neutral,763,942
1,Motilal Nehru National Institute of Technology Allahabad,"Information Technology (4 Years, Bachelor of Technology)",HS,SC PwD,Gender-Neutral,22,22
1,Motilal Nehru National Institute of Technology Allahabad,"Information Technology (4 Years, Bachelor of Technology)",HS,ST,Gender-Neutral,1139,1433
1,Motilal Nehru National Institute of Technology Allahabad,"Information Technology (4 Years, Bachelor of Technology)",HS,ST,Female-only (including Supernumerary),4782,4782
1,Motilal Nehru National Institute of Technology Allahabad,"Information Technology (4 Years, Bachelor of Technology)",OS,General,Gender-Neutral,3158,4748
1,Motilal Nehru National Institute of Technology Allahabad,"Information Technology (4 Years, Bachelor of Technology)",OS,General,Female-only (including Supernumerary),4991,7203
1,Motilal Nehru National Institute of Technology Allahabad,"Information Technology (4 Years, Bachelor of Technology)",OS,General PwD,Female-only (including Supernumerary),620,620
1,Motilal Nehru National Institute of Technology Allahabad,"Information Technology (4 Years, Bachelor of Technology)",OS,General PwD,Gender-Neutral,305,305
1,Motilal Nehru National Institute of Technology Allahabad,"Information Technology (4 Years, Bachelor of Technology)",OS,OBC-NCL,Female-only (including Supernumerary),2109,4188
1,Motilal Nehru National Institute of Technology Allahabad,"Information Technology (4 Years, Bachelor of Technology)",OS,OBC-NCL,Gender-Neutral,1144,1695
1,Motilal Nehru National Institute of Technology Allahabad,"Information Technology (4 Years, Bachelor of Technology)",OS,SC,Gender-Neutral,632,1002
1,Motilal Nehru National Institute of Technology Allahabad,"Information Technology (4 Years, Bachelor of Technology)",OS,SC,Female-only (including Supernumerary),1560,1560
1,Motilal Nehru National Institute of Technology Allahabad,"Information Technology (4 Years, Bachelor of Technology)",OS,ST,Gender-Neutral,439,524
1,Motilal Nehru National Institute of Technology Allahabad,"Mechanical Engineering (4 Years, Bachelor of Technology)",HS,General,Female-only (including Supernumerary),12628,15735
1,Motilal Nehru National Institute of Technology Allahabad,"Mechanical Engineering (4 Years, Bachelor of Technology)",HS,General,Gender-Neutral,3769,9363
1,Motilal Nehru National Institute of Technology Allahabad,"Mechanical Engineering (4 Years, Bachelor of Technology)",HS,General PwD,Female-only (including Supernumerary),921,921
1,Motilal Nehru National Institute of Technology Allahabad,"Mechanical Engineering (4 Years, Bachelor of Technology)",HS,General PwD,Gender-Neutral,175,175
1,Motilal Nehru National Institute of Technology Allahabad,"Mechanical Engineering (4 Years, Bachelor of Technology)",HS,OBC-NCL,Gender-Neutral,1987,3260
1,Motilal Nehru National Institute of Technology Allahabad,"Mechanical Engineering (4 Years, Bachelor of Technology)",HS,OBC-NCL,Female-only (including Supernumerary),7571,9055
1,Motilal Nehru National Institute of Technology Allahabad,"Mechanical Engineering (4 Years, Bachelor of Technology)",HS,OBC-NCL(PwD),Gender-Neutral,150,150
1,Motilal Nehru National Institute of Technology Allahabad,"Mechanical Engineering (4 Years, Bachelor of Technology)",HS,SC,Female-only (including Supernumerary),3276,3940
1,Motilal Nehru National Institute of Technology Allahabad,"Mechanical Engineering (4 Years, Bachelor of Technology)",HS,SC,Gender-Neutral,583,1537
1,Motilal Nehru National Institute of Technology Allahabad,"Mechanical Engineering (4 Years, Bachelor of Technology)",HS,ST,Female-only (including Supernumerary),9291,9291
1,Motilal Nehru National Institute of Technology Allahabad,"Mechanical Engineering (4 Years, Bachelor of Technology)",HS,ST,Gender-Neutral,671,1566
1,Motilal Nehru National Institute of Technology Allahabad,"Mechanical Engineering (4 Years, Bachelor of Technology)",OS,General,Female-only (including Supernumerary),13133,15066
1,Motilal Nehru National Institute of Technology Allahabad,"Mechanical Engineering (4 Years, Bachelor of Technology)",OS,General,Gender-Neutral,2388,8517
1,Motilal Nehru National Institute of Technology Allahabad,"Mechanical Engineering (4 Years, Bachelor of Technology)",OS,General PwD,Gender-Neutral,279,279
1,Motilal Nehru National Institute of Technology Allahabad,"Mechanical Engineering (4 Years, Bachelor of Technology)",OS,OBC-NCL,Female-only (including Supernumerary),7844,8583
1,Motilal Nehru National Institute of Technology Allahabad,"Mechanical Engineering (4 Years, Bachelor of Technology)",OS,OBC-NCL,Gender-Neutral,1862,2878
1,Motilal Nehru National Institute of Technology Allahabad,"Mechanical Engineering (4 Years, Bachelor of Technology)",OS,OBC-NCL(PwD),Gender-Neutral,131,131
1,Motilal Nehru National Institute of Technology Allahabad,"Mechanical Engineering (4 Years, Bachelor of Technology)",OS,SC,Female-only (including Supernumerary),2801,2801
1,Motilal Nehru National Institute of Technology Allahabad,"Mechanical Engineering (4 Years, Bachelor of Technology)",OS,SC,Gender-Neutral,1191,1764
1,Motilal Nehru National Institute of Technology Allahabad,"Mechanical Engineering (4 Years, Bachelor of Technology)",OS,SC PwD,Gender-Neutral,190,190
1,Motilal Nehru National Institute of Technology Allahabad,"Mechanical Engineering (4 Years, Bachelor of Technology)",OS,ST,Female-only (including Supernumerary),1913,1913
1,Motilal Nehru National Institute of Technology Allahabad,"Mechanical Engineering (4 Years, Bachelor of Technology)",OS,ST,Gender-Neutral,402,556
1,Motilal Nehru National Institute of Technology Allahabad,"Production and Industrial Engineering (4 Years, Bachelor of Technology)",HS,General,Female-only (including Supernumerary),17128,21164
1,Motilal Nehru National Institute of Technology Allahabad,"Production and Industrial Engineering (4 Years, Bachelor of Technology)",HS,General,Gender-Neutral,14828,17515
1,Motilal Nehru National Institute of Technology Allahabad,"Production and Industrial Engineering (4 Years, Bachelor of Technology)",HS,OBC-NCL,Gender-Neutral,5148,6512
1,Motilal Nehru National Institute of Technology Allahabad,"Production and Industrial Engineering (4 Years, Bachelor of Technology)",HS,OBC-NCL,Female-only (including Supernumerary),13885,13885
1,Motilal Nehru National Institute of Technology Allahabad,"Production and Industrial Engineering (4 Years, Bachelor of Technology)",HS,SC,Gender-Neutral,3464,4057
1,Motilal Nehru National Institute of Technology Allahabad,"Production and Industrial Engineering (4 Years, Bachelor of Technology)",HS,SC PwD,Gender-Neutral,102,102
1,Motilal Nehru National Institute of Technology Allahabad,"Production and Industrial Engineering (4 Years, Bachelor of Technology)",HS,ST,Gender-Neutral,3320,3320
1,Motilal Nehru National Institute of Technology Allahabad,"Production and Industrial Engineering (4 Years, Bachelor of Technology)",HS,ST,Female-only (including Supernumerary),10695,10695
1,Motilal Nehru National Institute of Technology Allahabad,"Production and Industrial Engineering (4 Years, Bachelor of Technology)",OS,General,Female-only (including Supernumerary),20729,21331
1,Motilal Nehru National Institute of Technology Allahabad,"Production and Industrial Engineering (4 Years, Bachelor of Technology)",OS,General,Gender-Neutral,12859,18225
1,Motilal Nehru National Institute of Technology Allahabad,"Production and Industrial Engineering (4 Years, Bachelor of Technology)",OS,General PwD,Gender-Neutral,687,687
1,Motilal Nehru National Institute of Technology Allahabad,"Production and Industrial Engineering (4 Years, Bachelor of Technology)",OS,OBC-NCL,Gender-Neutral,6211,6811
1,Motilal Nehru National Institute of Technology Allahabad,"Production and Industrial Engineering (4 Years, Bachelor of Technology)",OS,OBC-NCL,Female-only (including Supernumerary),11296,11296
1,Motilal Nehru National Institute of Technology Allahabad,"Production and Industrial Engineering (4 Years, Bachelor of Technology)",OS,OBC-NCL(PwD),Gender-Neutral,727,727
1,Motilal Nehru National Institute of Technology Allahabad,"Production and Industrial Engineering (4 Years, Bachelor of Technology)",OS,SC,Female-only (including Supernumerary),7349,7349
1,Motilal Nehru National Institute of Technology Allahabad,"Production and Industrial Engineering (4 Years, Bachelor of Technology)",OS,SC,Gender-Neutral,3420,4310
1,Motilal Nehru National Institute of Technology Allahabad,"Production and Industrial Engineering (4 Years, Bachelor of Technology)",OS,ST,Gender-Neutral,2075,2214
1,National Institute of Technology Agartala,"Bio Engineering (4 Years, Bachelor of Technology)",HS,General,Gender-Neutral,161779,238212
1,National Institute of Technology Agartala,"Bio Engineering (4 Years, Bachelor of Technology)",HS,General,Female-only (including Supernumerary),189720,223319
1,National Institute of Technology Agartala,"Bio Engineering (4 Years, Bachelor of Technology)",HS,SC,Gender-Neutral,15435,18637
1,National Institute of Technology Agartala,"Bio Engineering (4 Years, Bachelor of Technology)",HS,SC,Female-only (including Supernumerary),31333,31333
1,National Institute of Technology Agartala,"Bio Engineering (4 Years, Bachelor of Technology)",HS,ST,Gender-Neutral,16564,29611
1,National Institute of Technology Agartala,"Bio Engineering (4 Years, Bachelor of Technology)",OS,General,Female-only (including Supernumerary),29417,29417
1,National Institute of Technology Agartala,"Bio Engineering (4 Years, Bachelor of Technology)",OS,General,Gender-Neutral,27579,31271
1,National Institute of Technology Agartala,"Bio Engineering (4 Years, Bachelor of Technology)",OS,OBC-NCL,Female-only (including Supernumerary),11540,13466
1,National Institute of Technology Agartala,"Bio Engineering (4 Years, Bachelor of Technology)",OS,OBC-NCL,Gender-Neutral,8781,9856
1,National Institute of Technology Agartala,"Bio Engineering (4 Years, Bachelor of Technology)",OS,SC,Gender-Neutral,5629,5885
1,National Institute of Technology Agartala,"Bio Engineering (4 Years, Bachelor of Technology)",OS,ST,Gender-Neutral,2824,3024
1,National Institute of Technology Agartala,"Chemical Engineering (4 Years, Bachelor of Technology)",HS,General,Gender-Neutral,144281,210223
1,National Institute of Technology Agartala,"Chemical Engineering (4 Years, Bachelor of Technology)",HS,General,Female-only (including Supernumerary),158375,232156
1,National Institute of Technology Agartala,"Chemical Engineering (4 Years, Bachelor of Technology)",HS,General PwD,Gender-Neutral,2556,2556
1,National Institute of Technology Agartala,"Chemical Engineering (4 Years, Bachelor of Technology)",HS,SC,Gender-Neutral,12317,21933
1,National Institute of Technology Agartala,"Chemical Engineering (4 Years, Bachelor of Technology)",HS,SC,Female-only (including Supernumerary),16775,39687
1,National Institute of Technology Agartala,"Chemical Engineering (4 Years, Bachelor of Technology)",HS,ST,Gender-Neutral,11921,28643
1,National Institute of Technology Agartala,"Chemical Engineering (4 Years, Bachelor of Technology)",HS,ST,Female-only (including Supernumerary),12344,12344
1,National Institute of Technology Agartala,"Chemical Engineering (4 Years, Bachelor of Technology)",OS,General,Female-only (including Supernumerary),27811,31335
1,National Institute of Technology Agartala,"Chemical Engineering (4 Years, Bachelor of Technology)",OS,General,Gender-Neutral,21216,27758
1,National Institute of Technology Agartala,"Chemical Engineering (4 Years, Bachelor of Technology)",OS,General PwD,Gender-Neutral,1147,1319
1,National Institute of Technology Agartala,"Chemical Engineering (4 Years, Bachelor of Technology)",OS,OBC-NCL,Female-only (including Supernumerary),11792,11792
1,National Institute of Technology Agartala,"Chemical Engineering (4 Years, Bachelor of Technology)",OS,OBC-NCL,Gender-Neutral,7709,8988
1,National Institute of Technology Agartala,"Chemical Engineering (4 Years, Bachelor of Technology)",OS,SC,Gender-Neutral,4697,5072
1,National Institute of Technology Agartala,"Chemical Engineering (4 Years, Bachelor of Technology)",OS,ST,Female-only (including Supernumerary),2481,2481
1,National Institute of Technology Agartala,"Chemical Engineering (4 Years, Bachelor of Technology)",OS,ST,Gender-Neutral,2290,2290
1,National Institute of Technology Agartala,"Chemistry (5 Years, Bachelor of Science and Master of Science (Dual Degree))",HS,General,Gender-Neutral,169409,214466
1,National Institute of Technology Agartala,"Chemistry (5 Years, Bachelor of Science and Master of Science (Dual Degree))",HS,SC,Gender-Neutral,26964,27661
1,National Institute of Technology Agartala,"Chemistry (5 Years, Bachelor of Science and Master of Science (Dual Degree))",HS,ST,Gender-Neutral,16276,21551
1,National Institute of Technology Agartala,"Chemistry (5 Years, Bachelor of Science and Master of Science (Dual Degree))",OS,General,Gender-Neutral,28032,30536
1,National Institute of Technology Agartala,"Chemistry (5 Years, Bachelor of Science and Master of Science (Dual Degree))",OS,OBC-NCL,Gender-Neutral,10065,10651
1,National Institute of Technology Agartala,"Chemistry (5 Years, Bachelor of Science and Master of Science (Dual Degree))",OS,SC,Gender-Neutral,6027,6328
1,National Institute of Technology Agartala,"Chemistry (5 Years, Bachelor of Science and Master of Science (Dual Degree))",OS,ST,Gender-Neutral,3820,3820
1,National Institute of Technology Agartala,"Civil Engineering (4 Years, Bachelor of Technology)",HS,General,Gender-Neutral,60065,166277
1,National Institute of Technology Agartala,"Civil Engineering (4 Years, Bachelor of Technology)",HS,General,Female-only (including Supernumerary),101615,162600
1,National Institute of Technology Agartala,"Civil Engineering (4 Years, Bachelor of Technology)",HS,General PwD,Gender-Neutral,818,818
1,National Institute of Technology Agartala,"Civil Engineering (4 Years, Bachelor of Technology)",HS,SC,Female-only (including Supernumerary),10327,27456
1,National Institute of Technology Agartala,"Civil Engineering (4 Years, Bachelor of Technology)",HS,SC,Gender-Neutral,10238,12043
1,National Institute of Technology Agartala,"Civil Engineering (4 Years, Bachelor of Technology)",HS,ST,Gender-Neutral,4007,15693
1,National Institute of Technology Agartala,"Civil Engineering (4 Years, Bachelor of Technology)",HS,ST,Female-only (including Supernumerary),5836,15499
1,National Institute of Technology Agartala,"Civil Engineering (4 Years, Bachelor of Technology)",OS,General,Gender-Neutral,23207,29111
1,National Institute of Technology Agartala,"Civil Engineering (4 Years, Bachelor of Technology)",OS,General,Female-only (including Supernumerary),25252,25252
1,National Institute of Technology Agartala,"Civil Engineering (4 Years, Bachelor of Technology)",OS,General PwD,Gender-Neutral,511,1141
1,National Institute of Technology Agartala,"Civil Engineering (4 Years, Bachelor of Technology)",OS,OBC-NCL,Female-only (including Supernumerary),9619,10676
1,National Institute of Technology Agartala,"Civil Engineering (4 Years, Bachelor of Technology)",OS,OBC-NCL,Gender-Neutral,7353,8514
1,National Institute of Technology Agartala,"Civil Engineering (4 Years, Bachelor of Technology)",OS,SC,Gender-Neutral,1874,4743
1,National Institute of Technology Agartala,"Civil Engineering (4 Years, Bachelor of Technology)",OS,SC PwD,Gender-Neutral,145,235
1,National Institute of Technology Agartala,"Civil Engineering (4 Years, Bachelor of Technology)",OS,ST,Gender-Neutral,714,1319
1,National Institute of Technology Agartala,"Computer Science and Engineering (4 Years, Bachelor of Technology)",HS,General,Gender-Neutral,5301,52704
1,National Institute of Technology Agartala,"Computer Science and Engineering (4 Years, Bachelor of Technology)",HS,General,Female-only (including Supernumerary),65519,102650
1,National Institute of Technology Agartala,"Computer Science and Engineering (4 Years, Bachelor of Technology)",HS,General PwD,Gender-Neutral,756,756
1,National Institute of Technology Agartala,"Computer Science and Engineering (4 Years, Bachelor of Technology)",HS,SC,Female-only (including Supernumerary),5374,5374
1,National Institute of Technology Agartala,"Computer Science and Engineering (4 Years, Bachelor of Technology)",HS,SC,Gender-Neutral,3818,10083
1,National Institute of Technology Agartala,"Computer Science and Engineering (4 Years, Bachelor of Technology)",HS,ST,Gender-Neutral,1881,21846
1,National Institute of Technology Agartala,"Computer Science and Engineering (4 Years, Bachelor of Technology)",HS,ST,Female-only (including Supernumerary),10239,22956
1,National Institute of Technology Agartala,"Computer Science and Engineering (4 Years, Bachelor of Technology)",OS,General,Gender-Neutral,5616,14088
1,National Institute of Technology Agartala,"Computer Science and Engineering (4 Years, Bachelor of Technology)",OS,General,Female-only (including Supernumerary),6122,6122
1,National Institute of Technology Agartala,"Computer Science and Engineering (4 Years, Bachelor of Technology)",OS,General PwD,Gender-Neutral,368,368
1,National Institute of Technology Agartala,"Computer Science and Engineering (4 Years, Bachelor of Technology)",OS,OBC-NCL,Gender-Neutral,3197,4880
1,National Institute of Technology Agartala,"Computer Science and Engineering (4 Years, Bachelor of Technology)",OS,OBC-NCL,Female-only (including Supernumerary),8269,8269
1,National Institute of Technology Agartala,"Computer Science and Engineering (4 Years, Bachelor of Technology)",OS,OBC-NCL(PwD),Gender-Neutral,197,197
1,National Institute of Technology Agartala,"Computer Science and Engineering (4 Years, Bachelor of Technology)",OS,SC,Female-only (including Supernumerary),2250,2250
1,National Institute of Technology Agartala,"Computer Science and Engineering (4 Years, Bachelor of Technology)",OS,SC,Gender-Neutral,1227,2419
1,National Institute of Technology Agartala,"Computer Science and Engineering (4 Years, Bachelor of Technology)",OS,ST,Gender-Neutral,863,1401
1,National Institute of Technology Agartala,"Electrical Engineering (4 Years, Bachelor of Technology)",HS,General,Gender-Neutral,22987,126408
1,National Institute of Technology Agartala,"Electrical Engineering (4 Years, Bachelor of Technology)",HS,General,Female-only (including Supernumerary),29690,110587
1,National Institute of Technology Agartala,"Electrical Engineering (4 Years, Bachelor of Technology)",HS,SC,Gender-Neutral,10737,13863
1,National Institute of Technology Agartala,"Electrical Engineering (4 Years, Bachelor of Technology)",HS,SC,Female-only (including Supernumerary),6983,20696
1,National Institute of Technology Agartala,"Electrical Engineering (4 Years, Bachelor of Technology)",HS,ST,Gender-Neutral,3646,20980
1,National Institute of Technology Agartala,"Electrical Engineering (4 Years, Bachelor of Technology)",HS,ST,Female-only (including Supernumerary),15703,21288
1,National Institute of Technology Agartala,"Electrical Engineering (4 Years, Bachelor of Technology)",OS,General,Gender-Neutral,15634,24827
1,National Institute of Technology Agartala,"Electrical Engineering (4 Years, Bachelor of Technology)",OS,General,Female-only (including Supernumerary),21742,21742
1,National Institute of Technology Agartala,"Electrical Engineering (4 Years, Bachelor of Technology)",OS,General PwD,Gender-Neutral,669,669
1,National Institute of Technology Agartala,"Electrical Engineering (4 Years, Bachelor of Technology)",OS,OBC-NCL,Gender-Neutral,6065,7338
1,National Institute of Technology Agartala,"Electrical Engineering (4 Years, Bachelor of Technology)",OS,OBC-NCL,Female-only (including Supernumerary),10753,10753
1,National Institute of Technology Agartala,"Electrical Engineering (4 Years, Bachelor of Technology)",OS,OBC-NCL(PwD),Gender-Neutral,432,432
1,National Institute of Technology Agartala,"Electrical Engineering (4 Years, Bachelor of Technology)",OS,SC,Gender-Neutral,3419,4126
1,National Institute of Technology Agartala,"Electrical Engineering (4 Years, Bachelor of Technology)",OS,ST,Gender-Neutral,1504,1624
1,National Institute of Technology Agartala,"Electronics and Communication Engineering (4 Years, Bachelor of Technology)",HS,General,Gender-Neutral,34936,106891
1,National Institute of Technology Agartala,"Electronics and Communication Engineering (4 Years, Bachelor of Technology)",HS,General,Female-only (including Supernumerary),34526,145308
1,National Institute of Technology Agartala,"Electronics and Communication Engineering (4 Years, Bachelor of Technology)",HS,General PwD,Gender-Neutral,2456,2456
1,National Institute of Technology Agartala,"Electronics and Communication Engineering (4 Years, Bachelor of Technology)",HS,SC,Female-only (including Supernumerary),10571,26086
1,National Institute of Technology Agartala,"Electronics and Communication Engineering (4 Years, Bachelor of Technology)",HS,SC,Gender-Neutral,4875,14984
1,National Institute of Technology Agartala,"Electronics and Communication Engineering (4 Years, Bachelor of Technology)",HS,ST,Female-only (including Supernumerary),15092,21880
1,National Institute of Technology Agartala,"Electronics and Communication Engineering (4 Years, Bachelor of Technology)",HS,ST,Gender-Neutral,4412,28630
1,National Institute of Technology Agartala,"Electronics and Communication Engineering (4 Years, Bachelor of Technology)",OS,General,Gender-Neutral,10529,19995
1,National Institute of Technology Agartala,"Electronics and Communication Engineering (4 Years, Bachelor of Technology)",OS,General,Female-only (including Supernumerary),22204,24107
1,National Institute of Technology Agartala,"Electronics and Communication Engineering (4 Years, Bachelor of Technology)",OS,General PwD,Gender-Neutral,737,737
1,National Institute of Technology Agartala,"Electronics and Communication Engineering (4 Years, Bachelor of Technology)",OS,OBC-NCL,Gender-Neutral,5010,6382
1,National Institute of Technology Agartala,"Electronics and Communication Engineering (4 Years, Bachelor of Technology)",OS,OBC-NCL(PwD),Gender-Neutral,443,443
1,National Institute of Technology Agartala,"Electronics and Communication Engineering (4 Years, Bachelor of Technology)",OS,SC,Female-only (including Supernumerary),4679,4679
1,National Institute of Technology Agartala,"Electronics and Communication Engineering (4 Years, Bachelor of Technology)",OS,SC,Gender-Neutral,3042,4054
1,National Institute of Technology Agartala,"Electronics and Communication Engineering (4 Years, Bachelor of Technology)",OS,ST,Gender-Neutral,1722,1939
1,National Institute of Technology Agartala,"Electronics and Instrumentation Engineering (4 Years, Bachelor of Technology)",HS,General,Gender-Neutral,140754,200287
1,National Institute of Technology Agartala,"Electronics and Instrumentation Engineering (4 Years, Bachelor of Technology)",HS,General,Female-only (including Supernumerary),179044,204621
1,National Institute of Technology Agartala,"Electronics and Instrumentation Engineering (4 Years, Bachelor of Technology)",HS,SC,Gender-Neutral,20675,26306
1,National Institute of Technology Agartala,"Electronics and Instrumentation Engineering (4 Years, Bachelor of Technology)",HS,SC,Female-only (including Supernumerary),27735,31816
1,National Institute of Technology Agartala,"Electronics and Instrumentation Engineering (4 Years, Bachelor of Technology)",HS,ST,Gender-Neutral,14885,41917
1,National Institute of Technology Agartala,"Electronics and Instrumentation Engineering (4 Years, Bachelor of Technology)",OS,General,Female-only (including Supernumerary),25211,25211
1,National Institute of Technology Agartala,"Electronics and Instrumentation Engineering (4 Years, Bachelor of Technology)",OS,General,Gender-Neutral,23975,27851
1,National Institute of Technology Agartala,"Electronics and Instrumentation Engineering (4 Years, Bachelor of Technology)",OS,General PwD,Gender-Neutral,1536,1536
1,National Institute of Technology Agartala,"Electronics and Instrumentation Engineering (4 Years, Bachelor of Technology)",OS,OBC-NCL,Gender-Neutral,7733,8873
1,National Institute of Technology Agartala,"Electronics and Instrumentation Engineering (4 Years, Bachelor of Technology)",OS,SC,Gender-Neutral,4844,5289
1,National Institute of Technology Agartala,"Electronics and Instrumentation Engineering (4 Years, Bachelor of Technology)",OS,ST,Gender-Neutral,2424,2648
1,National Institute of Technology Agartala,"Engineering Physics (5 Years, Bachelor and Master of Technology (Dual Degree))",HS,General,Gender-Neutral,49036,228548
1,National Institute of Technology Agartala,"Engineering Physics (5 Years, Bachelor and Master of Technology (Dual Degree))",HS,SC,Gender-Neutral,15543,27949
1,National Institute of Technology Agartala,"Engineering Physics (5 Years, Bachelor and Master of Technology (Dual Degree))",HS,ST,Gender-Neutral,7677,33079
1,National Institute of Technology Agartala,"Engineering Physics (5 Years, Bachelor and Master of Technology (Dual Degree))",OS,General,Gender-Neutral,17005,29017
1,National Institute of Technology Agartala,"Engineering Physics (5 Years, Bachelor and Master of Technology (Dual Degree))",OS,General PwD,Gender-Neutral,1124,1124
1,National Institute of Technology Agartala,"Engineering Physics (5 Years, Bachelor and Master of Technology (Dual Degree))",OS,OBC-NCL,Gender-Neutral,7046,7254
1,National Institute of Technology Agartala,"Engineering Physics (5 Years, Bachelor and Master of Technology (Dual Degree))",OS,SC,Gender-Neutral,3679,3679
1,National Institute of Technology Agartala,"Mathematics (5 Years, Bachelor of Science and Master of Science (Dual Degree))",HS,General,Gender-Neutral,55862,182550
1,National Institute of Technology Agartala,"Mathematics (5 Years, Bachelor of Science and Master of Science (Dual Degree))",HS,General PwD,Gender-Neutral,1041,1041
1,National Institute of Technology Agartala,"Mathematics (5 Years, Bachelor of Science and Master of Science (Dual Degree))",HS,SC,Gender-Neutral,26068,26068
1,National Institute of Technology Agartala,"Mathematics (5 Years, Bachelor of Science and Master of Science (Dual Degree))",HS,ST,Gender-Neutral,18604,28899
1,National Institute of Technology Agartala,"Mathematics (5 Years, Bachelor of Science and Master of Science (Dual Degree))",OS,General,Gender-Neutral,17693,26180
1,National Institute of Technology Agartala,"Mathematics (5 Years, Bachelor of Science and Master of Science (Dual Degree))",OS,General PwD,Gender-Neutral,1400,1400
1,National Institute of Technology Agartala,"Mathematics (5 Years, Bachelor of Science and Master of Science (Dual Degree))",OS,OBC-NCL,Gender-Neutral,10146,10274
1,National Institute of Technology Agartala,"Mathematics (5 Years, Bachelor of Science and Master of Science (Dual Degree))",OS,SC,Gender-Neutral,6406,6406
1,National Institute of Technology Agartala,"Mathematics (5 Years, Bachelor of Science and Master of Science (Dual Degree))",OS,ST,Gender-Neutral,3701,3701
1,National Institute of Technology Agartala,"Mechanical Engineering (4 Years, Bachelor of Technology)",HS,General,Female-only (including Supernumerary),96877,170063
1,National Institute of Technology Agartala,"Mechanical Engineering (4 Years, Bachelor of Technology)",HS,General,Gender-Neutral,59241,140167
1,National Institute of Technology Agartala,"Mechanical Engineering (4 Years, Bachelor of Technology)",HS,SC,Female-only (including Supernumerary),21011,32796
1,National Institute of Technology Agartala,"Mechanical Engineering (4 Years, Bachelor of Technology)",HS,SC,Gender-Neutral,6467,10953
1,National Institute of Technology Agartala,"Mechanical Engineering (4 Years, Bachelor of Technology)",HS,ST,Female-only (including Supernumerary),27288,30520
1,National Institute of Technology Agartala,"Mechanical Engineering (4 Years, Bachelor of Technology)",HS,ST,Gender-Neutral,2804,27685
1,National Institute of Technology Agartala,"Mechanical Engineering (4 Years, Bachelor of Technology)",OS,General,Gender-Neutral,13189,24089
1,National Institute of Technology Agartala,"Mechanical Engineering (4 Years, Bachelor of Technology)",OS,General,Female-only (including Supernumerary),26401,29557
1,National Institute of Technology Agartala,"Mechanical Engineering (4 Years, Bachelor of Technology)",OS,General PwD,Gender-Neutral,886,1039
1,National Institute of Technology Agartala,"Mechanical Engineering (4 Years, Bachelor of Technology)",OS,OBC-NCL,Female-only (including Supernumerary),12272,12374
1,National Institute of Technology Agartala,"Mechanical Engineering (4 Years, Bachelor of Technology)",OS,OBC-NCL,Gender-Neutral,5823,7223
1,National Institute of Technology Agartala,"Mechanical Engineering (4 Years, Bachelor of Technology)",OS,SC,Gender-Neutral,3392,4103
1,National Institute of Technology Agartala,"Mechanical Engineering (4 Years, Bachelor of Technology)",OS,ST,Gender-Neutral,1721,1835
1,National Institute of Technology Agartala,"Physics (5 Years, Bachelor of Science and Master of Science (Dual Degree))",HS,General,Gender-Neutral,105209,157307
1,National Institute of Technology Agartala,"Physics (5 Years, Bachelor of Science and Master of Science (Dual Degree))",HS,SC,Gender-Neutral,11402,14591
1,National Institute of Technology Agartala,"Physics (5 Years, Bachelor of Science and Master of Science (Dual Degree))",HS,ST,Gender-Neutral,24709,29042
1,National Institute of Technology Agartala,"Physics (5 Years, Bachelor of Science and Master of Science (Dual Degree))",OS,General,Gender-Neutral,9786,28610
1,National Institute of Technology Agartala,"Physics (5 Years, Bachelor of Science and Master of Science (Dual Degree))",OS,General PwD,Gender-Neutral,1240,1240
1,National Institute of Technology Agartala,"Physics (5 Years, Bachelor of Science and Master of Science (Dual Degree))",OS,OBC-NCL,Gender-Neutral,6853,7963
1,National Institute of Technology Agartala,"Physics (5 Years, Bachelor of Science and Master of Science (Dual Degree))",OS,SC,Gender-Neutral,4851,4851
1,National Institute of Technology Agartala,"Production Engineering (4 Years, Bachelor of Technology)",HS,General,Female-only (including Supernumerary),208369,272088
1,National Institute of Technology Agartala,"Production Engineering (4 Years, Bachelor of Technology)",HS,General,Gender-Neutral,189069,257382
1,National Institute of Technology Agartala,"Production Engineering (4 Years, Bachelor of Technology)",HS,SC,Gender-Neutral,22013,29832
1,National Institute of Technology Agartala,"Production Engineering (4 Years, Bachelor of Technology)",HS,SC,Female-only (including Supernumerary),37631,53176
1,National Institute of Technology Agartala,"Production Engineering (4 Years, Bachelor of Technology)",HS,ST,Gender-Neutral,22907,40666
1,National Institute of Technology Agartala,"Production Engineering (4 Years, Bachelor of Technology)",OS,General,Female-only (including Supernumerary),34706,35086
1,National Institute of Technology Agartala,"Production Engineering (4 Years, Bachelor of Technology)",OS,General,Gender-Neutral,28395,32546
1,National Institute of Technology Agartala,"Production Engineering (4 Years, Bachelor of Technology)",OS,General PwD,Gender-Neutral,1606,2130
1,National Institute of Technology Agartala,"Production Engineering (4 Years, Bachelor of Technology)",OS,OBC-NCL,Female-only (including Supernumerary),15122,15286
1,National Institute of Technology Agartala,"Production Engineering (4 Years, Bachelor of Technology)",OS,OBC-NCL,Gender-Neutral,9015,10007
1,National Institute of Technology Agartala,"Production Engineering (4 Years, Bachelor of Technology)",OS,OBC-NCL(PwD),Gender-Neutral,939,939
1,National Institute of Technology Agartala,"Production Engineering (4 Years, Bachelor of Technology)",OS,SC,Gender-Neutral,5737,6415
1,National Institute of Technology Agartala,"Production Engineering (4 Years, Bachelor of Technology)",OS,ST,Gender-Neutral,3224,3495
1,National Institute of Technology Calicut,"Architecture (5 Years, Bachelor of Architecture)",HS,General,Gender-Neutral,663,1049
1,National Institute of Technology Calicut,"Architecture (5 Years, Bachelor of Architecture)",HS,General,Female-only (including Supernumerary),725,799
1,National Institute of Technology Calicut,"Architecture (5 Years, Bachelor of Architecture)",HS,General PwD,Gender-Neutral,34,34
1,National Institute of Technology Calicut,"Architecture (5 Years, Bachelor of Architecture)",HS,OBC-NCL,Gender-Neutral,244,322
1,National Institute of Technology Calicut,"Architecture (5 Years, Bachelor of Architecture)",HS,OBC-NCL,Female-only (including Supernumerary),300,300
1,National Institute of Technology Calicut,"Architecture (5 Years, Bachelor of Architecture)",HS,SC,Gender-Neutral,127,263
1,National Institute of Technology Calicut,"Architecture (5 Years, Bachelor of Architecture)",HS,SC,Female-only (including Supernumerary),320,320
1,National Institute of Technology Calicut,"Architecture (5 Years, Bachelor of Architecture)",HS,ST,Gender-Neutral,229,229
1,National Institute of Technology Calicut,"Architecture (5 Years, Bachelor of Architecture)",HS,ST,Female-only (including Supernumerary),715,715
1,National Institute of Technology Calicut,"Architecture (5 Years, Bachelor of Architecture)",OS,General,Female-only (including Supernumerary),542,700
1,National Institute of Technology Calicut,"Architecture (5 Years, Bachelor of Architecture)",OS,General,Gender-Neutral,44,905
1,National Institute of Technology Calicut,"Architecture (5 Years, Bachelor of Architecture)",OS,OBC-NCL,Gender-Neutral,233,349
1,National Institute of Technology Calicut,"Architecture (5 Years, Bachelor of Architecture)",OS,OBC-NCL,Female-only (including Supernumerary),225,225
1,National Institute of Technology Calicut,"Architecture (5 Years, Bachelor of Architecture)",OS,OBC-NCL(PwD),Gender-Neutral,27,27
1,National Institute of Technology Calicut,"Architecture (5 Years, Bachelor of Architecture)",OS,SC,Female-only (including Supernumerary),126,126
1,National Institute of Technology Calicut,"Architecture (5 Years, Bachelor of Architecture)",OS,SC,Gender-Neutral,70,102
1,National Institute of Technology Calicut,"Architecture (5 Years, Bachelor of Architecture)",OS,ST,Female-only (including Supernumerary),97,97
1,National Institute of Technology Calicut,"Architecture (5 Years, Bachelor of Architecture)",OS,ST,Gender-Neutral,46,46
1,National Institute of Technology Calicut,"Bio Technology (4 Years, Bachelor of Technology)",HS,General,Gender-Neutral,14656,20251
1,National Institute of Technology Calicut,"Bio Technology (4 Years, Bachelor of Technology)",HS,General,Female-only (including Supernumerary),13355,16889
1,National Institute of Technology Calicut,"Bio Technology (4 Years, Bachelor of Technology)",HS,OBC-NCL,Gender-Neutral,5071,5282
1,National Institute of Technology Calicut,"Bio Technology (4 Years, Bachelor of Technology)",HS,OBC-NCL,Female-only (including Supernumerary),5862,5862
1,National Institute of Technology Calicut,"Bio Technology (4 Years, Bachelor of Technology)",HS,OBC-NCL(PwD),Gender-Neutral,550,550
1,National Institute of Technology Calicut,"Bio Technology (4 Years, Bachelor of Technology)",HS,SC,Gender-Neutral,2063,3431
1,National Institute of Technology Calicut,"Bio Technology (4 Years, Bachelor of Technology)",HS,ST,Gender-Neutral,12303,12303
1,National Institute of Technology Calicut,"Bio Technology (4 Years, Bachelor of Technology)",OS,General,Female-only (including Supernumerary),9010,9010
1,National Institute of Technology Calicut,"Bio Technology (4 Years, Bachelor of Technology)",OS,General,Gender-Neutral,11356,20365
1,National Institute of Technology Calicut,"Bio Technology (4 Years, Bachelor of Technology)",OS,General PwD,Female-only (including Supernumerary),1715,1715
1,National Institute of Technology Calicut,"Bio Technology (4 Years, Bachelor of Technology)",OS,OBC-NCL,Gender-Neutral,7688,8249
1,National Institute of Technology Calicut,"Bio Technology (4 Years, Bachelor of Technology)",OS,OBC-NCL,Female-only (including Supernumerary),7779,7779
1,National Institute of Technology Calicut,"Bio Technology (4 Years, Bachelor of Technology)",OS,SC,Gender-Neutral,2225,3491
1,National Institute of Technology Calicut,"Bio Technology (4 Years, Bachelor of Technology)",OS,ST,Gender-Neutral,1534,1534
1,National Institute of Technology Calicut,"Chemical Engineering (4 Years, Bachelor of Technology)",HS,General,Gender-Neutral,11917,19187
1,National Institute of Technology Calicut,"Chemical Engineering (4 Years, Bachelor of Technology)",HS,General,Female-only (including Supernumerary),16375,19168
1,National Institute of Technology Calicut,"Chemical Engineering (4 Years, Bachelor of Technology)",HS,General PwD,Gender-Neutral,524,524
1,National Institute of Technology Calicut,"Chemical Engineering (4 Years, Bachelor of Technology)",HS,OBC-NCL,Female-only (including Supernumerary),4926,5860
1,National Institute of Technology Calicut,"Chemical Engineering (4 Years, Bachelor of Technology)",HS,OBC-NCL,Gender-Neutral,4467,5407
1,National Institute of Technology Calicut,"Chemical Engineering (4 Years, Bachelor of Technology)",HS,SC,Gender-Neutral,5215,9237
1,National Institute of Technology Calicut,"Chemical Engineering (4 Years, Bachelor of Technology)",HS,SC,Female-only (including Supernumerary),6373,7306
1,National Institute of Technology Calicut,"Chemical Engineering (4 Years, Bachelor of Technology)",HS,ST,Gender-Neutral,12669,24063
1,National Institute of Technology Calicut,"Chemical Engineering (4 Years, Bachelor of Technology)",HS,ST,Female-only (including Supernumerary),14056,14056
1,National Institute of Technology Calicut,"Chemical Engineering (4 Years, Bachelor of Technology)",OS,General,Gender-Neutral,11033,16953
1,National Institute of Technology Calicut,"Chemical Engineering (4 Years, Bachelor of Technology)",OS,General,Female-only (including Supernumerary),15835,20134
1,National Institute of Technology Calicut,"Chemical Engineering (4 Years, Bachelor of Technology)",OS,OBC-NCL,Female-only (including Supernumerary),7818,7818
1,National Institute of Technology Calicut,"Chemical Engineering (4 Years, Bachelor of Technology)",OS,OBC-NCL,Gender-Neutral,4710,5961
1,National Institute of Technology Calicut,"Chemical Engineering (4 Years, Bachelor of Technology)",OS,OBC-NCL(PwD),Gender-Neutral,253,253
1,National Institute of Technology Calicut,"Chemical Engineering (4 Years, Bachelor of Technology)",OS,SC,Gender-Neutral,1669,3027
1,National Institute of Technology Calicut,"Chemical Engineering (4 Years, Bachelor of Technology)",OS,SC,Female-only (including Supernumerary),3658,4790
1,National Institute of Technology Calicut,"Chemical Engineering (4 Years, Bachelor of Technology)",OS,ST,Female-only (including Supernumerary),1487,1487
1,National Institute of Technology Calicut,"Chemical Engineering (4 Years, Bachelor of Technology)",OS,ST,Gender-Neutral,632,1103
1,National Institute of Technology Calicut,"Civil Engineering (4 Years, Bachelor of Technology)",HS,General,Gender-Neutral,12853,18510
1,National Institute of Technology Calicut,"Civil Engineering (4 Years, Bachelor of Technology)",HS,General,Female-only (including Supernumerary),14581,16215
1,National Institute of Technology Calicut,"Civil Engineering (4 Years, Bachelor of Technology)",HS,General PwD,Female-only (including Supernumerary),2085,2085
1,National Institute of Technology Calicut,"Civil Engineering (4 Years, Bachelor of Technology)",HS,OBC-NCL,Gender-Neutral,4255,5044
1,National Institute of Technology Calicut,"Civil Engineering (4 Years, Bachelor of Technology)",HS,OBC-NCL,Female-only (including Supernumerary),4917,5846
1,National Institute of Technology Calicut,"Civil Engineering (4 Years, Bachelor of Technology)",HS,OBC-NCL(PwD),Gender-Neutral,244,244
1,National Institute of Technology Calicut,"Civil Engineering (4 Years, Bachelor of Technology)",HS,OBC-NCL(PwD),Female-only (including Supernumerary),1081,1081
1,National Institute of Technology Calicut,"Civil Engineering (4 Years, Bachelor of Technology)",HS,SC,Female-only (including Supernumerary),3889,6217
1,National Institute of Technology Calicut,"Civil Engineering (4 Years, Bachelor of Technology)",HS,SC,Gender-Neutral,2513,9269
1,National Institute of Technology Calicut,"Civil Engineering (4 Years, Bachelor of Technology)",HS,ST,Gender-Neutral,3917,10300
1,National Institute of Technology Calicut,"Civil Engineering (4 Years, Bachelor of Technology)",OS,General,Female-only (including Supernumerary),16041,20592
1,National Institute of Technology Calicut,"Civil Engineering (4 Years, Bachelor of Technology)",OS,General,Gender-Neutral,12804,16640
1,National Institute of Technology Calicut,"Civil Engineering (4 Years, Bachelor of Technology)",OS,General PwD,Gender-Neutral,461,461
1,National Institute of Technology Calicut,"Civil Engineering (4 Years, Bachelor of Technology)",OS,General PwD,Female-only (including Supernumerary),849,849
1,National Institute of Technology Calicut,"Civil Engineering (4 Years, Bachelor of Technology)",OS,OBC-NCL,Female-only (including Supernumerary),5622,6521
1,National Institute of Technology Calicut,"Civil Engineering (4 Years, Bachelor of Technology)",OS,OBC-NCL,Gender-Neutral,3815,4817
1,National Institute of Technology Calicut,"Civil Engineering (4 Years, Bachelor of Technology)",OS,SC,Gender-Neutral,1674,2367
1,National Institute of Technology Calicut,"Civil Engineering (4 Years, Bachelor of Technology)",OS,SC,Female-only (including Supernumerary),2198,2587
1,National Institute of Technology Calicut,"Civil Engineering (4 Years, Bachelor of Technology)",OS,SC PwD,Gender-Neutral,90,90
1,National Institute of Technology Calicut,"Civil Engineering (4 Years, Bachelor of Technology)",OS,ST,Gender-Neutral,474,621
1,National Institute of Technology Calicut,"Civil Engineering (4 Years, Bachelor of Technology)",OS,ST,Female-only (including Supernumerary),800,800
1,National Institute of Technology Calicut,"Civil Engineering (4 Years, Bachelor of Technology)",OS,ST PwD,Gender-Neutral,27,27
1,National Institute of Technology Calicut,"Computer Science and Engineering (4 Years, Bachelor of Technology)",HS,General,Female-only (including Supernumerary),4208,7377
1,National Institute of Technology Calicut,"Computer Science and Engineering (4 Years, Bachelor of Technology)",HS,General,Gender-Neutral,1592,6950
1,National Institute of Technology Calicut,"Computer Science and Engineering (4 Years, Bachelor of Technology)",HS,General PwD,Female-only (including Supernumerary),178,178
1,National Institute of Technology Calicut,"Computer Science and Engineering (4 Years, Bachelor of Technology)",HS,General PwD,Gender-Neutral,116,116
1,National Institute of Technology Calicut,"Computer Science and Engineering (4 Years, Bachelor of Technology)",HS,OBC-NCL,Gender-Neutral,1390,2392
1,National Institute of Technology Calicut,"Computer Science and Engineering (4 Years, Bachelor of Technology)",HS,OBC-NCL,Female-only (including Supernumerary),2859,3184
1,National Institute of Technology Calicut,"Computer Science and Engineering (4 Years, Bachelor of Technology)",HS,OBC-NCL(PwD),Gender-Neutral,220,220
1,National Institute of Technology Calicut,"Computer Science and Engineering (4 Years, Bachelor of Technology)",HS,SC,Female-only (including Supernumerary),4924,6422
1,National Institute of Technology Calicut,"Computer Science and Engineering (4 Years, Bachelor of Technology)",HS,SC,Gender-Neutral,789,3851
1,National Institute of Technology Calicut,"Computer Science and Engineering (4 Years, Bachelor of Technology)",HS,ST,Gender-Neutral,604,4113
1,National Institute of Technology Calicut,"Computer Science and Engineering (4 Years, Bachelor of Technology)",HS,ST,Female-only (including Supernumerary),490,490
1,National Institute of Technology Calicut,"Computer Science and Engineering (4 Years, Bachelor of Technology)",OS,General,Female-only (including Supernumerary),5133,6080
1,National Institute of Technology Calicut,"Computer Science and Engineering (4 Years, Bachelor of Technology)",OS,General,Gender-Neutral,1689,4297
1,National Institute of Technology Calicut,"Computer Science and Engineering (4 Years, Bachelor of Technology)",OS,General PwD,Gender-Neutral,85,85
1,National Institute of Technology Calicut,"Computer Science and Engineering (4 Years, Bachelor of Technology)",OS,General PwD,Female-only (including Supernumerary),248,248
1,National Institute of Technology Calicut,"Computer Science and Engineering (4 Years, Bachelor of Technology)",OS,OBC-NCL,Female-only (including Supernumerary),1824,1915
1,National Institute of Technology Calicut,"Computer Science and Engineering (4 Years, Bachelor of Technology)",OS,OBC-NCL,Gender-Neutral,767,1417
1,National Institute of Technology Calicut,"Computer Science and Engineering (4 Years, Bachelor of Technology)",OS,OBC-NCL(PwD),Gender-Neutral,36,36
1,National Institute of Technology Calicut,"Computer Science and Engineering (4 Years, Bachelor of Technology)",OS,SC,Female-only (including Supernumerary),1169,1289
1,National Institute of Technology Calicut,"Computer Science and Engineering (4 Years, Bachelor of Technology)",OS,SC,Gender-Neutral,527,714
1,National Institute of Technology Calicut,"Computer Science and Engineering (4 Years, Bachelor of Technology)",OS,ST,Female-only (including Supernumerary),814,814
1,National Institute of Technology Calicut,"Computer Science and Engineering (4 Years, Bachelor of Technology)",OS,ST,Gender-Neutral,313,375
1,National Institute of Technology Calicut,"Electrical and Electronics Engineering (4 Years, Bachelor of Technology)",HS,General,Gender-Neutral,6387,14008
1,National Institute of Technology Calicut,"Electrical and Electronics Engineering (4 Years, Bachelor of Technology)",HS,General,Female-only (including Supernumerary),9208,13346
1,National Institute of Technology Calicut,"Electrical and Electronics Engineering (4 Years, Bachelor of Technology)",HS,General PwD,Gender-Neutral,454,454
1,National Institute of Technology Calicut,"Electrical and Electronics Engineering (4 Years, Bachelor of Technology)",HS,General PwD,Female-only (including Supernumerary),820,820
1,National Institute of Technology Calicut,"Electrical and Electronics Engineering (4 Years, Bachelor of Technology)",HS,OBC-NCL,Gender-Neutral,3414,4016
1,National Institute of Technology Calicut,"Electrical and Electronics Engineering (4 Years, Bachelor of Technology)",HS,OBC-NCL,Female-only (including Supernumerary),4770,5559
1,National Institute of Technology Calicut,"Electrical and Electronics Engineering (4 Years, Bachelor of Technology)",HS,SC,Female-only (including Supernumerary),3379,7583
1,National Institute of Technology Calicut,"Electrical and Electronics Engineering (4 Years, Bachelor of Technology)",HS,SC,Gender-Neutral,2626,8985
1,National Institute of Technology Calicut,"Electrical and Electronics Engineering (4 Years, Bachelor of Technology)",HS,ST,Female-only (including Supernumerary),11271,11271
1,National Institute of Technology Calicut,"Electrical and Electronics Engineering (4 Years, Bachelor of Technology)",HS,ST,Gender-Neutral,16181,22068
1,National Institute of Technology Calicut,"Electrical and Electronics Engineering (4 Years, Bachelor of Technology)",OS,General,Gender-Neutral,6766,9328
1,National Institute of Technology Calicut,"Electrical and Electronics Engineering (4 Years, Bachelor of Technology)",OS,General,Female-only (including Supernumerary),8405,10387
1,National Institute of Technology Calicut,"Electrical and Electronics Engineering (4 Years, Bachelor of Technology)",OS,General PwD,Gender-Neutral,192,192
1,National Institute of Technology Calicut,"Electrical and Electronics Engineering (4 Years, Bachelor of Technology)",OS,General PwD,Female-only (including Supernumerary),510,510
1,National Institute of Technology Calicut,"Electrical and Electronics Engineering (4 Years, Bachelor of Technology)",OS,OBC-NCL,Female-only (including Supernumerary),3489,5261
1,National Institute of Technology Calicut,"Electrical and Electronics Engineering (4 Years, Bachelor of Technology)",OS,OBC-NCL,Gender-Neutral,2363,3069
1,National Institute of Technology Calicut,"Electrical and Electronics Engineering (4 Years, Bachelor of Technology)",OS,OBC-NCL(PwD),Gender-Neutral,171,171
1,National Institute of Technology Calicut,"Electrical and Electronics Engineering (4 Years, Bachelor of Technology)",OS,SC,Female-only (including Supernumerary),1797,2186
1,National Institute of Technology Calicut,"Electrical and Electronics Engineering (4 Years, Bachelor of Technology)",OS,SC,Gender-Neutral,1253,1881
1,National Institute of Technology Calicut,"Electrical and Electronics Engineering (4 Years, Bachelor of Technology)",OS,SC PwD,Gender-Neutral,94,94
1,National Institute of Technology Calicut,"Electrical and Electronics Engineering (4 Years, Bachelor of Technology)",OS,ST,Gender-Neutral,450,627
1,National Institute of Technology Calicut,"Electrical and Electronics Engineering (4 Years, Bachelor of Technology)",OS,ST,Female-only (including Supernumerary),860,860
1,National Institute of Technology Calicut,"Electronics and Communication Engineering (4 Years, Bachelor of Technology)",HS,General,Female-only (including Supernumerary),7446,9456
1,National Institute of Technology Calicut,"Electronics and Communication Engineering (4 Years, Bachelor of Technology)",HS,General,Gender-Neutral,7204,11869
1,National Institute of Technology Calicut,"Electronics and Communication Engineering (4 Years, Bachelor of Technology)",HS,General PwD,Gender-Neutral,451,451
1,National Institute of Technology Calicut,"Electronics and Communication Engineering (4 Years, Bachelor of Technology)",HS,General PwD,Female-only (including Supernumerary),441,441
1,National Institute of Technology Calicut,"Electronics and Communication Engineering (4 Years, Bachelor of Technology)",HS,OBC-NCL,Female-only (including Supernumerary),3764,4909
1,National Institute of Technology Calicut,"Electronics and Communication Engineering (4 Years, Bachelor of Technology)",HS,OBC-NCL,Gender-Neutral,2432,3382
1,National Institute of Technology Calicut,"Electronics and Communication Engineering (4 Years, Bachelor of Technology)",HS,OBC-NCL(PwD),Gender-Neutral,342,342
1,National Institute of Technology Calicut,"Electronics and Communication Engineering (4 Years, Bachelor of Technology)",HS,SC,Gender-Neutral,1396,8485
1,National Institute of Technology Calicut,"Electronics and Communication Engineering (4 Years, Bachelor of Technology)",HS,SC,Female-only (including Supernumerary),1486,4665
1,National Institute of Technology Calicut,"Electronics and Communication Engineering (4 Years, Bachelor of Technology)",HS,ST,Female-only (including Supernumerary),8816,8816
1,National Institute of Technology Calicut,"Electronics and Communication Engineering (4 Years, Bachelor of Technology)",HS,ST,Gender-Neutral,3237,13795
1,National Institute of Technology Calicut,"Electronics and Communication Engineering (4 Years, Bachelor of Technology)",HS,ST PwD,Gender-Neutral,68,68
1,National Institute of Technology Calicut,"Electronics and Communication Engineering (4 Years, Bachelor of Technology)",OS,General,Female-only (including Supernumerary),6193,7890
1,National Institute of Technology Calicut,"Electronics and Communication Engineering (4 Years, Bachelor of Technology)",OS,General,Gender-Neutral,4583,6711
1,National Institute of Technology Calicut,"Electronics and Communication Engineering (4 Years, Bachelor of Technology)",OS,General PwD,Female-only (including Supernumerary),67,67
1,National Institute of Technology Calicut,"Electronics and Communication Engineering (4 Years, Bachelor of Technology)",OS,General PwD,Gender-Neutral,102,102
1,National Institute of Technology Calicut,"Electronics and Communication Engineering (4 Years, Bachelor of Technology)",OS,OBC-NCL,Female-only (including Supernumerary),2647,2787
1,National Institute of Technology Calicut,"Electronics and Communication Engineering (4 Years, Bachelor of Technology)",OS,OBC-NCL,Gender-Neutral,1375,2351
1,National Institute of Technology Calicut,"Electronics and Communication Engineering (4 Years, Bachelor of Technology)",OS,OBC-NCL(PwD),Gender-Neutral,130,130
1,National Institute of Technology Calicut,"Electronics and Communication Engineering (4 Years, Bachelor of Technology)",OS,SC,Gender-Neutral,909,1110
1,National Institute of Technology Calicut,"Electronics and Communication Engineering (4 Years, Bachelor of Technology)",OS,SC,Female-only (including Supernumerary),816,1343
1,National Institute of Technology Calicut,"Electronics and Communication Engineering (4 Years, Bachelor of Technology)",OS,ST,Female-only (including Supernumerary),919,919
1,National Institute of Technology Calicut,"Electronics and Communication Engineering (4 Years, Bachelor of Technology)",OS,ST,Gender-Neutral,319,513
1,National Institute of Technology Calicut,"Engineering Physics (4 Years, Bachelor of Technology)",HS,General,Female-only (including Supernumerary),15939,15939
1,National Institute of Technology Calicut,"Engineering Physics (4 Years, Bachelor of Technology)",HS,General,Gender-Neutral,7577,15831
1,National Institute of Technology Calicut,"Engineering Physics (4 Years, Bachelor of Technology)",HS,General PwD,Gender-Neutral,245,245
1,National Institute of Technology Calicut,"Engineering Physics (4 Years, Bachelor of Technology)",HS,OBC-NCL,Gender-Neutral,3832,4586
1,National Institute of Technology Calicut,"Engineering Physics (4 Years, Bachelor of Technology)",HS,OBC-NCL,Female-only (including Supernumerary),3663,3663
1,National Institute of Technology Calicut,"Engineering Physics (4 Years, Bachelor of Technology)",HS,SC,Gender-Neutral,7282,7282
1,National Institute of Technology Calicut,"Engineering Physics (4 Years, Bachelor of Technology)",HS,SC,Female-only (including Supernumerary),2807,2807
1,National Institute of Technology Calicut,"Engineering Physics (4 Years, Bachelor of Technology)",HS,ST,Gender-Neutral,14306,14306
1,National Institute of Technology Calicut,"Engineering Physics (4 Years, Bachelor of Technology)",OS,General,Female-only (including Supernumerary),14531,14531
1,National Institute of Technology Calicut,"Engineering Physics (4 Years, Bachelor of Technology)",OS,General,Gender-Neutral,6966,8869
1,National Institute of Technology Calicut,"Engineering Physics (4 Years, Bachelor of Technology)",OS,OBC-NCL,Gender-Neutral,3331,5389
1,National Institute of Technology Calicut,"Engineering Physics (4 Years, Bachelor of Technology)",OS,OBC-NCL,Female-only (including Supernumerary),4501,4501
1,National Institute of Technology Calicut,"Engineering Physics (4 Years, Bachelor of Technology)",OS,OBC-NCL(PwD),Gender-Neutral,601,601
1,National Institute of Technology Calicut,"Engineering Physics (4 Years, Bachelor of Technology)",OS,SC,Female-only (including Supernumerary),5315,5315
1,National Institute of Technology Calicut,"Engineering Physics (4 Years, Bachelor of Technology)",OS,SC,Gender-Neutral,1030,1309
1,National Institute of Technology Calicut,"Engineering Physics (4 Years, Bachelor of Technology)",OS,ST,Gender-Neutral,1427,1427
1,National Institute of Technology Calicut,"Mechanical Engineering (4 Years, Bachelor of Technology)",HS,General,Gender-Neutral,4808,12298
1,National Institute of Technology Calicut,"Mechanical Engineering (4 Years, Bachelor of Technology)",HS,General,Female-only (including Supernumerary),14025,15543
1,National Institute of Technology Calicut,"Mechanical Engineering (4 Years, Bachelor of Technology)",HS,General PwD,Gender-Neutral,559,559
1,National Institute of Technology Calicut,"Mechanical Engineering (4 Years, Bachelor of Technology)",HS,OBC-NCL,Gender-Neutral,2591,3717
1,National Institute of Technology Calicut,"Mechanical Engineering (4 Years, Bachelor of Technology)",HS,OBC-NCL,Female-only (including Supernumerary),6482,7253
1,National Institute of Technology Calicut,"Mechanical Engineering (4 Years, Bachelor of Technology)",HS,OBC-NCL(PwD),Gender-Neutral,582,582
1,National Institute of Technology Calicut,"Mechanical Engineering (4 Years, Bachelor of Technology)",HS,SC,Female-only (including Supernumerary),9610,10004
1,National Institute of Technology Calicut,"Mechanical Engineering (4 Years, Bachelor of Technology)",HS,SC,Gender-Neutral,951,8104
1,National Institute of Technology Calicut,"Mechanical Engineering (4 Years, Bachelor of Technology)",HS,ST,Female-only (including Supernumerary),15897,15897
1,National Institute of Technology Calicut,"Mechanical Engineering (4 Years, Bachelor of Technology)",HS,ST,Gender-Neutral,8143,14316
1,National Institute of Technology Calicut,"Mechanical Engineering (4 Years, Bachelor of Technology)",OS,General,Female-only (including Supernumerary),12280,15361
1,National Institute of Technology Calicut,"Mechanical Engineering (4 Years, Bachelor of Technology)",OS,General,Gender-Neutral,7018,10372
1,National Institute of Technology Calicut,"Mechanical Engineering (4 Years, Bachelor of Technology)",OS,General PwD,Female-only (including Supernumerary),1814,1814
1,National Institute of Technology Calicut,"Mechanical Engineering (4 Years, Bachelor of Technology)",OS,General PwD,Gender-Neutral,233,233
1,National Institute of Technology Calicut,"Mechanical Engineering (4 Years, Bachelor of Technology)",OS,OBC-NCL,Gender-Neutral,2552,3487
1,National Institute of Technology Calicut,"Mechanical Engineering (4 Years, Bachelor of Technology)",OS,OBC-NCL,Female-only (including Supernumerary),6036,7259
1,National Institute of Technology Calicut,"Mechanical Engineering (4 Years, Bachelor of Technology)",OS,OBC-NCL(PwD),Gender-Neutral,170,170
1,National Institute of Technology Calicut,"Mechanical Engineering (4 Years, Bachelor of Technology)",OS,SC,Gender-Neutral,1249,1938
1,National Institute of Technology Calicut,"Mechanical Engineering (4 Years, Bachelor of Technology)",OS,SC,Female-only (including Supernumerary),2203,2203
1,National Institute of Technology Calicut,"Mechanical Engineering (4 Years, Bachelor of Technology)",OS,SC PwD,Gender-Neutral,148,148
1,National Institute of Technology Calicut,"Mechanical Engineering (4 Years, Bachelor of Technology)",OS,ST,Female-only (including Supernumerary),888,888
1,National Institute of Technology Calicut,"Mechanical Engineering (4 Years, Bachelor of Technology)",OS,ST,Gender-Neutral,468,563
1,National Institute of Technology Calicut,"Mechanical Engineering (4 Years, Bachelor of Technology)",OS,ST PwD,Gender-Neutral,41,41
1,National Institute of Technology Calicut,"Production Engineering (4 Years, Bachelor of Technology)",HS,General,Gender-Neutral,18722,21983
1,National Institute of Technology Calicut,"Production Engineering (4 Years, Bachelor of Technology)",HS,General,Female-only (including Supernumerary),19268,21264
1,National Institute of Technology Calicut,"Production Engineering (4 Years, Bachelor of Technology)",HS,General PwD,Gender-Neutral,1607,1607
1,National Institute of Technology Calicut,"Production Engineering (4 Years, Bachelor of Technology)",HS,OBC-NCL,Female-only (including Supernumerary),6009,6009
1,National Institute of Technology Calicut,"Production Engineering (4 Years, Bachelor of Technology)",HS,OBC-NCL,Gender-Neutral,5143,5959
1,National Institute of Technology Calicut,"Production Engineering (4 Years, Bachelor of Technology)",HS,SC,Female-only (including Supernumerary),9608,9608
1,National Institute of Technology Calicut,"Production Engineering (4 Years, Bachelor of Technology)",HS,SC,Gender-Neutral,7470,10414
1,National Institute of Technology Calicut,"Production Engineering (4 Years, Bachelor of Technology)",OS,General,Female-only (including Supernumerary),21602,22381
1,National Institute of Technology Calicut,"Production Engineering (4 Years, Bachelor of Technology)",OS,General,Gender-Neutral,17672,20631
1,National Institute of Technology Calicut,"Production Engineering (4 Years, Bachelor of Technology)",OS,General PwD,Gender-Neutral,1100,1100
1,National Institute of Technology Calicut,"Production Engineering (4 Years, Bachelor of Technology)",OS,OBC-NCL,Gender-Neutral,5204,6134
1,National Institute of Technology Calicut,"Production Engineering (4 Years, Bachelor of Technology)",OS,OBC-NCL,Female-only (including Supernumerary),9754,9754
1,National Institute of Technology Calicut,"Production Engineering (4 Years, Bachelor of Technology)",OS,SC,Gender-Neutral,3859,4414
1,National Institute of Technology Calicut,"Production Engineering (4 Years, Bachelor of Technology)",OS,SC,Female-only (including Supernumerary),4957,4957
1,National Institute of Technology Calicut,"Production Engineering (4 Years, Bachelor of Technology)",OS,ST,Female-only (including Supernumerary),2306,2306
1,National Institute of Technology Calicut,"Production Engineering (4 Years, Bachelor of Technology)",OS,ST,Gender-Neutral,1887,1887
1,National Institute of Technology Delhi,"Computer Science and Engineering (4 Years, Bachelor of Technology)",HS,General,Female-only (including Supernumerary),8323,11169
1,National Institute of Technology Delhi,"Computer Science and Engineering (4 Years, Bachelor of Technology)",HS,General,Gender-Neutral,1543,6997
1,National Institute of Technology Delhi,"Computer Science and Engineering (4 Years, Bachelor of Technology)",HS,General PwD,Gender-Neutral,272,272
1,National Institute of Technology Delhi,"Computer Science and Engineering (4 Years, Bachelor of Technology)",HS,OBC-NCL,Female-only (including Supernumerary),5821,5821
1,National Institute of Technology Delhi,"Computer Science and Engineering (4 Years, Bachelor of Technology)",HS,OBC-NCL,Gender-Neutral,2078,4758
1,National Institute of Technology Delhi,"Computer Science and Engineering (4 Years, Bachelor of Technology)",HS,SC,Gender-Neutral,797,1411
1,National Institute of Technology Delhi,"Computer Science and Engineering (4 Years, Bachelor of Technology)",HS,SC,Female-only (including Supernumerary),1916,1916
1,National Institute of Technology Delhi,"Computer Science and Engineering (4 Years, Bachelor of Technology)",HS,ST,Gender-Neutral,469,469
1,National Institute of Technology Delhi,"Computer Science and Engineering (4 Years, Bachelor of Technology)",HS,ST,Female-only (including Supernumerary),1953,1953
1,National Institute of Technology Delhi,"Computer Science and Engineering (4 Years, Bachelor of Technology)",OS,General,Gender-Neutral,1674,5039
1,National Institute of Technology Delhi,"Computer Science and Engineering (4 Years, Bachelor of Technology)",OS,General,Female-only (including Supernumerary),7344,9024
1,National Institute of Technology Delhi,"Computer Science and Engineering (4 Years, Bachelor of Technology)",OS,OBC-NCL,Female-only (including Supernumerary),2152,2152
1,National Institute of Technology Delhi,"Computer Science and Engineering (4 Years, Bachelor of Technology)",OS,OBC-NCL,Gender-Neutral,1318,1892
1,National Institute of Technology Delhi,"Computer Science and Engineering (4 Years, Bachelor of Technology)",OS,OBC-NCL(PwD),Gender-Neutral,45,45
1,National Institute of Technology Delhi,"Computer Science and Engineering (4 Years, Bachelor of Technology)",OS,SC,Gender-Neutral,877,1228
1,National Institute of Technology Delhi,"Computer Science and Engineering (4 Years, Bachelor of Technology)",OS,ST,Gender-Neutral,261,492
1,National Institute of Technology Delhi,"Electrical and Electronics Engineering (4 Years, Bachelor of Technology)",HS,General,Gender-Neutral,12231,15539
1,National Institute of Technology Delhi,"Electrical and Electronics Engineering (4 Years, Bachelor of Technology)",HS,General,Female-only (including Supernumerary),13793,15510
1,National Institute of Technology Delhi,"Electrical and Electronics Engineering (4 Years, Bachelor of Technology)",HS,General PwD,Gender-Neutral,925,925
1,National Institute of Technology Delhi,"Electrical and Electronics Engineering (4 Years, Bachelor of Technology)",HS,OBC-NCL,Gender-Neutral,6058,9656
1,National Institute of Technology Delhi,"Electrical and Electronics Engineering (4 Years, Bachelor of Technology)",HS,OBC-NCL,Female-only (including Supernumerary),11454,11454
1,National Institute of Technology Delhi,"Electrical and Electronics Engineering (4 Years, Bachelor of Technology)",HS,SC,Gender-Neutral,2107,2986
1,National Institute of Technology Delhi,"Electrical and Electronics Engineering (4 Years, Bachelor of Technology)",HS,SC,Female-only (including Supernumerary),3213,3213
1,National Institute of Technology Delhi,"Electrical and Electronics Engineering (4 Years, Bachelor of Technology)",HS,ST,Female-only (including Supernumerary),2595,2595
1,National Institute of Technology Delhi,"Electrical and Electronics Engineering (4 Years, Bachelor of Technology)",HS,ST,Gender-Neutral,208,896
1,National Institute of Technology Delhi,"Electrical and Electronics Engineering (4 Years, Bachelor of Technology)",OS,General,Female-only (including Supernumerary),12004,12629
1,National Institute of Technology Delhi,"Electrical and Electronics Engineering (4 Years, Bachelor of Technology)",OS,General,Gender-Neutral,7627,10917
1,National Institute of Technology Delhi,"Electrical and Electronics Engineering (4 Years, Bachelor of Technology)",OS,OBC-NCL,Gender-Neutral,3239,4528
1,National Institute of Technology Delhi,"Electrical and Electronics Engineering (4 Years, Bachelor of Technology)",OS,OBC-NCL,Female-only (including Supernumerary),5773,5773
1,National Institute of Technology Delhi,"Electrical and Electronics Engineering (4 Years, Bachelor of Technology)",OS,SC,Gender-Neutral,571,2390
1,National Institute of Technology Delhi,"Electrical and Electronics Engineering (4 Years, Bachelor of Technology)",OS,ST,Gender-Neutral,381,733
1,National Institute of Technology Delhi,"Electrical and Electronics Engineering (4 Years, Bachelor of Technology)",OS,ST,Female-only (including Supernumerary),1417,1417
1,National Institute of Technology Delhi,"Electronics and Communication Engineering (4 Years, Bachelor of Technology)",HS,General,Gender-Neutral,7304,11303
1,National Institute of Technology Delhi,"Electronics and Communication Engineering (4 Years, Bachelor of Technology)",HS,General,Female-only (including Supernumerary),10718,12475
1,National Institute of Technology Delhi,"Electronics and Communication Engineering (4 Years, Bachelor of Technology)",HS,OBC-NCL,Female-only (including Supernumerary),9399,9399
1,National Institute of Technology Delhi,"Electronics and Communication Engineering (4 Years, Bachelor of Technology)",HS,OBC-NCL,Gender-Neutral,4818,5931
1,National Institute of Technology Delhi,"Electronics and Communication Engineering (4 Years, Bachelor of Technology)",HS,OBC-NCL(PwD),Gender-Neutral,553,553
1,National Institute of Technology Delhi,"Electronics and Communication Engineering (4 Years, Bachelor of Technology)",HS,SC,Gender-Neutral,2022,2318
1,National Institute of Technology Delhi,"Electronics and Communication Engineering (4 Years, Bachelor of Technology)",HS,ST,Gender-Neutral,280,426
1,National Institute of Technology Delhi,"Electronics and Communication Engineering (4 Years, Bachelor of Technology)",OS,General,Gender-Neutral,7766,9240
1,National Institute of Technology Delhi,"Electronics and Communication Engineering (4 Years, Bachelor of Technology)",OS,General,Female-only (including Supernumerary),9887,10471
1,National Institute of Technology Delhi,"Electronics and Communication Engineering (4 Years, Bachelor of Technology)",OS,General PwD,Gender-Neutral,254,254
1,National Institute of Technology Delhi,"Electronics and Communication Engineering (4 Years, Bachelor of Technology)",OS,OBC-NCL,Female-only (including Supernumerary),4800,4800
1,National Institute of Technology Delhi,"Electronics and Communication Engineering (4 Years, Bachelor of Technology)",OS,OBC-NCL,Gender-Neutral,2970,3533
1,National Institute of Technology Delhi,"Electronics and Communication Engineering (4 Years, Bachelor of Technology)",OS,SC,Female-only (including Supernumerary),1757,1757
1,National Institute of Technology Delhi,"Electronics and Communication Engineering (4 Years, Bachelor of Technology)",OS,SC,Gender-Neutral,1272,1769
1,National Institute of Technology Delhi,"Electronics and Communication Engineering (4 Years, Bachelor of Technology)",OS,SC PwD,Gender-Neutral,21,21
1,National Institute of Technology Delhi,"Electronics and Communication Engineering (4 Years, Bachelor of Technology)",OS,ST,Gender-Neutral,616,616
1,National Institute of Technology Delhi,"Electronics and Communication Engineering (4 Years, Bachelor of Technology)",OS,ST,Female-only (including Supernumerary),1179,1179
1,National Institute of Technology Durgapur,"Bio Technology (4 Years, Bachelor of Technology)",HS,General,Gender-Neutral,21896,30016
1,National Institute of Technology Durgapur,"Bio Technology (4 Years, Bachelor of Technology)",HS,General,Female-only (including Supernumerary),26589,28640
1,National Institute of Technology Durgapur,"Bio Technology (4 Years, Bachelor of Technology)",HS,General PwD,Gender-Neutral,792,792
1,National Institute of Technology Durgapur,"Bio Technology (4 Years, Bachelor of Technology)",HS,OBC-NCL,Female-only (including Supernumerary),28684,28684
1,National Institute of Technology Durgapur,"Bio Technology (4 Years, Bachelor of Technology)",HS,OBC-NCL,Gender-Neutral,15563,23538
1,National Institute of Technology Durgapur,"Bio Technology (4 Years, Bachelor of Technology)",HS,OBC-NCL(PwD),Gender-Neutral,1124,1124
1,National Institute of Technology Durgapur,"Bio Technology (4 Years, Bachelor of Technology)",HS,SC,Female-only (including Supernumerary),5002,5002
1,National Institute of Technology Durgapur,"Bio Technology (4 Years, Bachelor of Technology)",HS,SC,Gender-Neutral,3775,4832
1,National Institute of Technology Durgapur,"Bio Technology (4 Years, Bachelor of Technology)",HS,ST,Female-only (including Supernumerary),4479,4479
1,National Institute of Technology Durgapur,"Bio Technology (4 Years, Bachelor of Technology)",HS,ST,Gender-Neutral,1330,1330
1,National Institute of Technology Durgapur,"Bio Technology (4 Years, Bachelor of Technology)",OS,General,Gender-Neutral,13580,26817
1,National Institute of Technology Durgapur,"Bio Technology (4 Years, Bachelor of Technology)",OS,General,Female-only (including Supernumerary),24580,28377
1,National Institute of Technology Durgapur,"Bio Technology (4 Years, Bachelor of Technology)",OS,General PwD,Female-only (including Supernumerary),671,671
1,National Institute of Technology Durgapur,"Bio Technology (4 Years, Bachelor of Technology)",OS,OBC-NCL,Female-only (including Supernumerary),10195,10195
1,National Institute of Technology Durgapur,"Bio Technology (4 Years, Bachelor of Technology)",OS,OBC-NCL,Gender-Neutral,7227,8773
1,National Institute of Technology Durgapur,"Bio Technology (4 Years, Bachelor of Technology)",OS,SC,Female-only (including Supernumerary),2922,2922
1,National Institute of Technology Durgapur,"Bio Technology (4 Years, Bachelor of Technology)",OS,SC,Gender-Neutral,1786,4378
1,National Institute of Technology Durgapur,"Bio Technology (4 Years, Bachelor of Technology)",OS,ST,Gender-Neutral,1166,1563
1,National Institute of Technology Durgapur,"Biotechnology (5 Years, Bachelor and Master of Technology (Dual Degree))",HS,General,Gender-Neutral,13100,13100
1,National Institute of Technology Durgapur,"Biotechnology (5 Years, Bachelor and Master of Technology (Dual Degree))",HS,SC,Gender-Neutral,2934,2934
1,National Institute of Technology Durgapur,"Biotechnology (5 Years, Bachelor and Master of Technology (Dual Degree))",OS,General,Gender-Neutral,17905,17905
1,National Institute of Technology Durgapur,"Biotechnology (5 Years, Bachelor and Master of Technology (Dual Degree))",OS,OBC-NCL,Gender-Neutral,9169,9169
1,National Institute of Technology Durgapur,"Biotechnology (5 Years, Bachelor and Master of Technology (Dual Degree))",OS,ST,Female-only (including Supernumerary),3050,3050
1,National Institute of Technology Durgapur,"Chemical Engineering (4 Years, Bachelor of Technology)",HS,General,Gender-Neutral,18789,22723
1,National Institute of Technology Durgapur,"Chemical Engineering (4 Years, Bachelor of Technology)",HS,General,Female-only (including Supernumerary),21649,27665
1,National Institute of Technology Durgapur,"Chemical Engineering (4 Years, Bachelor of Technology)",HS,General PwD,Gender-Neutral,342,342
1,National Institute of Technology Durgapur,"Chemical Engineering (4 Years, Bachelor of Technology)",HS,OBC-NCL,Gender-Neutral,10707,22156
1,National Institute of Technology Durgapur,"Chemical Engineering (4 Years, Bachelor of Technology)",HS,OBC-NCL,Female-only (including Supernumerary),18389,18389
1,National Institute of Technology Durgapur,"Chemical Engineering (4 Years, Bachelor of Technology)",HS,SC,Gender-Neutral,3558,4128
1,National Institute of Technology Durgapur,"Chemical Engineering (4 Years, Bachelor of Technology)",HS,ST,Gender-Neutral,6373,6373
1,National Institute of Technology Durgapur,"Chemical Engineering (4 Years, Bachelor of Technology)",HS,ST,Female-only (including Supernumerary),8682,8682
1,National Institute of Technology Durgapur,"Chemical Engineering (4 Years, Bachelor of Technology)",OS,General,Gender-Neutral,17159,20117
1,National Institute of Technology Durgapur,"Chemical Engineering (4 Years, Bachelor of Technology)",OS,General,Female-only (including Supernumerary),18938,20830
1,National Institute of Technology Durgapur,"Chemical Engineering (4 Years, Bachelor of Technology)",OS,General PwD,Gender-Neutral,331,331
1,National Institute of Technology Durgapur,"Chemical Engineering (4 Years, Bachelor of Technology)",OS,OBC-NCL,Female-only (including Supernumerary),9046,9046
1,National Institute of Technology Durgapur,"Chemical Engineering (4 Years, Bachelor of Technology)",OS,OBC-NCL,Gender-Neutral,5905,6759
1,National Institute of Technology Durgapur,"Chemical Engineering (4 Years, Bachelor of Technology)",OS,OBC-NCL(PwD),Gender-Neutral,372,372
1,National Institute of Technology Durgapur,"Chemical Engineering (4 Years, Bachelor of Technology)",OS,SC,Gender-Neutral,3057,3935
1,National Institute of Technology Durgapur,"Chemical Engineering (4 Years, Bachelor of Technology)",OS,SC,Female-only (including Supernumerary),5018,5018
1,National Institute of Technology Durgapur,"Chemical Engineering (4 Years, Bachelor of Technology)",OS,ST,Female-only (including Supernumerary),771,771
1,National Institute of Technology Durgapur,"Chemical Engineering (4 Years, Bachelor of Technology)",OS,ST,Gender-Neutral,1520,1520
1,National Institute of Technology Durgapur,"Chemical Engineering (5 Years, Bachelor and Master of Technology (Dual Degree))",HS,General,Female-only (including Supernumerary),30069,30069
1,National Institute of Technology Durgapur,"Chemical Engineering (5 Years, Bachelor and Master of Technology (Dual Degree))",HS,OBC-NCL,Gender-Neutral,23005,23005
1,National Institute of Technology Durgapur,"Chemical Engineering (5 Years, Bachelor and Master of Technology (Dual Degree))",HS,SC,Gender-Neutral,4255,4255
1,National Institute of Technology Durgapur,"Chemical Engineering (5 Years, Bachelor and Master of Technology (Dual Degree))",OS,General,Gender-Neutral,19311,19311
1,National Institute of Technology Durgapur,"Chemical Engineering (5 Years, Bachelor and Master of Technology (Dual Degree))",OS,OBC-NCL,Gender-Neutral,7111,7111
1,National Institute of Technology Durgapur,"Chemistry (5 Years, Integrated Master of Science)",HS,General,Gender-Neutral,7050,30667
1,National Institute of Technology Durgapur,"Chemistry (5 Years, Integrated Master of Science)",HS,General,Female-only (including Supernumerary),33393,33393
1,National Institute of Technology Durgapur,"Chemistry (5 Years, Integrated Master of Science)",HS,OBC-NCL,Gender-Neutral,16157,17162
1,National Institute of Technology Durgapur,"Chemistry (5 Years, Integrated Master of Science)",HS,SC,Gender-Neutral,4830,4830
1,National Institute of Technology Durgapur,"Chemistry (5 Years, Integrated Master of Science)",OS,General,Gender-Neutral,14145,26002
1,National Institute of Technology Durgapur,"Chemistry (5 Years, Integrated Master of Science)",OS,General,Female-only (including Supernumerary),18765,18765
1,National Institute of Technology Durgapur,"Chemistry (5 Years, Integrated Master of Science)",OS,OBC-NCL,Gender-Neutral,9919,9919
1,National Institute of Technology Durgapur,"Chemistry (5 Years, Integrated Master of Science)",OS,OBC-NCL,Female-only (including Supernumerary),11837,11837
1,National Institute of Technology Durgapur,"Chemistry (5 Years, Integrated Master of Science)",OS,SC,Gender-Neutral,4631,4631
1,National Institute of Technology Durgapur,"Chemistry (5 Years, Integrated Master of Science)",OS,ST,Gender-Neutral,2390,2390
1,National Institute of Technology Durgapur,"Civil Engineering (4 Years, Bachelor of Technology)",HS,General,Female-only (including Supernumerary),28947,29172
1,National Institute of Technology Durgapur,"Civil Engineering (4 Years, Bachelor of Technology)",HS,General,Gender-Neutral,22040,26210
1,National Institute of Technology Durgapur,"Civil Engineering (4 Years, Bachelor of Technology)",HS,OBC-NCL,Gender-Neutral,14059,21716
1,National Institute of Technology Durgapur,"Civil Engineering (4 Years, Bachelor of Technology)",HS,OBC-NCL,Female-only (including Supernumerary),33318,33335
1,National Institute of Technology Durgapur,"Civil Engineering (4 Years, Bachelor of Technology)",HS,SC,Gender-Neutral,2568,3759
1,National Institute of Technology Durgapur,"Civil Engineering (4 Years, Bachelor of Technology)",HS,ST,Female-only (including Supernumerary),5195,5195
1,National Institute of Technology Durgapur,"Civil Engineering (4 Years, Bachelor of Technology)",HS,ST,Gender-Neutral,5364,6288
1,National Institute of Technology Durgapur,"Civil Engineering (4 Years, Bachelor of Technology)",OS,General,Female-only (including Supernumerary),19230,22508
1,National Institute of Technology Durgapur,"Civil Engineering (4 Years, Bachelor of Technology)",OS,General,Gender-Neutral,13761,18099
1,National Institute of Technology Durgapur,"Civil Engineering (4 Years, Bachelor of Technology)",OS,OBC-NCL,Female-only (including Supernumerary),7881,7881
1,National Institute of Technology Durgapur,"Civil Engineering (4 Years, Bachelor of Technology)",OS,OBC-NCL,Gender-Neutral,5025,5363
1,National Institute of Technology Durgapur,"Civil Engineering (4 Years, Bachelor of Technology)",OS,SC,Gender-Neutral,1993,2846
1,National Institute of Technology Durgapur,"Civil Engineering (4 Years, Bachelor of Technology)",OS,SC,Female-only (including Supernumerary),3936,3936
1,National Institute of Technology Durgapur,"Civil Engineering (4 Years, Bachelor of Technology)",OS,SC PwD,Gender-Neutral,61,61
1,National Institute of Technology Durgapur,"Civil Engineering (4 Years, Bachelor of Technology)",OS,ST,Gender-Neutral,625,662
1,National Institute of Technology Durgapur,"Computer Science and Engineering (4 Years, Bachelor of Technology)",HS,General,Gender-Neutral,1638,12585
1,National Institute of Technology Durgapur,"Computer Science and Engineering (4 Years, Bachelor of Technology)",HS,General,Female-only (including Supernumerary),13277,17117
1,National Institute of Technology Durgapur,"Computer Science and Engineering (4 Years, Bachelor of Technology)",HS,General PwD,Gender-Neutral,469,469
1,National Institute of Technology Durgapur,"Computer Science and Engineering (4 Years, Bachelor of Technology)",HS,General PwD,Female-only (including Supernumerary),1540,1540
1,National Institute of Technology Durgapur,"Computer Science and Engineering (4 Years, Bachelor of Technology)",HS,OBC-NCL,Gender-Neutral,3004,7408
1,National Institute of Technology Durgapur,"Computer Science and Engineering (4 Years, Bachelor of Technology)",HS,OBC-NCL,Female-only (including Supernumerary),8561,10578
1,National Institute of Technology Durgapur,"Computer Science and Engineering (4 Years, Bachelor of Technology)",HS,OBC-NCL(PwD),Gender-Neutral,251,251
1,National Institute of Technology Durgapur,"Computer Science and Engineering (4 Years, Bachelor of Technology)",HS,SC,Gender-Neutral,894,1544
1,National Institute of Technology Durgapur,"Computer Science and Engineering (4 Years, Bachelor of Technology)",HS,SC,Female-only (including Supernumerary),1353,1453
1,National Institute of Technology Durgapur,"Computer Science and Engineering (4 Years, Bachelor of Technology)",HS,SC PwD,Gender-Neutral,39,39
1,National Institute of Technology Durgapur,"Computer Science and Engineering (4 Years, Bachelor of Technology)",HS,ST,Gender-Neutral,591,2094
1,National Institute of Technology Durgapur,"Computer Science and Engineering (4 Years, Bachelor of Technology)",HS,ST,Female-only (including Supernumerary),2086,2086
1,National Institute of Technology Durgapur,"Computer Science and Engineering (4 Years, Bachelor of Technology)",OS,General,Gender-Neutral,4377,7454
1,National Institute of Technology Durgapur,"Computer Science and Engineering (4 Years, Bachelor of Technology)",OS,General,Female-only (including Supernumerary),5698,9304
1,National Institute of Technology Durgapur,"Computer Science and Engineering (4 Years, Bachelor of Technology)",OS,General PwD,Gender-Neutral,212,222
1,National Institute of Technology Durgapur,"Computer Science and Engineering (4 Years, Bachelor of Technology)",OS,OBC-NCL,Gender-Neutral,1887,2599
1,National Institute of Technology Durgapur,"Computer Science and Engineering (4 Years, Bachelor of Technology)",OS,OBC-NCL,Female-only (including Supernumerary),3306,4542
1,National Institute of Technology Durgapur,"Computer Science and Engineering (4 Years, Bachelor of Technology)",OS,OBC-NCL(PwD),Gender-Neutral,137,137
1,National Institute of Technology Durgapur,"Computer Science and Engineering (4 Years, Bachelor of Technology)",OS,SC,Gender-Neutral,1024,1405
1,National Institute of Technology Durgapur,"Computer Science and Engineering (4 Years, Bachelor of Technology)",OS,SC,Female-only (including Supernumerary),1471,1692
1,National Institute of Technology Durgapur,"Computer Science and Engineering (4 Years, Bachelor of Technology)",OS,SC PwD,Gender-Neutral,58,58
1,National Institute of Technology Durgapur,"Computer Science and Engineering (4 Years, Bachelor of Technology)",OS,ST,Gender-Neutral,459,669
1,National Institute of Technology Durgapur,"Computer Science and Engineering (4 Years, Bachelor of Technology)",OS,ST,Female-only (including Supernumerary),1027,1027
1,National Institute of Technology Durgapur,"Computer Science and Engineering (4 Years, Bachelor of Technology)",OS,ST PwD,Gender-Neutral,47,47
1,National Institute of Technology Durgapur,"Electrical Engineering (4 Years, Bachelor of Technology)",HS,General,Gender-Neutral,11010,17721
1,National Institute of Technology Durgapur,"Electrical Engineering (4 Years, Bachelor of Technology)",HS,General,Female-only (including Supernumerary),18124,20229
1,National Institute of Technology Durgapur,"Electrical Engineering (4 Years, Bachelor of Technology)",HS,General PwD,Gender-Neutral,726,726
1,National Institute of Technology Durgapur,"Electrical Engineering (4 Years, Bachelor of Technology)",HS,OBC-NCL,Gender-Neutral,7727,13585
1,National Institute of Technology Durgapur,"Electrical Engineering (4 Years, Bachelor of Technology)",HS,OBC-NCL,Female-only (including Supernumerary),16621,20111
1,National Institute of Technology Durgapur,"Electrical Engineering (4 Years, Bachelor of Technology)",HS,SC,Gender-Neutral,1627,2659
1,National Institute of Technology Durgapur,"Electrical Engineering (4 Years, Bachelor of Technology)",HS,SC,Female-only (including Supernumerary),3761,3761
1,National Institute of Technology Durgapur,"Electrical Engineering (4 Years, Bachelor of Technology)",HS,ST,Gender-Neutral,3959,4405
1,National Institute of Technology Durgapur,"Electrical Engineering (4 Years, Bachelor of Technology)",HS,ST,Female-only (including Supernumerary),2243,2243
1,National Institute of Technology Durgapur,"Electrical Engineering (4 Years, Bachelor of Technology)",OS,General,Gender-Neutral,9865,12836
1,National Institute of Technology Durgapur,"Electrical Engineering (4 Years, Bachelor of Technology)",OS,General,Female-only (including Supernumerary),13714,15708
1,National Institute of Technology Durgapur,"Electrical Engineering (4 Years, Bachelor of Technology)",OS,General PwD,Gender-Neutral,598,598
1,National Institute of Technology Durgapur,"Electrical Engineering (4 Years, Bachelor of Technology)",OS,OBC-NCL,Gender-Neutral,3820,4716
1,National Institute of Technology Durgapur,"Electrical Engineering (4 Years, Bachelor of Technology)",OS,OBC-NCL,Female-only (including Supernumerary),5620,7966
1,National Institute of Technology Durgapur,"Electrical Engineering (4 Years, Bachelor of Technology)",OS,OBC-NCL(PwD),Gender-Neutral,228,228
1,National Institute of Technology Durgapur,"Electrical Engineering (4 Years, Bachelor of Technology)",OS,SC,Gender-Neutral,2154,2655
1,National Institute of Technology Durgapur,"Electrical Engineering (4 Years, Bachelor of Technology)",OS,SC,Female-only (including Supernumerary),3299,3299
1,National Institute of Technology Durgapur,"Electrical Engineering (4 Years, Bachelor of Technology)",OS,ST,Female-only (including Supernumerary),1446,1446
1,National Institute of Technology Durgapur,"Electrical Engineering (4 Years, Bachelor of Technology)",OS,ST,Gender-Neutral,797,802
1,National Institute of Technology Durgapur,"Electronics and Communication Engineering (4 Years, Bachelor of Technology)",HS,General,Female-only (including Supernumerary),19193,20129
1,National Institute of Technology Durgapur,"Electronics and Communication Engineering (4 Years, Bachelor of Technology)",HS,General,Gender-Neutral,5248,14986
1,National Institute of Technology Durgapur,"Electronics and Communication Engineering (4 Years, Bachelor of Technology)",HS,General PwD,Female-only (including Supernumerary),2142,2142
1,National Institute of Technology Durgapur,"Electronics and Communication Engineering (4 Years, Bachelor of Technology)",HS,OBC-NCL,Gender-Neutral,3628,11772
1,National Institute of Technology Durgapur,"Electronics and Communication Engineering (4 Years, Bachelor of Technology)",HS,OBC-NCL,Female-only (including Supernumerary),15858,16290
1,National Institute of Technology Durgapur,"Electronics and Communication Engineering (4 Years, Bachelor of Technology)",HS,OBC-NCL(PwD),Gender-Neutral,691,691
1,National Institute of Technology Durgapur,"Electronics and Communication Engineering (4 Years, Bachelor of Technology)",HS,SC,Female-only (including Supernumerary),1714,1714
1,National Institute of Technology Durgapur,"Electronics and Communication Engineering (4 Years, Bachelor of Technology)",HS,SC,Gender-Neutral,1427,1734
1,National Institute of Technology Durgapur,"Electronics and Communication Engineering (4 Years, Bachelor of Technology)",HS,ST,Gender-Neutral,2762,2954
1,National Institute of Technology Durgapur,"Electronics and Communication Engineering (4 Years, Bachelor of Technology)",HS,ST,Female-only (including Supernumerary),4242,4242
1,National Institute of Technology Durgapur,"Electronics and Communication Engineering (4 Years, Bachelor of Technology)",OS,General,Female-only (including Supernumerary),10926,13408
1,National Institute of Technology Durgapur,"Electronics and Communication Engineering (4 Years, Bachelor of Technology)",OS,General,Gender-Neutral,7836,9825
1,National Institute of Technology Durgapur,"Electronics and Communication Engineering (4 Years, Bachelor of Technology)",OS,General PwD,Gender-Neutral,382,382
1,National Institute of Technology Durgapur,"Electronics and Communication Engineering (4 Years, Bachelor of Technology)",OS,OBC-NCL,Gender-Neutral,2856,3629
1,National Institute of Technology Durgapur,"Electronics and Communication Engineering (4 Years, Bachelor of Technology)",OS,OBC-NCL,Female-only (including Supernumerary),5494,6280
1,National Institute of Technology Durgapur,"Electronics and Communication Engineering (4 Years, Bachelor of Technology)",OS,SC,Gender-Neutral,1541,1758
1,National Institute of Technology Durgapur,"Electronics and Communication Engineering (4 Years, Bachelor of Technology)",OS,SC,Female-only (including Supernumerary),2581,2581
1,National Institute of Technology Durgapur,"Electronics and Communication Engineering (4 Years, Bachelor of Technology)",OS,SC PwD,Gender-Neutral,196,196
1,National Institute of Technology Durgapur,"Electronics and Communication Engineering (4 Years, Bachelor of Technology)",OS,ST,Gender-Neutral,688,724
1,National Institute of Technology Durgapur,"Mechanical Engineering (4 Years, Bachelor of Technology)",HS,General,Female-only (including Supernumerary),23644,26667
1,National Institute of Technology Durgapur,"Mechanical Engineering (4 Years, Bachelor of Technology)",HS,General,Gender-Neutral,15256,20940
1,National Institute of Technology Durgapur,"Mechanical Engineering (4 Years, Bachelor of Technology)",HS,General PwD,Female-only (including Supernumerary),1773,1773
1,National Institute of Technology Durgapur,"Mechanical Engineering (4 Years, Bachelor of Technology)",HS,General PwD,Gender-Neutral,255,255
1,National Institute of Technology Durgapur,"Mechanical Engineering (4 Years, Bachelor of Technology)",HS,OBC-NCL,Gender-Neutral,11171,18439
1,National Institute of Technology Durgapur,"Mechanical Engineering (4 Years, Bachelor of Technology)",HS,OBC-NCL,Female-only (including Supernumerary),27887,31151
1,National Institute of Technology Durgapur,"Mechanical Engineering (4 Years, Bachelor of Technology)",HS,OBC-NCL(PwD),Gender-Neutral,309,309
1,National Institute of Technology Durgapur,"Mechanical Engineering (4 Years, Bachelor of Technology)",HS,SC,Gender-Neutral,1743,3433
1,National Institute of Technology Durgapur,"Mechanical Engineering (4 Years, Bachelor of Technology)",HS,SC,Female-only (including Supernumerary),3076,3076
1,National Institute of Technology Durgapur,"Mechanical Engineering (4 Years, Bachelor of Technology)",HS,SC PwD,Gender-Neutral,97,97
1,National Institute of Technology Durgapur,"Mechanical Engineering (4 Years, Bachelor of Technology)",HS,ST,Gender-Neutral,3793,5694
1,National Institute of Technology Durgapur,"Mechanical Engineering (4 Years, Bachelor of Technology)",HS,ST,Female-only (including Supernumerary),7061,7061
1,National Institute of Technology Durgapur,"Mechanical Engineering (4 Years, Bachelor of Technology)",OS,General,Gender-Neutral,10820,14745
1,National Institute of Technology Durgapur,"Mechanical Engineering (4 Years, Bachelor of Technology)",OS,General,Female-only (including Supernumerary),15178,20026
1,National Institute of Technology Durgapur,"Mechanical Engineering (4 Years, Bachelor of Technology)",OS,General PwD,Female-only (including Supernumerary),971,971
1,National Institute of Technology Durgapur,"Mechanical Engineering (4 Years, Bachelor of Technology)",OS,General PwD,Gender-Neutral,289,289
1,National Institute of Technology Durgapur,"Mechanical Engineering (4 Years, Bachelor of Technology)",OS,OBC-NCL,Female-only (including Supernumerary),8113,9457
1,National Institute of Technology Durgapur,"Mechanical Engineering (4 Years, Bachelor of Technology)",OS,OBC-NCL,Gender-Neutral,3349,4867
1,National Institute of Technology Durgapur,"Mechanical Engineering (4 Years, Bachelor of Technology)",OS,OBC-NCL(PwD),Gender-Neutral,293,293
1,National Institute of Technology Durgapur,"Mechanical Engineering (4 Years, Bachelor of Technology)",OS,SC,Female-only (including Supernumerary),3922,4416
1,National Institute of Technology Durgapur,"Mechanical Engineering (4 Years, Bachelor of Technology)",OS,SC,Gender-Neutral,2516,2858
1,National Institute of Technology Durgapur,"Mechanical Engineering (4 Years, Bachelor of Technology)",OS,ST,Gender-Neutral,880,1071
1,National Institute of Technology Durgapur,"Mechanical Engineering (4 Years, Bachelor of Technology)",OS,ST,Female-only (including Supernumerary),1280,1280
1,National Institute of Technology Durgapur,"Metallurgical and Materials Engineering (4 Years, Bachelor of Technology)",HS,General,Gender-Neutral,23958,28902
1,National Institute of Technology Durgapur,"Metallurgical and Materials Engineering (4 Years, Bachelor of Technology)",HS,General,Female-only (including Supernumerary),28265,32121
1,National Institute of Technology Durgapur,"Metallurgical and Materials Engineering (4 Years, Bachelor of Technology)",HS,General PwD,Gender-Neutral,1481,1481
1,National Institute of Technology Durgapur,"Metallurgical and Materials Engineering (4 Years, Bachelor of Technology)",HS,OBC-NCL,Gender-Neutral,22575,26849
1,National Institute of Technology Durgapur,"Metallurgical and Materials Engineering (4 Years, Bachelor of Technology)",HS,OBC-NCL,Female-only (including Supernumerary),20407,20407
1,National Institute of Technology Durgapur,"Metallurgical and Materials Engineering (4 Years, Bachelor of Technology)",HS,SC,Gender-Neutral,4196,4724
1,National Institute of Technology Durgapur,"Metallurgical and Materials Engineering (4 Years, Bachelor of Technology)",HS,ST,Female-only (including Supernumerary),13276,13276
1,National Institute of Technology Durgapur,"Metallurgical and Materials Engineering (4 Years, Bachelor of Technology)",HS,ST,Gender-Neutral,6308,7484
1,National Institute of Technology Durgapur,"Metallurgical and Materials Engineering (4 Years, Bachelor of Technology)",OS,General,Gender-Neutral,20615,25270
1,National Institute of Technology Durgapur,"Metallurgical and Materials Engineering (4 Years, Bachelor of Technology)",OS,General,Female-only (including Supernumerary),25242,28966
1,National Institute of Technology Durgapur,"Metallurgical and Materials Engineering (4 Years, Bachelor of Technology)",OS,General PwD,Gender-Neutral,1404,1404
1,National Institute of Technology Durgapur,"Metallurgical and Materials Engineering (4 Years, Bachelor of Technology)",OS,OBC-NCL,Female-only (including Supernumerary),11348,11348
1,National Institute of Technology Durgapur,"Metallurgical and Materials Engineering (4 Years, Bachelor of Technology)",OS,OBC-NCL,Gender-Neutral,6236,8099
1,National Institute of Technology Durgapur,"Metallurgical and Materials Engineering (4 Years, Bachelor of Technology)",OS,OBC-NCL(PwD),Gender-Neutral,611,611
1,National Institute of Technology Durgapur,"Metallurgical and Materials Engineering (4 Years, Bachelor of Technology)",OS,SC,Female-only (including Supernumerary),5863,5863
1,National Institute of Technology Durgapur,"Metallurgical and Materials Engineering (4 Years, Bachelor of Technology)",OS,SC,Gender-Neutral,4732,5134
1,National Institute of Technology Durgapur,"Metallurgical and Materials Engineering (4 Years, Bachelor of Technology)",OS,ST,Gender-Neutral,1777,1777
1,National Institute of Technology Durgapur,"Metallurgical and Materials Engineering (4 Years, Bachelor of Technology)",OS,ST,Female-only (including Supernumerary),2860,2860
1,National Institute of Technology Goa,"Civil Engineering (4 Years, Bachelor of Technology)",GO,General,Gender-Neutral,43493,79695
1,National Institute of Technology Goa,"Civil Engineering (4 Years, Bachelor of Technology)",GO,General,Female-only (including Supernumerary),106752,106752
1,National Institute of Technology Goa,"Civil Engineering (4 Years, Bachelor of Technology)",GO,OBC-NCL,Gender-Neutral,35237,42503
1,National Institute of Technology Goa,"Civil Engineering (4 Years, Bachelor of Technology)",GO,OBC-NCL,Female-only (including Supernumerary),54151,54151
1,National Institute of Technology Goa,"Civil Engineering (4 Years, Bachelor of Technology)",GO,SC,Gender-Neutral,22950,97758
1,National Institute of Technology Goa,"Civil Engineering (4 Years, Bachelor of Technology)",GO,ST,Gender-Neutral,12618,12618
1,National Institute of Technology Goa,"Civil Engineering (4 Years, Bachelor of Technology)",HS,General,Gender-Neutral,56123,56123
1,National Institute of Technology Goa,"Civil Engineering (4 Years, Bachelor of Technology)",HS,OBC-NCL,Gender-Neutral,40100,40100
1,National Institute of Technology Goa,"Civil Engineering (4 Years, Bachelor of Technology)",HS,SC,Gender-Neutral,13189,13189
1,National Institute of Technology Goa,"Civil Engineering (4 Years, Bachelor of Technology)",OS,General,Female-only (including Supernumerary),21501,21729
1,National Institute of Technology Goa,"Civil Engineering (4 Years, Bachelor of Technology)",OS,General,Gender-Neutral,17831,20255
1,National Institute of Technology Goa,"Civil Engineering (4 Years, Bachelor of Technology)",OS,General PwD,Gender-Neutral,595,595
1,National Institute of Technology Goa,"Civil Engineering (4 Years, Bachelor of Technology)",OS,OBC-NCL,Gender-Neutral,5448,6157
1,National Institute of Technology Goa,"Civil Engineering (4 Years, Bachelor of Technology)",OS,OBC-NCL,Female-only (including Supernumerary),7518,7518
1,National Institute of Technology Goa,"Civil Engineering (4 Years, Bachelor of Technology)",OS,SC,Gender-Neutral,1891,2866
1,National Institute of Technology Goa,"Civil Engineering (4 Years, Bachelor of Technology)",OS,ST,Gender-Neutral,572,572
1,National Institute of Technology Goa,"Computer Science and Engineering (4 Years, Bachelor of Technology)",GO,General,Gender-Neutral,11983,19813
1,National Institute of Technology Goa,"Computer Science and Engineering (4 Years, Bachelor of Technology)",GO,General,Female-only (including Supernumerary),22221,22221
1,National Institute of Technology Goa,"Computer Science and Engineering (4 Years, Bachelor of Technology)",GO,OBC-NCL,Female-only (including Supernumerary),20297,20297
1,National Institute of Technology Goa,"Computer Science and Engineering (4 Years, Bachelor of Technology)",GO,OBC-NCL,Gender-Neutral,8390,9127
1,National Institute of Technology Goa,"Computer Science and Engineering (4 Years, Bachelor of Technology)",GO,SC,Gender-Neutral,10201,40190
1,National Institute of Technology Goa,"Computer Science and Engineering (4 Years, Bachelor of Technology)",GO,ST,Gender-Neutral,729,729
1,National Institute of Technology Goa,"Computer Science and Engineering (4 Years, Bachelor of Technology)",HS,General,Gender-Neutral,16985,16985
1,National Institute of Technology Goa,"Computer Science and Engineering (4 Years, Bachelor of Technology)",HS,OBC-NCL,Gender-Neutral,9248,9248
1,National Institute of Technology Goa,"Computer Science and Engineering (4 Years, Bachelor of Technology)",HS,SC,Gender-Neutral,3832,3832
1,National Institute of Technology Goa,"Computer Science and Engineering (4 Years, Bachelor of Technology)",OS,General,Female-only (including Supernumerary),11323,11653
1,National Institute of Technology Goa,"Computer Science and Engineering (4 Years, Bachelor of Technology)",OS,General,Gender-Neutral,2990,7509
1,National Institute of Technology Goa,"Computer Science and Engineering (4 Years, Bachelor of Technology)",OS,OBC-NCL,Female-only (including Supernumerary),4370,4370
1,National Institute of Technology Goa,"Computer Science and Engineering (4 Years, Bachelor of Technology)",OS,OBC-NCL,Gender-Neutral,1819,2346
1,National Institute of Technology Goa,"Computer Science and Engineering (4 Years, Bachelor of Technology)",OS,OBC-NCL(PwD),Gender-Neutral,124,124
1,National Institute of Technology Goa,"Computer Science and Engineering (4 Years, Bachelor of Technology)",OS,SC,Gender-Neutral,1168,1465
1,National Institute of Technology Goa,"Computer Science and Engineering (4 Years, Bachelor of Technology)",OS,ST,Gender-Neutral,569,569
1,National Institute of Technology Goa,"Electrical and Electronics Engineering (4 Years, Bachelor of Technology)",GO,General,Gender-Neutral,29098,40831
1,National Institute of Technology Goa,"Electrical and Electronics Engineering (4 Years, Bachelor of Technology)",GO,General,Female-only (including Supernumerary),31764,31764
1,National Institute of Technology Goa,"Electrical and Electronics Engineering (4 Years, Bachelor of Technology)",GO,OBC-NCL,Female-only (including Supernumerary),43385,43385
1,National Institute of Technology Goa,"Electrical and Electronics Engineering (4 Years, Bachelor of Technology)",GO,OBC-NCL,Gender-Neutral,19410,24514
1,National Institute of Technology Goa,"Electrical and Electronics Engineering (4 Years, Bachelor of Technology)",GO,ST,Gender-Neutral,6591,6591
1,National Institute of Technology Goa,"Electrical and Electronics Engineering (4 Years, Bachelor of Technology)",HS,General,Gender-Neutral,36737,55159
1,National Institute of Technology Goa,"Electrical and Electronics Engineering (4 Years, Bachelor of Technology)",HS,OBC-NCL,Gender-Neutral,38303,38303
1,National Institute of Technology Goa,"Electrical and Electronics Engineering (4 Years, Bachelor of Technology)",OS,General,Gender-Neutral,7965,14498
1,National Institute of Technology Goa,"Electrical and Electronics Engineering (4 Years, Bachelor of Technology)",OS,General,Female-only (including Supernumerary),16925,16925
1,National Institute of Technology Goa,"Electrical and Electronics Engineering (4 Years, Bachelor of Technology)",OS,General PwD,Gender-Neutral,491,491
1,National Institute of Technology Goa,"Electrical and Electronics Engineering (4 Years, Bachelor of Technology)",OS,OBC-NCL,Female-only (including Supernumerary),7783,7783
1,National Institute of Technology Goa,"Electrical and Electronics Engineering (4 Years, Bachelor of Technology)",OS,OBC-NCL,Gender-Neutral,3420,4779
1,National Institute of Technology Goa,"Electrical and Electronics Engineering (4 Years, Bachelor of Technology)",OS,SC,Gender-Neutral,2612,2719
1,National Institute of Technology Goa,"Electrical and Electronics Engineering (4 Years, Bachelor of Technology)",OS,ST,Female-only (including Supernumerary),1715,1715
1,National Institute of Technology Goa,"Electrical and Electronics Engineering (4 Years, Bachelor of Technology)",OS,ST,Gender-Neutral,1001,1001
1,National Institute of Technology Goa,"Electronics and Communication Engineering (4 Years, Bachelor of Technology)",GO,General,Gender-Neutral,23027,35493
1,National Institute of Technology Goa,"Electronics and Communication Engineering (4 Years, Bachelor of Technology)",GO,General,Female-only (including Supernumerary),50074,50074
1,National Institute of Technology Goa,"Electronics and Communication Engineering (4 Years, Bachelor of Technology)",GO,OBC-NCL,Gender-Neutral,14662,22203
1,National Institute of Technology Goa,"Electronics and Communication Engineering (4 Years, Bachelor of Technology)",GO,OBC-NCL,Female-only (including Supernumerary),24979,24979
1,National Institute of Technology Goa,"Electronics and Communication Engineering (4 Years, Bachelor of Technology)",GO,ST,Gender-Neutral,5939,5939
1,National Institute of Technology Goa,"Electronics and Communication Engineering (4 Years, Bachelor of Technology)",HS,General,Gender-Neutral,40017,40035
1,National Institute of Technology Goa,"Electronics and Communication Engineering (4 Years, Bachelor of Technology)",HS,OBC-NCL,Gender-Neutral,26516,26516
1,National Institute of Technology Goa,"Electronics and Communication Engineering (4 Years, Bachelor of Technology)",OS,General,Female-only (including Supernumerary),14474,14474
1,National Institute of Technology Goa,"Electronics and Communication Engineering (4 Years, Bachelor of Technology)",OS,General,Gender-Neutral,7753,12623
1,National Institute of Technology Goa,"Electronics and Communication Engineering (4 Years, Bachelor of Technology)",OS,General PwD,Female-only (including Supernumerary),976,976
1,National Institute of Technology Goa,"Electronics and Communication Engineering (4 Years, Bachelor of Technology)",OS,OBC-NCL,Female-only (including Supernumerary),7833,7833
1,National Institute of Technology Goa,"Electronics and Communication Engineering (4 Years, Bachelor of Technology)",OS,OBC-NCL,Gender-Neutral,3648,4931
1,National Institute of Technology Goa,"Electronics and Communication Engineering (4 Years, Bachelor of Technology)",OS,SC,Gender-Neutral,2498,2523
1,National Institute of Technology Goa,"Electronics and Communication Engineering (4 Years, Bachelor of Technology)",OS,ST,Gender-Neutral,675,675
1,National Institute of Technology Goa,"Mechanical Engineering (4 Years, Bachelor of Technology)",GO,General,Female-only (including Supernumerary),69389,69389
1,National Institute of Technology Goa,"Mechanical Engineering (4 Years, Bachelor of Technology)",GO,General,Gender-Neutral,39178,56606
1,National Institute of Technology Goa,"Mechanical Engineering (4 Years, Bachelor of Technology)",GO,OBC-NCL,Gender-Neutral,21260,31069
1,National Institute of Technology Goa,"Mechanical Engineering (4 Years, Bachelor of Technology)",GO,OBC-NCL,Female-only (including Supernumerary),52163,52163
1,National Institute of Technology Goa,"Mechanical Engineering (4 Years, Bachelor of Technology)",GO,SC,Gender-Neutral,13927,21954
1,National Institute of Technology Goa,"Mechanical Engineering (4 Years, Bachelor of Technology)",GO,ST,Gender-Neutral,10388,10388
1,National Institute of Technology Goa,"Mechanical Engineering (4 Years, Bachelor of Technology)",HS,General,Gender-Neutral,30440,41108
1,National Institute of Technology Goa,"Mechanical Engineering (4 Years, Bachelor of Technology)",HS,OBC-NCL,Gender-Neutral,42346,42346
1,National Institute of Technology Goa,"Mechanical Engineering (4 Years, Bachelor of Technology)",OS,General,Female-only (including Supernumerary),20755,20755
1,National Institute of Technology Goa,"Mechanical Engineering (4 Years, Bachelor of Technology)",OS,General,Gender-Neutral,13819,16830
1,National Institute of Technology Goa,"Mechanical Engineering (4 Years, Bachelor of Technology)",OS,OBC-NCL,Gender-Neutral,4375,4803
1,National Institute of Technology Goa,"Mechanical Engineering (4 Years, Bachelor of Technology)",OS,OBC-NCL,Female-only (including Supernumerary),8889,8889
1,National Institute of Technology Goa,"Mechanical Engineering (4 Years, Bachelor of Technology)",OS,SC,Gender-Neutral,2509,2509
1,National Institute of Technology Goa,"Mechanical Engineering (4 Years, Bachelor of Technology)",OS,SC,Female-only (including Supernumerary),4279,4279
1,National Institute of Technology Goa,"Mechanical Engineering (4 Years, Bachelor of Technology)",OS,SC PwD,Gender-Neutral,84,84
1,National Institute of Technology Goa,"Mechanical Engineering (4 Years, Bachelor of Technology)",OS,ST,Gender-Neutral,1229,1229
1,National Institute of Technology Hamirpur,"Architecture (5 Years, Bachelor of Architecture)",HS,General,Female-only (including Supernumerary),2299,2724
1,National Institute of Technology Hamirpur,"Architecture (5 Years, Bachelor of Architecture)",HS,General,Gender-Neutral,2491,6058
1,National Institute of Technology Hamirpur,"Architecture (5 Years, Bachelor of Architecture)",HS,OBC-NCL,Female-only (including Supernumerary),9620,16166
1,National Institute of Technology Hamirpur,"Architecture (5 Years, Bachelor of Architecture)",HS,OBC-NCL,Gender-Neutral,2184,7076
1,National Institute of Technology Hamirpur,"Architecture (5 Years, Bachelor of Architecture)",HS,SC,Female-only (including Supernumerary),1573,1573
1,National Institute of Technology Hamirpur,"Architecture (5 Years, Bachelor of Architecture)",HS,SC,Gender-Neutral,445,538
1,National Institute of Technology Hamirpur,"Architecture (5 Years, Bachelor of Architecture)",HS,ST,Gender-Neutral,320,320
1,National Institute of Technology Hamirpur,"Architecture (5 Years, Bachelor of Architecture)",OS,General,Gender-Neutral,872,1263
1,National Institute of Technology Hamirpur,"Architecture (5 Years, Bachelor of Architecture)",OS,General,Female-only (including Supernumerary),536,1239
1,National Institute of Technology Hamirpur,"Architecture (5 Years, Bachelor of Architecture)",OS,General PwD,Female-only (including Supernumerary),43,43
1,National Institute of Technology Hamirpur,"Architecture (5 Years, Bachelor of Architecture)",OS,OBC-NCL,Gender-Neutral,479,532
1,National Institute of Technology Hamirpur,"Architecture (5 Years, Bachelor of Architecture)",OS,OBC-NCL,Female-only (including Supernumerary),576,576
1,National Institute of Technology Hamirpur,"Architecture (5 Years, Bachelor of Architecture)",OS,OBC-NCL(PwD),Gender-Neutral,60,60
1,National Institute of Technology Hamirpur,"Architecture (5 Years, Bachelor of Architecture)",OS,SC,Gender-Neutral,141,183
1,National Institute of Technology Hamirpur,"Architecture (5 Years, Bachelor of Architecture)",OS,ST,Female-only (including Supernumerary),88,88
1,National Institute of Technology Hamirpur,"Architecture (5 Years, Bachelor of Architecture)",OS,ST,Gender-Neutral,49,96
1,National Institute of Technology Hamirpur,"Chemical Engineering (4 Years, Bachelor of Technology)",HS,General,Gender-Neutral,51841,74593
1,National Institute of Technology Hamirpur,"Chemical Engineering (4 Years, Bachelor of Technology)",HS,General,Female-only (including Supernumerary),45888,81551
1,National Institute of Technology Hamirpur,"Chemical Engineering (4 Years, Bachelor of Technology)",HS,General PwD,Gender-Neutral,2193,2193
1,National Institute of Technology Hamirpur,"Chemical Engineering (4 Years, Bachelor of Technology)",HS,OBC-NCL,Female-only (including Supernumerary),63344,67925
1,National Institute of Technology Hamirpur,"Chemical Engineering (4 Years, Bachelor of Technology)",HS,OBC-NCL,Gender-Neutral,51570,80160
1,National Institute of Technology Hamirpur,"Chemical Engineering (4 Years, Bachelor of Technology)",HS,SC,Gender-Neutral,2629,8702
1,National Institute of Technology Hamirpur,"Chemical Engineering (4 Years, Bachelor of Technology)",HS,SC,Female-only (including Supernumerary),8993,8993
1,National Institute of Technology Hamirpur,"Chemical Engineering (4 Years, Bachelor of Technology)",HS,ST,Gender-Neutral,3780,4348
1,National Institute of Technology Hamirpur,"Chemical Engineering (4 Years, Bachelor of Technology)",OS,General,Female-only (including Supernumerary),21048,23115
1,National Institute of Technology Hamirpur,"Chemical Engineering (4 Years, Bachelor of Technology)",OS,General,Gender-Neutral,15089,21374
1,National Institute of Technology Hamirpur,"Chemical Engineering (4 Years, Bachelor of Technology)",OS,General PwD,Gender-Neutral,1125,1125
1,National Institute of Technology Hamirpur,"Chemical Engineering (4 Years, Bachelor of Technology)",OS,OBC-NCL,Gender-Neutral,6543,7119
1,National Institute of Technology Hamirpur,"Chemical Engineering (4 Years, Bachelor of Technology)",OS,OBC-NCL,Female-only (including Supernumerary),9152,9152
1,National Institute of Technology Hamirpur,"Chemical Engineering (4 Years, Bachelor of Technology)",OS,OBC-NCL(PwD),Gender-Neutral,545,545
1,National Institute of Technology Hamirpur,"Chemical Engineering (4 Years, Bachelor of Technology)",OS,SC,Gender-Neutral,4314,4490
1,National Institute of Technology Hamirpur,"Chemical Engineering (4 Years, Bachelor of Technology)",OS,SC,Female-only (including Supernumerary),5550,5550
1,National Institute of Technology Hamirpur,"Chemical Engineering (4 Years, Bachelor of Technology)",OS,ST,Female-only (including Supernumerary),2751,2751
1,National Institute of Technology Hamirpur,"Chemical Engineering (4 Years, Bachelor of Technology)",OS,ST,Gender-Neutral,2050,2050
1,National Institute of Technology Hamirpur,"Civil Engineering (4 Years, Bachelor of Technology)",HS,General,Gender-Neutral,31918,70372
1,National Institute of Technology Hamirpur,"Civil Engineering (4 Years, Bachelor of Technology)",HS,General,Female-only (including Supernumerary),67347,78181
1,National Institute of Technology Hamirpur,"Civil Engineering (4 Years, Bachelor of Technology)",HS,OBC-NCL,Female-only (including Supernumerary),43068,47029
1,National Institute of Technology Hamirpur,"Civil Engineering (4 Years, Bachelor of Technology)",HS,OBC-NCL,Gender-Neutral,30766,60115
1,National Institute of Technology Hamirpur,"Civil Engineering (4 Years, Bachelor of Technology)",HS,SC,Female-only (including Supernumerary),5748,5748
1,National Institute of Technology Hamirpur,"Civil Engineering (4 Years, Bachelor of Technology)",HS,SC,Gender-Neutral,3948,7231
1,National Institute of Technology Hamirpur,"Civil Engineering (4 Years, Bachelor of Technology)",HS,ST,Female-only (including Supernumerary),2043,2043
1,National Institute of Technology Hamirpur,"Civil Engineering (4 Years, Bachelor of Technology)",HS,ST,Gender-Neutral,1796,2498
1,National Institute of Technology Hamirpur,"Civil Engineering (4 Years, Bachelor of Technology)",OS,General,Gender-Neutral,16298,20545
1,National Institute of Technology Hamirpur,"Civil Engineering (4 Years, Bachelor of Technology)",OS,General,Female-only (including Supernumerary),21220,23558
1,National Institute of Technology Hamirpur,"Civil Engineering (4 Years, Bachelor of Technology)",OS,General PwD,Gender-Neutral,779,779
1,National Institute of Technology Hamirpur,"Civil Engineering (4 Years, Bachelor of Technology)",OS,General PwD,Female-only (including Supernumerary),1287,1287
1,National Institute of Technology Hamirpur,"Civil Engineering (4 Years, Bachelor of Technology)",OS,OBC-NCL,Gender-Neutral,5032,6216
1,National Institute of Technology Hamirpur,"Civil Engineering (4 Years, Bachelor of Technology)",OS,OBC-NCL,Female-only (including Supernumerary),9824,10445
1,National Institute of Technology Hamirpur,"Civil Engineering (4 Years, Bachelor of Technology)",OS,SC,Gender-Neutral,2705,3224
1,National Institute of Technology Hamirpur,"Civil Engineering (4 Years, Bachelor of Technology)",OS,SC,Female-only (including Supernumerary),4824,4824
1,National Institute of Technology Hamirpur,"Civil Engineering (4 Years, Bachelor of Technology)",OS,SC PwD,Gender-Neutral,103,103
1,National Institute of Technology Hamirpur,"Civil Engineering (4 Years, Bachelor of Technology)",OS,ST,Gender-Neutral,709,792
1,National Institute of Technology Hamirpur,"Computer Science and Engineering (4 Years, Bachelor of Technology)",HS,General,Female-only (including Supernumerary),14017,35406
1,National Institute of Technology Hamirpur,"Computer Science and Engineering (4 Years, Bachelor of Technology)",HS,General,Gender-Neutral,7461,26552
1,National Institute of Technology Hamirpur,"Computer Science and Engineering (4 Years, Bachelor of Technology)",HS,General PwD,Gender-Neutral,513,513
1,National Institute of Technology Hamirpur,"Computer Science and Engineering (4 Years, Bachelor of Technology)",HS,OBC-NCL,Female-only (including Supernumerary),18213,34524
1,National Institute of Technology Hamirpur,"Computer Science and Engineering (4 Years, Bachelor of Technology)",HS,OBC-NCL,Gender-Neutral,7590,30155
1,National Institute of Technology Hamirpur,"Computer Science and Engineering (4 Years, Bachelor of Technology)",HS,SC,Gender-Neutral,1186,2931
1,National Institute of Technology Hamirpur,"Computer Science and Engineering (4 Years, Bachelor of Technology)",HS,SC,Female-only (including Supernumerary),3739,3739
1,National Institute of Technology Hamirpur,"Computer Science and Engineering (4 Years, Bachelor of Technology)",HS,ST,Gender-Neutral,1037,1706
1,National Institute of Technology Hamirpur,"Computer Science and Engineering (4 Years, Bachelor of Technology)",OS,General,Female-only (including Supernumerary),9774,10874
1,National Institute of Technology Hamirpur,"Computer Science and Engineering (4 Years, Bachelor of Technology)",OS,General,Gender-Neutral,5296,8467
1,National Institute of Technology Hamirpur,"Computer Science and Engineering (4 Years, Bachelor of Technology)",OS,General PwD,Gender-Neutral,227,227
1,National Institute of Technology Hamirpur,"Computer Science and Engineering (4 Years, Bachelor of Technology)",OS,OBC-NCL,Gender-Neutral,2497,2973
1,National Institute of Technology Hamirpur,"Computer Science and Engineering (4 Years, Bachelor of Technology)",OS,OBC-NCL,Female-only (including Supernumerary),5451,6117
1,National Institute of Technology Hamirpur,"Computer Science and Engineering (4 Years, Bachelor of Technology)",OS,SC,Female-only (including Supernumerary),1818,1818
1,National Institute of Technology Hamirpur,"Computer Science and Engineering (4 Years, Bachelor of Technology)",OS,SC,Gender-Neutral,1407,1562
1,National Institute of Technology Hamirpur,"Computer Science and Engineering (4 Years, Bachelor of Technology)",OS,SC PwD,Gender-Neutral,44,44
1,National Institute of Technology Hamirpur,"Computer Science and Engineering (4 Years, Bachelor of Technology)",OS,ST,Female-only (including Supernumerary),1872,1872
1,National Institute of Technology Hamirpur,"Computer Science and Engineering (4 Years, Bachelor of Technology)",OS,ST,Gender-Neutral,916,996
1,National Institute of Technology Hamirpur,"Computer Science and Engineering (5 Years, Bachelor and Master of Technology (Dual Degree))",HS,General,Female-only (including Supernumerary),42800,43759
1,National Institute of Technology Hamirpur,"Computer Science and Engineering (5 Years, Bachelor and Master of Technology (Dual Degree))",HS,General,Gender-Neutral,27259,45890
1,National Institute of Technology Hamirpur,"Computer Science and Engineering (5 Years, Bachelor and Master of Technology (Dual Degree))",HS,General PwD,Gender-Neutral,713,713
1,National Institute of Technology Hamirpur,"Computer Science and Engineering (5 Years, Bachelor and Master of Technology (Dual Degree))",HS,OBC-NCL,Gender-Neutral,36295,63598
1,National Institute of Technology Hamirpur,"Computer Science and Engineering (5 Years, Bachelor and Master of Technology (Dual Degree))",HS,OBC-NCL,Female-only (including Supernumerary),30916,30916
1,National Institute of Technology Hamirpur,"Computer Science and Engineering (5 Years, Bachelor and Master of Technology (Dual Degree))",HS,SC,Female-only (including Supernumerary),5843,5843
1,National Institute of Technology Hamirpur,"Computer Science and Engineering (5 Years, Bachelor and Master of Technology (Dual Degree))",HS,SC,Gender-Neutral,3812,7295
1,National Institute of Technology Hamirpur,"Computer Science and Engineering (5 Years, Bachelor and Master of Technology (Dual Degree))",HS,ST,Gender-Neutral,2369,2940
1,National Institute of Technology Hamirpur,"Computer Science and Engineering (5 Years, Bachelor and Master of Technology (Dual Degree))",HS,ST,Female-only (including Supernumerary),3612,3612
1,National Institute of Technology Hamirpur,"Computer Science and Engineering (5 Years, Bachelor and Master of Technology (Dual Degree))",OS,General,Female-only (including Supernumerary),11596,13848
1,National Institute of Technology Hamirpur,"Computer Science and Engineering (5 Years, Bachelor and Master of Technology (Dual Degree))",OS,General,Gender-Neutral,6412,12118
1,National Institute of Technology Hamirpur,"Computer Science and Engineering (5 Years, Bachelor and Master of Technology (Dual Degree))",OS,General PwD,Gender-Neutral,310,310
1,National Institute of Technology Hamirpur,"Computer Science and Engineering (5 Years, Bachelor and Master of Technology (Dual Degree))",OS,OBC-NCL,Female-only (including Supernumerary),7167,7167
1,National Institute of Technology Hamirpur,"Computer Science and Engineering (5 Years, Bachelor and Master of Technology (Dual Degree))",OS,OBC-NCL,Gender-Neutral,3031,4734
1,National Institute of Technology Hamirpur,"Computer Science and Engineering (5 Years, Bachelor and Master of Technology (Dual Degree))",OS,SC,Gender-Neutral,1568,2449
1,National Institute of Technology Hamirpur,"Computer Science and Engineering (5 Years, Bachelor and Master of Technology (Dual Degree))",OS,SC,Female-only (including Supernumerary),4182,4182
1,National Institute of Technology Hamirpur,"Computer Science and Engineering (5 Years, Bachelor and Master of Technology (Dual Degree))",OS,ST,Gender-Neutral,1348,1696
1,National Institute of Technology Hamirpur,"Electrical Engineering (4 Years, Bachelor of Technology)",HS,General,Female-only (including Supernumerary),35983,47301
1,National Institute of Technology Hamirpur,"Electrical Engineering (4 Years, Bachelor of Technology)",HS,General,Gender-Neutral,40867,62670
1,National Institute of Technology Hamirpur,"Electrical Engineering (4 Years, Bachelor of Technology)",HS,General PwD,Gender-Neutral,1622,1622
1,National Institute of Technology Hamirpur,"Electrical Engineering (4 Years, Bachelor of Technology)",HS,OBC-NCL,Gender-Neutral,32222,72204
1,National Institute of Technology Hamirpur,"Electrical Engineering (4 Years, Bachelor of Technology)",HS,OBC-NCL,Female-only (including Supernumerary),60268,73768
1,National Institute of Technology Hamirpur,"Electrical Engineering (4 Years, Bachelor of Technology)",HS,SC,Female-only (including Supernumerary),11590,11590
1,National Institute of Technology Hamirpur,"Electrical Engineering (4 Years, Bachelor of Technology)",HS,SC,Gender-Neutral,3177,7194
1,National Institute of Technology Hamirpur,"Electrical Engineering (4 Years, Bachelor of Technology)",HS,ST,Gender-Neutral,1801,2510
1,National Institute of Technology Hamirpur,"Electrical Engineering (4 Years, Bachelor of Technology)",OS,General,Female-only (including Supernumerary),16147,18148
1,National Institute of Technology Hamirpur,"Electrical Engineering (4 Years, Bachelor of Technology)",OS,General,Gender-Neutral,11865,15601
1,National Institute of Technology Hamirpur,"Electrical Engineering (4 Years, Bachelor of Technology)",OS,General PwD,Gender-Neutral,716,716
1,National Institute of Technology Hamirpur,"Electrical Engineering (4 Years, Bachelor of Technology)",OS,OBC-NCL,Gender-Neutral,4601,5197
1,National Institute of Technology Hamirpur,"Electrical Engineering (4 Years, Bachelor of Technology)",OS,OBC-NCL,Female-only (including Supernumerary),9253,9471
1,National Institute of Technology Hamirpur,"Electrical Engineering (4 Years, Bachelor of Technology)",OS,SC,Female-only (including Supernumerary),3576,3576
1,National Institute of Technology Hamirpur,"Electrical Engineering (4 Years, Bachelor of Technology)",OS,SC,Gender-Neutral,2510,2856
1,National Institute of Technology Hamirpur,"Electrical Engineering (4 Years, Bachelor of Technology)",OS,ST,Female-only (including Supernumerary),2222,2222
1,National Institute of Technology Hamirpur,"Electrical Engineering (4 Years, Bachelor of Technology)",OS,ST,Gender-Neutral,811,1063
1,National Institute of Technology Hamirpur,"Electronics and Communication Engineering (4 Years, Bachelor of Technology)",HS,General,Female-only (including Supernumerary),36578,39934
1,National Institute of Technology Hamirpur,"Electronics and Communication Engineering (4 Years, Bachelor of Technology)",HS,General,Gender-Neutral,29075,43386
1,National Institute of Technology Hamirpur,"Electronics and Communication Engineering (4 Years, Bachelor of Technology)",HS,General PwD,Gender-Neutral,1049,1049
1,National Institute of Technology Hamirpur,"Electronics and Communication Engineering (4 Years, Bachelor of Technology)",HS,OBC-NCL,Female-only (including Supernumerary),25770,34652
1,National Institute of Technology Hamirpur,"Electronics and Communication Engineering (4 Years, Bachelor of Technology)",HS,OBC-NCL,Gender-Neutral,30430,53694
1,National Institute of Technology Hamirpur,"Electronics and Communication Engineering (4 Years, Bachelor of Technology)",HS,SC,Gender-Neutral,3048,5766
1,National Institute of Technology Hamirpur,"Electronics and Communication Engineering (4 Years, Bachelor of Technology)",HS,SC,Female-only (including Supernumerary),8437,9891
1,National Institute of Technology Hamirpur,"Electronics and Communication Engineering (4 Years, Bachelor of Technology)",HS,ST,Gender-Neutral,1712,3153
1,National Institute of Technology Hamirpur,"Electronics and Communication Engineering (4 Years, Bachelor of Technology)",OS,General,Female-only (including Supernumerary),11370,15182
1,National Institute of Technology Hamirpur,"Electronics and Communication Engineering (4 Years, Bachelor of Technology)",OS,General,Gender-Neutral,10095,12620
1,National Institute of Technology Hamirpur,"Electronics and Communication Engineering (4 Years, Bachelor of Technology)",OS,General PwD,Gender-Neutral,638,638
1,National Institute of Technology Hamirpur,"Electronics and Communication Engineering (4 Years, Bachelor of Technology)",OS,OBC-NCL,Gender-Neutral,4009,4894
1,National Institute of Technology Hamirpur,"Electronics and Communication Engineering (4 Years, Bachelor of Technology)",OS,OBC-NCL,Female-only (including Supernumerary),3481,7580
1,National Institute of Technology Hamirpur,"Electronics and Communication Engineering (4 Years, Bachelor of Technology)",OS,SC,Gender-Neutral,2309,2799
1,National Institute of Technology Hamirpur,"Electronics and Communication Engineering (4 Years, Bachelor of Technology)",OS,SC,Female-only (including Supernumerary),2974,2974
1,National Institute of Technology Hamirpur,"Electronics and Communication Engineering (4 Years, Bachelor of Technology)",OS,SC PwD,Gender-Neutral,167,167
1,National Institute of Technology Hamirpur,"Electronics and Communication Engineering (4 Years, Bachelor of Technology)",OS,ST,Female-only (including Supernumerary),3496,3496
1,National Institute of Technology Hamirpur,"Electronics and Communication Engineering (4 Years, Bachelor of Technology)",OS,ST,Gender-Neutral,1159,1189
1,National Institute of Technology Hamirpur,"Electronics and Communication Engineering (5 Years, Bachelor and Master of Technology (Dual Degree))",HS,General,Female-only (including Supernumerary),49313,67140
1,National Institute of Technology Hamirpur,"Electronics and Communication Engineering (5 Years, Bachelor and Master of Technology (Dual Degree))",HS,General,Gender-Neutral,47917,65121
1,National Institute of Technology Hamirpur,"Electronics and Communication Engineering (5 Years, Bachelor and Master of Technology (Dual Degree))",HS,General PwD,Gender-Neutral,857,857
1,National Institute of Technology Hamirpur,"Electronics and Communication Engineering (5 Years, Bachelor and Master of Technology (Dual Degree))",HS,OBC-NCL,Gender-Neutral,54604,79093
1,National Institute of Technology Hamirpur,"Electronics and Communication Engineering (5 Years, Bachelor and Master of Technology (Dual Degree))",HS,OBC-NCL,Female-only (including Supernumerary),103579,103579
1,National Institute of Technology Hamirpur,"Electronics and Communication Engineering (5 Years, Bachelor and Master of Technology (Dual Degree))",HS,SC,Gender-Neutral,7361,7764
1,National Institute of Technology Hamirpur,"Electronics and Communication Engineering (5 Years, Bachelor and Master of Technology (Dual Degree))",HS,SC,Female-only (including Supernumerary),3757,3757
1,National Institute of Technology Hamirpur,"Electronics and Communication Engineering (5 Years, Bachelor and Master of Technology (Dual Degree))",HS,ST,Gender-Neutral,2460,3403
1,National Institute of Technology Hamirpur,"Electronics and Communication Engineering (5 Years, Bachelor and Master of Technology (Dual Degree))",HS,ST,Female-only (including Supernumerary),4169,4169
1,National Institute of Technology Hamirpur,"Electronics and Communication Engineering (5 Years, Bachelor and Master of Technology (Dual Degree))",OS,General,Gender-Neutral,12641,17076
1,National Institute of Technology Hamirpur,"Electronics and Communication Engineering (5 Years, Bachelor and Master of Technology (Dual Degree))",OS,General,Female-only (including Supernumerary),17819,20266
1,National Institute of Technology Hamirpur,"Electronics and Communication Engineering (5 Years, Bachelor and Master of Technology (Dual Degree))",OS,General PwD,Gender-Neutral,466,466
1,National Institute of Technology Hamirpur,"Electronics and Communication Engineering (5 Years, Bachelor and Master of Technology (Dual Degree))",OS,OBC-NCL,Gender-Neutral,5714,6790
1,National Institute of Technology Hamirpur,"Electronics and Communication Engineering (5 Years, Bachelor and Master of Technology (Dual Degree))",OS,OBC-NCL,Female-only (including Supernumerary),11353,11422
1,National Institute of Technology Hamirpur,"Electronics and Communication Engineering (5 Years, Bachelor and Master of Technology (Dual Degree))",OS,SC,Female-only (including Supernumerary),4186,4186
1,National Institute of Technology Hamirpur,"Electronics and Communication Engineering (5 Years, Bachelor and Master of Technology (Dual Degree))",OS,SC,Gender-Neutral,2970,3354
1,National Institute of Technology Hamirpur,"Electronics and Communication Engineering (5 Years, Bachelor and Master of Technology (Dual Degree))",OS,ST,Gender-Neutral,1430,1508
1,National Institute of Technology Hamirpur,"Materials Science and Engineering (4 Years, Bachelor of Technology)",HS,General,Female-only (including Supernumerary),83162,91700
1,National Institute of Technology Hamirpur,"Materials Science and Engineering (4 Years, Bachelor of Technology)",HS,General,Gender-Neutral,74002,84231
1,National Institute of Technology Hamirpur,"Materials Science and Engineering (4 Years, Bachelor of Technology)",HS,General PwD,Gender-Neutral,2244,2244
1,National Institute of Technology Hamirpur,"Materials Science and Engineering (4 Years, Bachelor of Technology)",HS,OBC-NCL,Gender-Neutral,61403,80525
1,National Institute of Technology Hamirpur,"Materials Science and Engineering (4 Years, Bachelor of Technology)",HS,SC,Gender-Neutral,8130,8532
1,National Institute of Technology Hamirpur,"Materials Science and Engineering (4 Years, Bachelor of Technology)",HS,ST,Gender-Neutral,3819,3819
1,National Institute of Technology Hamirpur,"Materials Science and Engineering (4 Years, Bachelor of Technology)",OS,General,Gender-Neutral,19778,26679
1,National Institute of Technology Hamirpur,"Materials Science and Engineering (4 Years, Bachelor of Technology)",OS,General,Female-only (including Supernumerary),31915,31915
1,National Institute of Technology Hamirpur,"Materials Science and Engineering (4 Years, Bachelor of Technology)",OS,OBC-NCL,Gender-Neutral,7731,9070
1,National Institute of Technology Hamirpur,"Materials Science and Engineering (4 Years, Bachelor of Technology)",OS,OBC-NCL,Female-only (including Supernumerary),11822,11822
1,National Institute of Technology Hamirpur,"Materials Science and Engineering (4 Years, Bachelor of Technology)",OS,SC,Gender-Neutral,4332,4332
1,National Institute of Technology Hamirpur,"Materials Science and Engineering (4 Years, Bachelor of Technology)",OS,SC,Female-only (including Supernumerary),7342,7342
1,National Institute of Technology Hamirpur,"Materials Science and Engineering (4 Years, Bachelor of Technology)",OS,ST,Gender-Neutral,2513,2513
1,National Institute of Technology Hamirpur,"Mechanical Engineering (4 Years, Bachelor of Technology)",HS,General,Female-only (including Supernumerary),60968,79754
1,National Institute of Technology Hamirpur,"Mechanical Engineering (4 Years, Bachelor of Technology)",HS,General,Gender-Neutral,25055,58173
1,National Institute of Technology Hamirpur,"Mechanical Engineering (4 Years, Bachelor of Technology)",HS,General PwD,Gender-Neutral,1578,1578
1,National Institute of Technology Hamirpur,"Mechanical Engineering (4 Years, Bachelor of Technology)",HS,OBC-NCL,Female-only (including Supernumerary),74787,111546
1,National Institute of Technology Hamirpur,"Mechanical Engineering (4 Years, Bachelor of Technology)",HS,OBC-NCL,Gender-Neutral,16421,71428
1,National Institute of Technology Hamirpur,"Mechanical Engineering (4 Years, Bachelor of Technology)",HS,SC,Female-only (including Supernumerary),12399,12399
1,National Institute of Technology Hamirpur,"Mechanical Engineering (4 Years, Bachelor of Technology)",HS,SC,Gender-Neutral,3512,6960
1,National Institute of Technology Hamirpur,"Mechanical Engineering (4 Years, Bachelor of Technology)",HS,ST,Female-only (including Supernumerary),2981,2981
1,National Institute of Technology Hamirpur,"Mechanical Engineering (4 Years, Bachelor of Technology)",HS,ST,Gender-Neutral,2645,3357
1,National Institute of Technology Hamirpur,"Mechanical Engineering (4 Years, Bachelor of Technology)",OS,General,Female-only (including Supernumerary),19908,24396
1,National Institute of Technology Hamirpur,"Mechanical Engineering (4 Years, Bachelor of Technology)",OS,General,Gender-Neutral,13861,16292
1,National Institute of Technology Hamirpur,"Mechanical Engineering (4 Years, Bachelor of Technology)",OS,General PwD,Gender-Neutral,476,476
1,National Institute of Technology Hamirpur,"Mechanical Engineering (4 Years, Bachelor of Technology)",OS,OBC-NCL,Female-only (including Supernumerary),10221,11042
1,National Institute of Technology Hamirpur,"Mechanical Engineering (4 Years, Bachelor of Technology)",OS,OBC-NCL,Gender-Neutral,5013,5621
1,National Institute of Technology Hamirpur,"Mechanical Engineering (4 Years, Bachelor of Technology)",OS,OBC-NCL(PwD),Gender-Neutral,298,298
1,National Institute of Technology Hamirpur,"Mechanical Engineering (4 Years, Bachelor of Technology)",OS,SC,Female-only (including Supernumerary),4984,4984
1,National Institute of Technology Hamirpur,"Mechanical Engineering (4 Years, Bachelor of Technology)",OS,SC,Gender-Neutral,2613,3146
1,National Institute of Technology Hamirpur,"Mechanical Engineering (4 Years, Bachelor of Technology)",OS,ST,Gender-Neutral,1098,1146
1,"National Institute of Technology Karnataka, Surathkal","Chemical Engineering (4 Years, Bachelor of Technology)",HS,General,Female-only (including Supernumerary),11658,14647
1,"National Institute of Technology Karnataka, Surathkal","Chemical Engineering (4 Years, Bachelor of Technology)",HS,General,Gender-Neutral,6421,16655
1,"National Institute of Technology Karnataka, Surathkal","Chemical Engineering (4 Years, Bachelor of Technology)",HS,OBC-NCL,Gender-Neutral,4269,6960
1,"National Institute of Technology Karnataka, Surathkal","Chemical Engineering (4 Years, Bachelor of Technology)",HS,OBC-NCL,Female-only (including Supernumerary),10266,10266
1,"National Institute of Technology Karnataka, Surathkal","Chemical Engineering (4 Years, Bachelor of Technology)",HS,OBC-NCL(PwD),Gender-Neutral,221,221
1,"National Institute of Technology Karnataka, Surathkal","Chemical Engineering (4 Years, Bachelor of Technology)",HS,SC,Gender-Neutral,3425,3726
1,"National Institute of Technology Karnataka, Surathkal","Chemical Engineering (4 Years, Bachelor of Technology)",HS,SC,Female-only (including Supernumerary),4358,4358
1,"National Institute of Technology Karnataka, Surathkal","Chemical Engineering (4 Years, Bachelor of Technology)",HS,ST,Gender-Neutral,681,934
1,"National Institute of Technology Karnataka, Surathkal","Chemical Engineering (4 Years, Bachelor of Technology)",OS,General,Gender-Neutral,6549,9889
1,"National Institute of Technology Karnataka, Surathkal","Chemical Engineering (4 Years, Bachelor of Technology)",OS,General,Female-only (including Supernumerary),8431,12591
1,"National Institute of Technology Karnataka, Surathkal","Chemical Engineering (4 Years, Bachelor of Technology)",OS,OBC-NCL,Female-only (including Supernumerary),4410,4410
1,"National Institute of Technology Karnataka, Surathkal","Chemical Engineering (4 Years, Bachelor of Technology)",OS,OBC-NCL,Gender-Neutral,2613,4227
1,"National Institute of Technology Karnataka, Surathkal","Chemical Engineering (4 Years, Bachelor of Technology)",OS,SC,Gender-Neutral,1316,1637
1,"National Institute of Technology Karnataka, Surathkal","Chemical Engineering (4 Years, Bachelor of Technology)",OS,SC,Female-only (including Supernumerary),1866,1866
1,"National Institute of Technology Karnataka, Surathkal","Chemical Engineering (4 Years, Bachelor of Technology)",OS,ST,Gender-Neutral,780,839
1,"National Institute of Technology Karnataka, Surathkal","Civil Engineering (4 Years, Bachelor of Technology)",HS,General,Gender-Neutral,12348,19726
1,"National Institute of Technology Karnataka, Surathkal","Civil Engineering (4 Years, Bachelor of Technology)",HS,General,Female-only (including Supernumerary),10638,15868
1,"National Institute of Technology Karnataka, Surathkal","Civil Engineering (4 Years, Bachelor of Technology)",HS,OBC-NCL,Gender-Neutral,5393,8639
1,"National Institute of Technology Karnataka, Surathkal","Civil Engineering (4 Years, Bachelor of Technology)",HS,OBC-NCL,Female-only (including Supernumerary),4477,4477
1,"National Institute of Technology Karnataka, Surathkal","Civil Engineering (4 Years, Bachelor of Technology)",HS,OBC-NCL(PwD),Gender-Neutral,37,37
1,"National Institute of Technology Karnataka, Surathkal","Civil Engineering (4 Years, Bachelor of Technology)",HS,SC,Gender-Neutral,1100,2913
1,"National Institute of Technology Karnataka, Surathkal","Civil Engineering (4 Years, Bachelor of Technology)",HS,SC,Female-only (including Supernumerary),3749,3749
1,"National Institute of Technology Karnataka, Surathkal","Civil Engineering (4 Years, Bachelor of Technology)",HS,ST,Gender-Neutral,413,1009
1,"National Institute of Technology Karnataka, Surathkal","Civil Engineering (4 Years, Bachelor of Technology)",OS,General,Gender-Neutral,6675,11416
1,"National Institute of Technology Karnataka, Surathkal","Civil Engineering (4 Years, Bachelor of Technology)",OS,General,Female-only (including Supernumerary),10186,12387
1,"National Institute of Technology Karnataka, Surathkal","Civil Engineering (4 Years, Bachelor of Technology)",OS,General PwD,Gender-Neutral,194,194
1,"National Institute of Technology Karnataka, Surathkal","Civil Engineering (4 Years, Bachelor of Technology)",OS,OBC-NCL,Female-only (including Supernumerary),4419,4820
1,"National Institute of Technology Karnataka, Surathkal","Civil Engineering (4 Years, Bachelor of Technology)",OS,OBC-NCL,Gender-Neutral,2410,3634
1,"National Institute of Technology Karnataka, Surathkal","Civil Engineering (4 Years, Bachelor of Technology)",OS,OBC-NCL(PwD),Gender-Neutral,122,122
1,"National Institute of Technology Karnataka, Surathkal","Civil Engineering (4 Years, Bachelor of Technology)",OS,SC,Female-only (including Supernumerary),1028,1028
1,"National Institute of Technology Karnataka, Surathkal","Civil Engineering (4 Years, Bachelor of Technology)",OS,SC,Gender-Neutral,1235,1579
1,"National Institute of Technology Karnataka, Surathkal","Civil Engineering (4 Years, Bachelor of Technology)",OS,ST,Female-only (including Supernumerary),683,683
1,"National Institute of Technology Karnataka, Surathkal","Civil Engineering (4 Years, Bachelor of Technology)",OS,ST,Gender-Neutral,255,326
1,"National Institute of Technology Karnataka, Surathkal","Computer Science and Engineering (4 Years, Bachelor of Technology)",HS,General,Female-only (including Supernumerary),3401,4841
1,"National Institute of Technology Karnataka, Surathkal","Computer Science and Engineering (4 Years, Bachelor of Technology)",HS,General,Gender-Neutral,928,3174
1,"National Institute of Technology Karnataka, Surathkal","Computer Science and Engineering (4 Years, Bachelor of Technology)",HS,General PwD,Gender-Neutral,37,90
1,"National Institute of Technology Karnataka, Surathkal","Computer Science and Engineering (4 Years, Bachelor of Technology)",HS,OBC-NCL,Gender-Neutral,877,1767
1,"National Institute of Technology Karnataka, Surathkal","Computer Science and Engineering (4 Years, Bachelor of Technology)",HS,OBC-NCL,Female-only (including Supernumerary),2063,3029
1,"National Institute of Technology Karnataka, Surathkal","Computer Science and Engineering (4 Years, Bachelor of Technology)",HS,SC,Female-only (including Supernumerary),1274,1274
1,"National Institute of Technology Karnataka, Surathkal","Computer Science and Engineering (4 Years, Bachelor of Technology)",HS,SC,Gender-Neutral,170,614
1,"National Institute of Technology Karnataka, Surathkal","Computer Science and Engineering (4 Years, Bachelor of Technology)",HS,SC PwD,Gender-Neutral,29,29
1,"National Institute of Technology Karnataka, Surathkal","Computer Science and Engineering (4 Years, Bachelor of Technology)",HS,ST,Gender-Neutral,228,344
1,"National Institute of Technology Karnataka, Surathkal","Computer Science and Engineering (4 Years, Bachelor of Technology)",HS,ST,Female-only (including Supernumerary),877,877
1,"National Institute of Technology Karnataka, Surathkal","Computer Science and Engineering (4 Years, Bachelor of Technology)",HS,ST PwD,Gender-Neutral,18,18
1,"National Institute of Technology Karnataka, Surathkal","Computer Science and Engineering (4 Years, Bachelor of Technology)",OS,General,Gender-Neutral,278,1442
1,"National Institute of Technology Karnataka, Surathkal","Computer Science and Engineering (4 Years, Bachelor of Technology)",OS,General,Female-only (including Supernumerary),1800,2604
1,"National Institute of Technology Karnataka, Surathkal","Computer Science and Engineering (4 Years, Bachelor of Technology)",OS,General PwD,Gender-Neutral,39,59
1,"National Institute of Technology Karnataka, Surathkal","Computer Science and Engineering (4 Years, Bachelor of Technology)",OS,OBC-NCL,Gender-Neutral,334,559
1,"National Institute of Technology Karnataka, Surathkal","Computer Science and Engineering (4 Years, Bachelor of Technology)",OS,OBC-NCL,Female-only (including Supernumerary),449,573
1,"National Institute of Technology Karnataka, Surathkal","Computer Science and Engineering (4 Years, Bachelor of Technology)",OS,OBC-NCL(PwD),Gender-Neutral,28,28
1,"National Institute of Technology Karnataka, Surathkal","Computer Science and Engineering (4 Years, Bachelor of Technology)",OS,SC,Gender-Neutral,181,259
1,"National Institute of Technology Karnataka, Surathkal","Computer Science and Engineering (4 Years, Bachelor of Technology)",OS,SC,Female-only (including Supernumerary),552,552
1,"National Institute of Technology Karnataka, Surathkal","Computer Science and Engineering (4 Years, Bachelor of Technology)",OS,ST,Female-only (including Supernumerary),190,190
1,"National Institute of Technology Karnataka, Surathkal","Computer Science and Engineering (4 Years, Bachelor of Technology)",OS,ST,Gender-Neutral,116,123
1,"National Institute of Technology Karnataka, Surathkal","Electrical and Electronics Engineering (4 Years, Bachelor of Technology)",HS,General,Gender-Neutral,4884,9278
1,"National Institute of Technology Karnataka, Surathkal","Electrical and Electronics Engineering (4 Years, Bachelor of Technology)",HS,General,Female-only (including Supernumerary),7653,7926
1,"National Institute of Technology Karnataka, Surathkal","Electrical and Electronics Engineering (4 Years, Bachelor of Technology)",HS,General PwD,Gender-Neutral,166,166
1,"National Institute of Technology Karnataka, Surathkal","Electrical and Electronics Engineering (4 Years, Bachelor of Technology)",HS,OBC-NCL,Gender-Neutral,3557,5643
1,"National Institute of Technology Karnataka, Surathkal","Electrical and Electronics Engineering (4 Years, Bachelor of Technology)",HS,OBC-NCL,Female-only (including Supernumerary),6494,7971
1,"National Institute of Technology Karnataka, Surathkal","Electrical and Electronics Engineering (4 Years, Bachelor of Technology)",HS,OBC-NCL(PwD),Gender-Neutral,179,179
1,"National Institute of Technology Karnataka, Surathkal","Electrical and Electronics Engineering (4 Years, Bachelor of Technology)",HS,SC,Gender-Neutral,504,2032
1,"National Institute of Technology Karnataka, Surathkal","Electrical and Electronics Engineering (4 Years, Bachelor of Technology)",HS,SC,Female-only (including Supernumerary),1705,1705
1,"National Institute of Technology Karnataka, Surathkal","Electrical and Electronics Engineering (4 Years, Bachelor of Technology)",HS,ST,Female-only (including Supernumerary),1509,1509
1,"National Institute of Technology Karnataka, Surathkal","Electrical and Electronics Engineering (4 Years, Bachelor of Technology)",HS,ST,Gender-Neutral,377,932
1,"National Institute of Technology Karnataka, Surathkal","Electrical and Electronics Engineering (4 Years, Bachelor of Technology)",HS,ST PwD,Gender-Neutral,23,23
1,"National Institute of Technology Karnataka, Surathkal","Electrical and Electronics Engineering (4 Years, Bachelor of Technology)",OS,General,Gender-Neutral,2393,4815
1,"National Institute of Technology Karnataka, Surathkal","Electrical and Electronics Engineering (4 Years, Bachelor of Technology)",OS,General,Female-only (including Supernumerary),4422,6297
1,"National Institute of Technology Karnataka, Surathkal","Electrical and Electronics Engineering (4 Years, Bachelor of Technology)",OS,General PwD,Gender-Neutral,153,179
1,"National Institute of Technology Karnataka, Surathkal","Electrical and Electronics Engineering (4 Years, Bachelor of Technology)",OS,OBC-NCL,Gender-Neutral,1321,1765
1,"National Institute of Technology Karnataka, Surathkal","Electrical and Electronics Engineering (4 Years, Bachelor of Technology)",OS,OBC-NCL,Female-only (including Supernumerary),2885,3042
1,"National Institute of Technology Karnataka, Surathkal","Electrical and Electronics Engineering (4 Years, Bachelor of Technology)",OS,SC,Female-only (including Supernumerary),1374,1374
1,"National Institute of Technology Karnataka, Surathkal","Electrical and Electronics Engineering (4 Years, Bachelor of Technology)",OS,SC,Gender-Neutral,518,949
1,"National Institute of Technology Karnataka, Surathkal","Electrical and Electronics Engineering (4 Years, Bachelor of Technology)",OS,SC PwD,Gender-Neutral,30,30
1,"National Institute of Technology Karnataka, Surathkal","Electrical and Electronics Engineering (4 Years, Bachelor of Technology)",OS,ST,Gender-Neutral,277,324
1,"National Institute of Technology Karnataka, Surathkal","Electronics and Communication Engineering (4 Years, Bachelor of Technology)",HS,General,Gender-Neutral,2590,4782
1,"National Institute of Technology Karnataka, Surathkal","Electronics and Communication Engineering (4 Years, Bachelor of Technology)",HS,General,Female-only (including Supernumerary),3839,5147
1,"National Institute of Technology Karnataka, Surathkal","Electronics and Communication Engineering (4 Years, Bachelor of Technology)",HS,General PwD,Gender-Neutral,117,117
1,"National Institute of Technology Karnataka, Surathkal","Electronics and Communication Engineering (4 Years, Bachelor of Technology)",HS,OBC-NCL,Gender-Neutral,1350,3093
1,"National Institute of Technology Karnataka, Surathkal","Electronics and Communication Engineering (4 Years, Bachelor of Technology)",HS,OBC-NCL,Female-only (including Supernumerary),3340,3851
1,"National Institute of Technology Karnataka, Surathkal","Electronics and Communication Engineering (4 Years, Bachelor of Technology)",HS,OBC-NCL(PwD),Gender-Neutral,70,70
1,"National Institute of Technology Karnataka, Surathkal","Electronics and Communication Engineering (4 Years, Bachelor of Technology)",HS,SC,Female-only (including Supernumerary),1287,1287
1,"National Institute of Technology Karnataka, Surathkal","Electronics and Communication Engineering (4 Years, Bachelor of Technology)",HS,SC,Gender-Neutral,805,1655
1,"National Institute of Technology Karnataka, Surathkal","Electronics and Communication Engineering (4 Years, Bachelor of Technology)",HS,ST,Gender-Neutral,541,745
1,"National Institute of Technology Karnataka, Surathkal","Electronics and Communication Engineering (4 Years, Bachelor of Technology)",HS,ST,Female-only (including Supernumerary),705,705
1,"National Institute of Technology Karnataka, Surathkal","Electronics and Communication Engineering (4 Years, Bachelor of Technology)",OS,General,Gender-Neutral,2069,3236
1,"National Institute of Technology Karnataka, Surathkal","Electronics and Communication Engineering (4 Years, Bachelor of Technology)",OS,General,Female-only (including Supernumerary),2727,4111
1,"National Institute of Technology Karnataka, Surathkal","Electronics and Communication Engineering (4 Years, Bachelor of Technology)",OS,General PwD,Gender-Neutral,84,84
1,"National Institute of Technology Karnataka, Surathkal","Electronics and Communication Engineering (4 Years, Bachelor of Technology)",OS,OBC-NCL,Female-only (including Supernumerary),1632,1657
1,"National Institute of Technology Karnataka, Surathkal","Electronics and Communication Engineering (4 Years, Bachelor of Technology)",OS,OBC-NCL,Gender-Neutral,839,1326
1,"National Institute of Technology Karnataka, Surathkal","Electronics and Communication Engineering (4 Years, Bachelor of Technology)",OS,OBC-NCL(PwD),Gender-Neutral,41,41
1,"National Institute of Technology Karnataka, Surathkal","Electronics and Communication Engineering (4 Years, Bachelor of Technology)",OS,SC,Female-only (including Supernumerary),719,719
1,"National Institute of Technology Karnataka, Surathkal","Electronics and Communication Engineering (4 Years, Bachelor of Technology)",OS,SC,Gender-Neutral,459,720
1,"National Institute of Technology Karnataka, Surathkal","Electronics and Communication Engineering (4 Years, Bachelor of Technology)",OS,ST,Gender-Neutral,229,330
1,"National Institute of Technology Karnataka, Surathkal","Information Technology (4 Years, Bachelor of Technology)",HS,General,Gender-Neutral,3208,6714
1,"National Institute of Technology Karnataka, Surathkal","Information Technology (4 Years, Bachelor of Technology)",HS,General,Female-only (including Supernumerary),5563,6955
1,"National Institute of Technology Karnataka, Surathkal","Information Technology (4 Years, Bachelor of Technology)",HS,General PwD,Gender-Neutral,196,363
1,"National Institute of Technology Karnataka, Surathkal","Information Technology (4 Years, Bachelor of Technology)",HS,OBC-NCL,Gender-Neutral,1926,3375
1,"National Institute of Technology Karnataka, Surathkal","Information Technology (4 Years, Bachelor of Technology)",HS,OBC-NCL,Female-only (including Supernumerary),5146,6384
1,"National Institute of Technology Karnataka, Surathkal","Information Technology (4 Years, Bachelor of Technology)",HS,OBC-NCL(PwD),Gender-Neutral,143,143
1,"National Institute of Technology Karnataka, Surathkal","Information Technology (4 Years, Bachelor of Technology)",HS,SC,Female-only (including Supernumerary),3397,3397
1,"National Institute of Technology Karnataka, Surathkal","Information Technology (4 Years, Bachelor of Technology)",HS,SC,Gender-Neutral,704,1364
1,"National Institute of Technology Karnataka, Surathkal","Information Technology (4 Years, Bachelor of Technology)",HS,ST,Gender-Neutral,567,716
1,"National Institute of Technology Karnataka, Surathkal","Information Technology (4 Years, Bachelor of Technology)",OS,General,Gender-Neutral,1540,3137
1,"National Institute of Technology Karnataka, Surathkal","Information Technology (4 Years, Bachelor of Technology)",OS,General,Female-only (including Supernumerary),3551,4487
1,"National Institute of Technology Karnataka, Surathkal","Information Technology (4 Years, Bachelor of Technology)",OS,General PwD,Gender-Neutral,125,125
1,"National Institute of Technology Karnataka, Surathkal","Information Technology (4 Years, Bachelor of Technology)",OS,OBC-NCL,Gender-Neutral,660,1379
1,"National Institute of Technology Karnataka, Surathkal","Information Technology (4 Years, Bachelor of Technology)",OS,OBC-NCL,Female-only (including Supernumerary),1962,2002
1,"National Institute of Technology Karnataka, Surathkal","Information Technology (4 Years, Bachelor of Technology)",OS,OBC-NCL(PwD),Gender-Neutral,46,46
1,"National Institute of Technology Karnataka, Surathkal","Information Technology (4 Years, Bachelor of Technology)",OS,SC,Female-only (including Supernumerary),1119,1119
1,"National Institute of Technology Karnataka, Surathkal","Information Technology (4 Years, Bachelor of Technology)",OS,SC,Gender-Neutral,418,783
1,"National Institute of Technology Karnataka, Surathkal","Information Technology (4 Years, Bachelor of Technology)",OS,SC PwD,Gender-Neutral,68,68
1,"National Institute of Technology Karnataka, Surathkal","Information Technology (4 Years, Bachelor of Technology)",OS,ST,Gender-Neutral,231,252
1,"National Institute of Technology Karnataka, Surathkal","Mechanical Engineering (4 Years, Bachelor of Technology)",HS,General,Gender-Neutral,3783,11464
1,"National Institute of Technology Karnataka, Surathkal","Mechanical Engineering (4 Years, Bachelor of Technology)",HS,General,Female-only (including Supernumerary),10085,12719
1,"National Institute of Technology Karnataka, Surathkal","Mechanical Engineering (4 Years, Bachelor of Technology)",HS,General PwD,Female-only (including Supernumerary),1919,1919
1,"National Institute of Technology Karnataka, Surathkal","Mechanical Engineering (4 Years, Bachelor of Technology)",HS,General PwD,Gender-Neutral,191,191
1,"National Institute of Technology Karnataka, Surathkal","Mechanical Engineering (4 Years, Bachelor of Technology)",HS,OBC-NCL,Female-only (including Supernumerary),8607,12915
1,"National Institute of Technology Karnataka, Surathkal","Mechanical Engineering (4 Years, Bachelor of Technology)",HS,OBC-NCL,Gender-Neutral,3268,6653
1,"National Institute of Technology Karnataka, Surathkal","Mechanical Engineering (4 Years, Bachelor of Technology)",HS,SC,Female-only (including Supernumerary),2246,4702
1,"National Institute of Technology Karnataka, Surathkal","Mechanical Engineering (4 Years, Bachelor of Technology)",HS,SC,Gender-Neutral,229,2171
1,"National Institute of Technology Karnataka, Surathkal","Mechanical Engineering (4 Years, Bachelor of Technology)",HS,SC PwD,Gender-Neutral,109,109
1,"National Institute of Technology Karnataka, Surathkal","Mechanical Engineering (4 Years, Bachelor of Technology)",HS,ST,Female-only (including Supernumerary),1113,1113
1,"National Institute of Technology Karnataka, Surathkal","Mechanical Engineering (4 Years, Bachelor of Technology)",HS,ST,Gender-Neutral,425,764
1,"National Institute of Technology Karnataka, Surathkal","Mechanical Engineering (4 Years, Bachelor of Technology)",HS,ST PwD,Gender-Neutral,58,58
1,"National Institute of Technology Karnataka, Surathkal","Mechanical Engineering (4 Years, Bachelor of Technology)",OS,General,Female-only (including Supernumerary),8819,11088
1,"National Institute of Technology Karnataka, Surathkal","Mechanical Engineering (4 Years, Bachelor of Technology)",OS,General,Gender-Neutral,3344,5465
1,"National Institute of Technology Karnataka, Surathkal","Mechanical Engineering (4 Years, Bachelor of Technology)",OS,General PwD,Gender-Neutral,106,195
1,"National Institute of Technology Karnataka, Surathkal","Mechanical Engineering (4 Years, Bachelor of Technology)",OS,OBC-NCL,Gender-Neutral,1266,1783
1,"National Institute of Technology Karnataka, Surathkal","Mechanical Engineering (4 Years, Bachelor of Technology)",OS,OBC-NCL,Female-only (including Supernumerary),5238,5881
1,"National Institute of Technology Karnataka, Surathkal","Mechanical Engineering (4 Years, Bachelor of Technology)",OS,OBC-NCL(PwD),Gender-Neutral,82,82
1,"National Institute of Technology Karnataka, Surathkal","Mechanical Engineering (4 Years, Bachelor of Technology)",OS,SC,Gender-Neutral,106,1152
1,"National Institute of Technology Karnataka, Surathkal","Mechanical Engineering (4 Years, Bachelor of Technology)",OS,SC,Female-only (including Supernumerary),2006,2006
1,"National Institute of Technology Karnataka, Surathkal","Mechanical Engineering (4 Years, Bachelor of Technology)",OS,SC PwD,Gender-Neutral,62,62
1,"National Institute of Technology Karnataka, Surathkal","Mechanical Engineering (4 Years, Bachelor of Technology)",OS,ST,Gender-Neutral,357,389
1,"National Institute of Technology Karnataka, Surathkal","Mechanical Engineering (4 Years, Bachelor of Technology)",OS,ST,Female-only (including Supernumerary),746,746
1,"National Institute of Technology Karnataka, Surathkal","Metallurgical and Materials Engineering (4 Years, Bachelor of Technology)",HS,General,Female-only (including Supernumerary),17775,18815
1,"National Institute of Technology Karnataka, Surathkal","Metallurgical and Materials Engineering (4 Years, Bachelor of Technology)",HS,General,Gender-Neutral,12016,20845
1,"National Institute of Technology Karnataka, Surathkal","Metallurgical and Materials Engineering (4 Years, Bachelor of Technology)",HS,General PwD,Gender-Neutral,1120,1120
1,"National Institute of Technology Karnataka, Surathkal","Metallurgical and Materials Engineering (4 Years, Bachelor of Technology)",HS,OBC-NCL,Female-only (including Supernumerary),14320,14320
1,"National Institute of Technology Karnataka, Surathkal","Metallurgical and Materials Engineering (4 Years, Bachelor of Technology)",HS,OBC-NCL,Gender-Neutral,7477,10050
1,"National Institute of Technology Karnataka, Surathkal","Metallurgical and Materials Engineering (4 Years, Bachelor of Technology)",HS,SC,Gender-Neutral,3791,4139
1,"National Institute of Technology Karnataka, Surathkal","Metallurgical and Materials Engineering (4 Years, Bachelor of Technology)",HS,SC,Female-only (including Supernumerary),4877,4877
1,"National Institute of Technology Karnataka, Surathkal","Metallurgical and Materials Engineering (4 Years, Bachelor of Technology)",HS,ST,Gender-Neutral,1045,1271
1,"National Institute of Technology Karnataka, Surathkal","Metallurgical and Materials Engineering (4 Years, Bachelor of Technology)",OS,General,Female-only (including Supernumerary),15923,18582
1,"National Institute of Technology Karnataka, Surathkal","Metallurgical and Materials Engineering (4 Years, Bachelor of Technology)",OS,General,Gender-Neutral,9952,16325
1,"National Institute of Technology Karnataka, Surathkal","Metallurgical and Materials Engineering (4 Years, Bachelor of Technology)",OS,OBC-NCL,Gender-Neutral,4974,5791
1,"National Institute of Technology Karnataka, Surathkal","Metallurgical and Materials Engineering (4 Years, Bachelor of Technology)",OS,OBC-NCL,Female-only (including Supernumerary),8261,8261
1,"National Institute of Technology Karnataka, Surathkal","Metallurgical and Materials Engineering (4 Years, Bachelor of Technology)",OS,SC,Gender-Neutral,2105,3226
1,"National Institute of Technology Karnataka, Surathkal","Metallurgical and Materials Engineering (4 Years, Bachelor of Technology)",OS,ST,Gender-Neutral,1265,1771
1,"National Institute of Technology Karnataka, Surathkal","Mining Engineering (4 Years, Bachelor of Technology)",HS,General,Female-only (including Supernumerary),22260,23304
1,"National Institute of Technology Karnataka, Surathkal","Mining Engineering (4 Years, Bachelor of Technology)",HS,General,Gender-Neutral,18760,27774
1,"National Institute of Technology Karnataka, Surathkal","Mining Engineering (4 Years, Bachelor of Technology)",HS,OBC-NCL,Female-only (including Supernumerary),15246,15246
1,"National Institute of Technology Karnataka, Surathkal","Mining Engineering (4 Years, Bachelor of Technology)",HS,OBC-NCL,Gender-Neutral,9603,10871
1,"National Institute of Technology Karnataka, Surathkal","Mining Engineering (4 Years, Bachelor of Technology)",HS,SC,Gender-Neutral,2962,4577
1,"National Institute of Technology Karnataka, Surathkal","Mining Engineering (4 Years, Bachelor of Technology)",HS,ST,Female-only (including Supernumerary),1603,1603
1,"National Institute of Technology Karnataka, Surathkal","Mining Engineering (4 Years, Bachelor of Technology)",HS,ST,Gender-Neutral,1479,1479
1,"National Institute of Technology Karnataka, Surathkal","Mining Engineering (4 Years, Bachelor of Technology)",OS,General,Female-only (including Supernumerary),19658,19994
1,"National Institute of Technology Karnataka, Surathkal","Mining Engineering (4 Years, Bachelor of Technology)",OS,General,Gender-Neutral,12236,19102
1,"National Institute of Technology Karnataka, Surathkal","Mining Engineering (4 Years, Bachelor of Technology)",OS,OBC-NCL,Female-only (including Supernumerary),8936,8936
1,"National Institute of Technology Karnataka, Surathkal","Mining Engineering (4 Years, Bachelor of Technology)",OS,OBC-NCL,Gender-Neutral,4736,6466
1,"National Institute of Technology Karnataka, Surathkal","Mining Engineering (4 Years, Bachelor of Technology)",OS,SC,Female-only (including Supernumerary),5914,5914
1,"National Institute of Technology Karnataka, Surathkal","Mining Engineering (4 Years, Bachelor of Technology)",OS,SC,Gender-Neutral,3404,3575
1,"National Institute of Technology Karnataka, Surathkal","Mining Engineering (4 Years, Bachelor of Technology)",OS,ST,Gender-Neutral,1255,1458
1,National Institute of Technology Meghalaya,"Civil Engineering (4 Years, Bachelor of Technology)",HS,General,Female-only (including Supernumerary),85069,85069
1,National Institute of Technology Meghalaya,"Civil Engineering (4 Years, Bachelor of Technology)",HS,General,Gender-Neutral,102782,102782
1,National Institute of Technology Meghalaya,"Civil Engineering (4 Years, Bachelor of Technology)",HS,ST,Female-only (including Supernumerary),3656,4023
1,National Institute of Technology Meghalaya,"Civil Engineering (4 Years, Bachelor of Technology)",HS,ST,Gender-Neutral,2952,5306
1,National Institute of Technology Meghalaya,"Civil Engineering (4 Years, Bachelor of Technology)",HS,ST PwD,Gender-Neutral,16,16
1,National Institute of Technology Meghalaya,"Civil Engineering (4 Years, Bachelor of Technology)",OS,General,Female-only (including Supernumerary),32214,33210
1,National Institute of Technology Meghalaya,"Civil Engineering (4 Years, Bachelor of Technology)",OS,General,Gender-Neutral,25170,28981
1,National Institute of Technology Meghalaya,"Civil Engineering (4 Years, Bachelor of Technology)",OS,OBC-NCL,Gender-Neutral,7148,8547
1,National Institute of Technology Meghalaya,"Civil Engineering (4 Years, Bachelor of Technology)",OS,OBC-NCL,Female-only (including Supernumerary),12413,12413
1,National Institute of Technology Meghalaya,"Civil Engineering (4 Years, Bachelor of Technology)",OS,SC,Gender-Neutral,4350,4833
1,National Institute of Technology Meghalaya,"Civil Engineering (4 Years, Bachelor of Technology)",OS,SC PwD,Gender-Neutral,223,223
1,National Institute of Technology Meghalaya,"Civil Engineering (4 Years, Bachelor of Technology)",OS,ST,Gender-Neutral,793,793
1,National Institute of Technology Meghalaya,"Computer Science and Engineering (4 Years, Bachelor of Technology)",HS,General,Female-only (including Supernumerary),59234,59234
1,National Institute of Technology Meghalaya,"Computer Science and Engineering (4 Years, Bachelor of Technology)",HS,General,Gender-Neutral,25606,25606
1,National Institute of Technology Meghalaya,"Computer Science and Engineering (4 Years, Bachelor of Technology)",HS,SC,Gender-Neutral,4808,12307
1,National Institute of Technology Meghalaya,"Computer Science and Engineering (4 Years, Bachelor of Technology)",HS,ST,Female-only (including Supernumerary),2251,4103
1,National Institute of Technology Meghalaya,"Computer Science and Engineering (4 Years, Bachelor of Technology)",HS,ST,Gender-Neutral,2973,10811
1,National Institute of Technology Meghalaya,"Computer Science and Engineering (4 Years, Bachelor of Technology)",OS,General,Female-only (including Supernumerary),16230,16230
1,National Institute of Technology Meghalaya,"Computer Science and Engineering (4 Years, Bachelor of Technology)",OS,General,Gender-Neutral,13623,15233
1,National Institute of Technology Meghalaya,"Computer Science and Engineering (4 Years, Bachelor of Technology)",OS,OBC-NCL,Female-only (including Supernumerary),8330,8330
1,National Institute of Technology Meghalaya,"Computer Science and Engineering (4 Years, Bachelor of Technology)",OS,OBC-NCL,Gender-Neutral,5382,5809
1,National Institute of Technology Meghalaya,"Computer Science and Engineering (4 Years, Bachelor of Technology)",OS,SC,Gender-Neutral,2447,2456
1,National Institute of Technology Meghalaya,"Computer Science and Engineering (4 Years, Bachelor of Technology)",OS,ST,Gender-Neutral,1651,1651
1,National Institute of Technology Meghalaya,"Electrical and Electronics Engineering (4 Years, Bachelor of Technology)",HS,General,Gender-Neutral,36816,36816
1,National Institute of Technology Meghalaya,"Electrical and Electronics Engineering (4 Years, Bachelor of Technology)",HS,General,Female-only (including Supernumerary),137327,137327
1,National Institute of Technology Meghalaya,"Electrical and Electronics Engineering (4 Years, Bachelor of Technology)",HS,SC,Gender-Neutral,13558,13558
1,National Institute of Technology Meghalaya,"Electrical and Electronics Engineering (4 Years, Bachelor of Technology)",HS,ST,Gender-Neutral,7634,11756
1,National Institute of Technology Meghalaya,"Electrical and Electronics Engineering (4 Years, Bachelor of Technology)",HS,ST,Female-only (including Supernumerary),5818,6575
1,National Institute of Technology Meghalaya,"Electrical and Electronics Engineering (4 Years, Bachelor of Technology)",OS,General,Gender-Neutral,21652,26014
1,National Institute of Technology Meghalaya,"Electrical and Electronics Engineering (4 Years, Bachelor of Technology)",OS,General,Female-only (including Supernumerary),29056,29056
1,National Institute of Technology Meghalaya,"Electrical and Electronics Engineering (4 Years, Bachelor of Technology)",OS,General PwD,Gender-Neutral,1412,1412
1,National Institute of Technology Meghalaya,"Electrical and Electronics Engineering (4 Years, Bachelor of Technology)",OS,OBC-NCL,Female-only (including Supernumerary),13185,13185
1,National Institute of Technology Meghalaya,"Electrical and Electronics Engineering (4 Years, Bachelor of Technology)",OS,OBC-NCL,Gender-Neutral,7686,8283
1,National Institute of Technology Meghalaya,"Electrical and Electronics Engineering (4 Years, Bachelor of Technology)",OS,SC,Gender-Neutral,3863,4812
1,National Institute of Technology Meghalaya,"Electrical and Electronics Engineering (4 Years, Bachelor of Technology)",OS,ST,Gender-Neutral,2263,2313
1,National Institute of Technology Meghalaya,"Electronics and Communication Engineering (4 Years, Bachelor of Technology)",HS,General,Female-only (including Supernumerary),81082,81082
1,National Institute of Technology Meghalaya,"Electronics and Communication Engineering (4 Years, Bachelor of Technology)",HS,General,Gender-Neutral,58403,83642
1,National Institute of Technology Meghalaya,"Electronics and Communication Engineering (4 Years, Bachelor of Technology)",HS,ST,Gender-Neutral,7689,12759
1,National Institute of Technology Meghalaya,"Electronics and Communication Engineering (4 Years, Bachelor of Technology)",HS,ST,Female-only (including Supernumerary),6914,8607
1,National Institute of Technology Meghalaya,"Electronics and Communication Engineering (4 Years, Bachelor of Technology)",OS,General,Female-only (including Supernumerary),25753,25753
1,National Institute of Technology Meghalaya,"Electronics and Communication Engineering (4 Years, Bachelor of Technology)",OS,General,Gender-Neutral,20274,22042
1,National Institute of Technology Meghalaya,"Electronics and Communication Engineering (4 Years, Bachelor of Technology)",OS,General PwD,Gender-Neutral,1329,1329
1,National Institute of Technology Meghalaya,"Electronics and Communication Engineering (4 Years, Bachelor of Technology)",OS,OBC-NCL,Female-only (including Supernumerary),9734,9734
1,National Institute of Technology Meghalaya,"Electronics and Communication Engineering (4 Years, Bachelor of Technology)",OS,OBC-NCL,Gender-Neutral,6584,6732
1,National Institute of Technology Meghalaya,"Electronics and Communication Engineering (4 Years, Bachelor of Technology)",OS,SC,Gender-Neutral,2733,2733
1,National Institute of Technology Meghalaya,"Electronics and Communication Engineering (4 Years, Bachelor of Technology)",OS,SC,Female-only (including Supernumerary),6380,6380
1,National Institute of Technology Meghalaya,"Electronics and Communication Engineering (4 Years, Bachelor of Technology)",OS,ST,Gender-Neutral,2350,2350
1,National Institute of Technology Meghalaya,"Mechanical Engineering (4 Years, Bachelor of Technology)",HS,General,Gender-Neutral,85945,90712
1,National Institute of Technology Meghalaya,"Mechanical Engineering (4 Years, Bachelor of Technology)",HS,SC,Gender-Neutral,26200,26200
1,National Institute of Technology Meghalaya,"Mechanical Engineering (4 Years, Bachelor of Technology)",HS,ST,Female-only (including Supernumerary),9467,17219
1,National Institute of Technology Meghalaya,"Mechanical Engineering (4 Years, Bachelor of Technology)",HS,ST,Gender-Neutral,3791,11014
1,National Institute of Technology Meghalaya,"Mechanical Engineering (4 Years, Bachelor of Technology)",OS,General,Gender-Neutral,22657,26052
1,National Institute of Technology Meghalaya,"Mechanical Engineering (4 Years, Bachelor of Technology)",OS,General,Female-only (including Supernumerary),30250,30250
1,National Institute of Technology Meghalaya,"Mechanical Engineering (4 Years, Bachelor of Technology)",OS,OBC-NCL,Female-only (including Supernumerary),13243,13243
1,National Institute of Technology Meghalaya,"Mechanical Engineering (4 Years, Bachelor of Technology)",OS,OBC-NCL,Gender-Neutral,7859,7875
1,National Institute of Technology Meghalaya,"Mechanical Engineering (4 Years, Bachelor of Technology)",OS,SC,Gender-Neutral,4066,4489
1,National Institute of Technology Meghalaya,"Mechanical Engineering (4 Years, Bachelor of Technology)",OS,ST,Gender-Neutral,1895,1895
1,National Institute of Technology Nagaland,"Civil Engineering (4 Years, Bachelor of Technology)",HS,ST,Female-only (including Supernumerary),1733,1873
1,National Institute of Technology Nagaland,"Civil Engineering (4 Years, Bachelor of Technology)",HS,ST,Gender-Neutral,2160,5272
1,National Institute of Technology Nagaland,"Civil Engineering (4 Years, Bachelor of Technology)",OS,General,Female-only (including Supernumerary),31283,31283
1,National Institute of Technology Nagaland,"Civil Engineering (4 Years, Bachelor of Technology)",OS,General,Gender-Neutral,29805,31269
1,National Institute of Technology Nagaland,"Civil Engineering (4 Years, Bachelor of Technology)",OS,OBC-NCL,Female-only (including Supernumerary),10531,10531
1,National Institute of Technology Nagaland,"Civil Engineering (4 Years, Bachelor of Technology)",OS,OBC-NCL,Gender-Neutral,9147,9192
1,National Institute of Technology Nagaland,"Civil Engineering (4 Years, Bachelor of Technology)",OS,OBC-NCL(PwD),Female-only (including Supernumerary),651,651
1,National Institute of Technology Nagaland,"Civil Engineering (4 Years, Bachelor of Technology)",OS,SC,Gender-Neutral,4908,5180
1,National Institute of Technology Nagaland,"Civil Engineering (4 Years, Bachelor of Technology)",OS,ST,Gender-Neutral,1416,1416
1,National Institute of Technology Nagaland,"Computer Science and Engineering (4 Years, Bachelor of Technology)",HS,ST,Gender-Neutral,5322,21837
1,National Institute of Technology Nagaland,"Computer Science and Engineering (4 Years, Bachelor of Technology)",HS,ST,Female-only (including Supernumerary),6123,11947
1,National Institute of Technology Nagaland,"Computer Science and Engineering (4 Years, Bachelor of Technology)",OS,General,Gender-Neutral,16692,18794
1,National Institute of Technology Nagaland,"Computer Science and Engineering (4 Years, Bachelor of Technology)",OS,General,Female-only (including Supernumerary),23907,23907
1,National Institute of Technology Nagaland,"Computer Science and Engineering (4 Years, Bachelor of Technology)",OS,OBC-NCL,Gender-Neutral,5819,6399
1,National Institute of Technology Nagaland,"Computer Science and Engineering (4 Years, Bachelor of Technology)",OS,SC,Gender-Neutral,2547,2888
1,National Institute of Technology Nagaland,"Computer Science and Engineering (4 Years, Bachelor of Technology)",OS,SC PwD,Gender-Neutral,157,157
1,National Institute of Technology Nagaland,"Computer Science and Engineering (4 Years, Bachelor of Technology)",OS,ST,Gender-Neutral,1831,1831
1,National Institute of Technology Nagaland,"Electrical and Electronics Engineering (4 Years, Bachelor of Technology)",HS,ST,Gender-Neutral,5447,16254
1,National Institute of Technology Nagaland,"Electrical and Electronics Engineering (4 Years, Bachelor of Technology)",HS,ST,Female-only (including Supernumerary),6204,8588
1,National Institute of Technology Nagaland,"Electrical and Electronics Engineering (4 Years, Bachelor of Technology)",OS,General,Female-only (including Supernumerary),35213,35213
1,National Institute of Technology Nagaland,"Electrical and Electronics Engineering (4 Years, Bachelor of Technology)",OS,General,Gender-Neutral,27150,29730
1,National Institute of Technology Nagaland,"Electrical and Electronics Engineering (4 Years, Bachelor of Technology)",OS,OBC-NCL,Gender-Neutral,9057,9406
1,National Institute of Technology Nagaland,"Electrical and Electronics Engineering (4 Years, Bachelor of Technology)",OS,SC,Gender-Neutral,5099,5444
1,National Institute of Technology Nagaland,"Electrical and Electronics Engineering (4 Years, Bachelor of Technology)",OS,ST,Gender-Neutral,2082,2082
1,National Institute of Technology Nagaland,"Electronics and Communication Engineering (4 Years, Bachelor of Technology)",HS,ST,Gender-Neutral,7272,37570
1,National Institute of Technology Nagaland,"Electronics and Communication Engineering (4 Years, Bachelor of Technology)",HS,ST,Female-only (including Supernumerary),3358,11710
1,National Institute of Technology Nagaland,"Electronics and Communication Engineering (4 Years, Bachelor of Technology)",OS,General,Female-only (including Supernumerary),27683,27683
1,National Institute of Technology Nagaland,"Electronics and Communication Engineering (4 Years, Bachelor of Technology)",OS,General,Gender-Neutral,22199,25545
1,National Institute of Technology Nagaland,"Electronics and Communication Engineering (4 Years, Bachelor of Technology)",OS,OBC-NCL,Gender-Neutral,6865,7266
1,National Institute of Technology Nagaland,"Electronics and Communication Engineering (4 Years, Bachelor of Technology)",OS,OBC-NCL(PwD),Gender-Neutral,525,525
1,National Institute of Technology Nagaland,"Electronics and Communication Engineering (4 Years, Bachelor of Technology)",OS,SC,Gender-Neutral,3424,4563
1,National Institute of Technology Nagaland,"Electronics and Communication Engineering (4 Years, Bachelor of Technology)",OS,ST,Female-only (including Supernumerary),4076,4076
1,National Institute of Technology Nagaland,"Electronics and Communication Engineering (4 Years, Bachelor of Technology)",OS,ST,Gender-Neutral,2232,2232
1,National Institute of Technology Nagaland,"Electronics and Instrumentation Engineering (4 Years, Bachelor of Technology)",HS,ST,Gender-Neutral,26263,26263
1,National Institute of Technology Nagaland,"Electronics and Instrumentation Engineering (4 Years, Bachelor of Technology)",OS,General,Gender-Neutral,30108,32333
1,National Institute of Technology Nagaland,"Electronics and Instrumentation Engineering (4 Years, Bachelor of Technology)",OS,General,Female-only (including Supernumerary),33932,33932
1,National Institute of Technology Nagaland,"Electronics and Instrumentation Engineering (4 Years, Bachelor of Technology)",OS,OBC-NCL,Female-only (including Supernumerary),11541,14967
1,National Institute of Technology Nagaland,"Electronics and Instrumentation Engineering (4 Years, Bachelor of Technology)",OS,OBC-NCL,Gender-Neutral,9895,10032
1,National Institute of Technology Nagaland,"Electronics and Instrumentation Engineering (4 Years, Bachelor of Technology)",OS,SC,Gender-Neutral,5241,5789
1,National Institute of Technology Nagaland,"Electronics and Instrumentation Engineering (4 Years, Bachelor of Technology)",OS,ST,Gender-Neutral,2520,2520
1,National Institute of Technology Nagaland,"Mechanical Engineering (4 Years, Bachelor of Technology)",HS,ST,Female-only (including Supernumerary),10406,12487
1,National Institute of Technology Nagaland,"Mechanical Engineering (4 Years, Bachelor of Technology)",HS,ST,Gender-Neutral,3046,34449
1,National Institute of Technology Nagaland,"Mechanical Engineering (4 Years, Bachelor of Technology)",OS,General,Female-only (including Supernumerary),32287,32287
1,National Institute of Technology Nagaland,"Mechanical Engineering (4 Years, Bachelor of Technology)",OS,General,Gender-Neutral,26133,28517
1,National Institute of Technology Nagaland,"Mechanical Engineering (4 Years, Bachelor of Technology)",OS,OBC-NCL,Gender-Neutral,8171,8582
1,National Institute of Technology Nagaland,"Mechanical Engineering (4 Years, Bachelor of Technology)",OS,OBC-NCL(PwD),Gender-Neutral,409,409
1,National Institute of Technology Nagaland,"Mechanical Engineering (4 Years, Bachelor of Technology)",OS,SC,Gender-Neutral,4809,4894
1,National Institute of Technology Nagaland,"Mechanical Engineering (4 Years, Bachelor of Technology)",OS,ST,Female-only (including Supernumerary),4184,4184
1,National Institute of Technology Patna,"Architecture (5 Years, Bachelor of Architecture)",HS,General,Gender-Neutral,1625,3040
1,National Institute of Technology Patna,"Architecture (5 Years, Bachelor of Architecture)",HS,General,Female-only (including Supernumerary),2149,2926
1,National Institute of Technology Patna,"Architecture (5 Years, Bachelor of Architecture)",HS,General PwD,Gender-Neutral,56,56
1,National Institute of Technology Patna,"Architecture (5 Years, Bachelor of Architecture)",HS,OBC-NCL,Gender-Neutral,855,985
1,National Institute of Technology Patna,"Architecture (5 Years, Bachelor of Architecture)",HS,OBC-NCL,Female-only (including Supernumerary),867,867
1,National Institute of Technology Patna,"Architecture (5 Years, Bachelor of Architecture)",HS,SC,Female-only (including Supernumerary),394,394
1,National Institute of Technology Patna,"Architecture (5 Years, Bachelor of Architecture)",HS,SC,Gender-Neutral,223,427
1,National Institute of Technology Patna,"Architecture (5 Years, Bachelor of Architecture)",HS,ST,Gender-Neutral,312,312
1,National Institute of Technology Patna,"Architecture (5 Years, Bachelor of Architecture)",OS,General,Female-only (including Supernumerary),1265,1438
1,National Institute of Technology Patna,"Architecture (5 Years, Bachelor of Architecture)",OS,General,Gender-Neutral,1169,1397
1,National Institute of Technology Patna,"Architecture (5 Years, Bachelor of Architecture)",OS,General PwD,Gender-Neutral,130,130
1,National Institute of Technology Patna,"Architecture (5 Years, Bachelor of Architecture)",OS,OBC-NCL,Female-only (including Supernumerary),550,550
1,National Institute of Technology Patna,"Architecture (5 Years, Bachelor of Architecture)",OS,OBC-NCL,Gender-Neutral,538,573
1,National Institute of Technology Patna,"Architecture (5 Years, Bachelor of Architecture)",OS,SC,Female-only (including Supernumerary),206,206
1,National Institute of Technology Patna,"Architecture (5 Years, Bachelor of Architecture)",OS,SC,Gender-Neutral,205,205
1,National Institute of Technology Patna,"Architecture (5 Years, Bachelor of Architecture)",OS,SC PwD,Gender-Neutral,21,21
1,National Institute of Technology Patna,"Architecture (5 Years, Bachelor of Architecture)",OS,ST,Gender-Neutral,114,114
1,National Institute of Technology Patna,"Chemistry (5 Years, Integrated Master of Science)",HS,General,Female-only (including Supernumerary),39741,39741
1,National Institute of Technology Patna,"Chemistry (5 Years, Integrated Master of Science)",HS,General,Gender-Neutral,29623,35904
1,National Institute of Technology Patna,"Chemistry (5 Years, Integrated Master of Science)",HS,OBC-NCL,Gender-Neutral,10072,11135
1,National Institute of Technology Patna,"Chemistry (5 Years, Integrated Master of Science)",HS,OBC-NCL,Female-only (including Supernumerary),13907,13907
1,National Institute of Technology Patna,"Chemistry (5 Years, Integrated Master of Science)",OS,General,Gender-Neutral,26015,29639
1,National Institute of Technology Patna,"Chemistry (5 Years, Integrated Master of Science)",OS,General,Female-only (including Supernumerary),24802,24802
1,National Institute of Technology Patna,"Chemistry (5 Years, Integrated Master of Science)",OS,OBC-NCL,Gender-Neutral,8442,8645
1,National Institute of Technology Patna,"Chemistry (5 Years, Integrated Master of Science)",OS,SC,Gender-Neutral,5139,5139
1,National Institute of Technology Patna,"Chemistry (5 Years, Integrated Master of Science)",OS,ST,Gender-Neutral,2627,2627
1,National Institute of Technology Patna,"Civil Engineering (4 Years, Bachelor of Technology)",HS,General,Female-only (including Supernumerary),33982,37895
1,National Institute of Technology Patna,"Civil Engineering (4 Years, Bachelor of Technology)",HS,General,Gender-Neutral,12164,26958
1,National Institute of Technology Patna,"Civil Engineering (4 Years, Bachelor of Technology)",HS,General PwD,Gender-Neutral,647,647
1,National Institute of Technology Patna,"Civil Engineering (4 Years, Bachelor of Technology)",HS,OBC-NCL,Female-only (including Supernumerary),12673,12819
1,National Institute of Technology Patna,"Civil Engineering (4 Years, Bachelor of Technology)",HS,OBC-NCL,Gender-Neutral,6716,7133
1,National Institute of Technology Patna,"Civil Engineering (4 Years, Bachelor of Technology)",HS,OBC-NCL(PwD),Gender-Neutral,335,335
1,National Institute of Technology Patna,"Civil Engineering (4 Years, Bachelor of Technology)",HS,SC,Female-only (including Supernumerary),6438,6438
1,National Institute of Technology Patna,"Civil Engineering (4 Years, Bachelor of Technology)",HS,SC,Gender-Neutral,2541,4302
1,National Institute of Technology Patna,"Civil Engineering (4 Years, Bachelor of Technology)",HS,ST,Female-only (including Supernumerary),11485,11485
1,National Institute of Technology Patna,"Civil Engineering (4 Years, Bachelor of Technology)",HS,ST,Gender-Neutral,320,1565
1,National Institute of Technology Patna,"Civil Engineering (4 Years, Bachelor of Technology)",OS,General,Female-only (including Supernumerary),26031,26886
1,National Institute of Technology Patna,"Civil Engineering (4 Years, Bachelor of Technology)",OS,General,Gender-Neutral,20420,23876
1,National Institute of Technology Patna,"Civil Engineering (4 Years, Bachelor of Technology)",OS,General PwD,Gender-Neutral,981,981
1,National Institute of Technology Patna,"Civil Engineering (4 Years, Bachelor of Technology)",OS,OBC-NCL,Female-only (including Supernumerary),10732,11032
1,National Institute of Technology Patna,"Civil Engineering (4 Years, Bachelor of Technology)",OS,OBC-NCL,Gender-Neutral,6256,6954
1,National Institute of Technology Patna,"Civil Engineering (4 Years, Bachelor of Technology)",OS,OBC-NCL(PwD),Gender-Neutral,391,391
1,National Institute of Technology Patna,"Civil Engineering (4 Years, Bachelor of Technology)",OS,SC,Gender-Neutral,2973,3727
1,National Institute of Technology Patna,"Civil Engineering (4 Years, Bachelor of Technology)",OS,SC,Female-only (including Supernumerary),3969,3969
1,National Institute of Technology Patna,"Civil Engineering (4 Years, Bachelor of Technology)",OS,ST,Female-only (including Supernumerary),2056,2056
1,National Institute of Technology Patna,"Civil Engineering (4 Years, Bachelor of Technology)",OS,ST,Gender-Neutral,842,907
1,National Institute of Technology Patna,"Computer Science and Engineering (4 Years, Bachelor of Technology)",HS,General,Female-only (including Supernumerary),14125,23096
1,National Institute of Technology Patna,"Computer Science and Engineering (4 Years, Bachelor of Technology)",HS,General,Gender-Neutral,9163,16102
1,National Institute of Technology Patna,"Computer Science and Engineering (4 Years, Bachelor of Technology)",HS,General PwD,Gender-Neutral,335,541
1,National Institute of Technology Patna,"Computer Science and Engineering (4 Years, Bachelor of Technology)",HS,OBC-NCL,Gender-Neutral,3612,4512
1,National Institute of Technology Patna,"Computer Science and Engineering (4 Years, Bachelor of Technology)",HS,OBC-NCL,Female-only (including Supernumerary),7213,8299
1,National Institute of Technology Patna,"Computer Science and Engineering (4 Years, Bachelor of Technology)",HS,OBC-NCL(PwD),Gender-Neutral,247,247
1,National Institute of Technology Patna,"Computer Science and Engineering (4 Years, Bachelor of Technology)",HS,SC,Female-only (including Supernumerary),2549,2549
1,National Institute of Technology Patna,"Computer Science and Engineering (4 Years, Bachelor of Technology)",HS,SC,Gender-Neutral,1393,2957
1,National Institute of Technology Patna,"Computer Science and Engineering (4 Years, Bachelor of Technology)",HS,SC PwD,Gender-Neutral,142,142
1,National Institute of Technology Patna,"Computer Science and Engineering (4 Years, Bachelor of Technology)",HS,ST,Female-only (including Supernumerary),1767,1767
1,National Institute of Technology Patna,"Computer Science and Engineering (4 Years, Bachelor of Technology)",HS,ST,Gender-Neutral,1252,1644
1,National Institute of Technology Patna,"Computer Science and Engineering (4 Years, Bachelor of Technology)",OS,General,Gender-Neutral,8288,11966
1,National Institute of Technology Patna,"Computer Science and Engineering (4 Years, Bachelor of Technology)",OS,General,Female-only (including Supernumerary),9499,15360
1,National Institute of Technology Patna,"Computer Science and Engineering (4 Years, Bachelor of Technology)",OS,General PwD,Gender-Neutral,206,439
1,National Institute of Technology Patna,"Computer Science and Engineering (4 Years, Bachelor of Technology)",OS,OBC-NCL,Female-only (including Supernumerary),6483,7226
1,National Institute of Technology Patna,"Computer Science and Engineering (4 Years, Bachelor of Technology)",OS,OBC-NCL,Gender-Neutral,2793,4201
1,National Institute of Technology Patna,"Computer Science and Engineering (4 Years, Bachelor of Technology)",OS,OBC-NCL(PwD),Gender-Neutral,154,154
1,National Institute of Technology Patna,"Computer Science and Engineering (4 Years, Bachelor of Technology)",OS,SC,Female-only (including Supernumerary),2524,2887
1,National Institute of Technology Patna,"Computer Science and Engineering (4 Years, Bachelor of Technology)",OS,SC,Gender-Neutral,1907,2364
1,National Institute of Technology Patna,"Computer Science and Engineering (4 Years, Bachelor of Technology)",OS,SC PwD,Gender-Neutral,110,110
1,National Institute of Technology Patna,"Computer Science and Engineering (4 Years, Bachelor of Technology)",OS,ST,Female-only (including Supernumerary),1209,1209
1,National Institute of Technology Patna,"Computer Science and Engineering (4 Years, Bachelor of Technology)",OS,ST,Gender-Neutral,1133,1392
1,National Institute of Technology Patna,"Electrical Engineering (4 Years, Bachelor of Technology)",HS,General,Female-only (including Supernumerary),25045,33266
1,National Institute of Technology Patna,"Electrical Engineering (4 Years, Bachelor of Technology)",HS,General,Gender-Neutral,15202,24648
1,National Institute of Technology Patna,"Electrical Engineering (4 Years, Bachelor of Technology)",HS,General PwD,Gender-Neutral,933,933
1,National Institute of Technology Patna,"Electrical Engineering (4 Years, Bachelor of Technology)",HS,OBC-NCL,Female-only (including Supernumerary),9514,9514
1,National Institute of Technology Patna,"Electrical Engineering (4 Years, Bachelor of Technology)",HS,OBC-NCL,Gender-Neutral,5958,6581
1,National Institute of Technology Patna,"Electrical Engineering (4 Years, Bachelor of Technology)",HS,OBC-NCL(PwD),Gender-Neutral,379,379
1,National Institute of Technology Patna,"Electrical Engineering (4 Years, Bachelor of Technology)",HS,SC,Gender-Neutral,3434,4919
1,National Institute of Technology Patna,"Electrical Engineering (4 Years, Bachelor of Technology)",HS,SC,Female-only (including Supernumerary),6212,6212
1,National Institute of Technology Patna,"Electrical Engineering (4 Years, Bachelor of Technology)",HS,SC PwD,Gender-Neutral,122,122
1,National Institute of Technology Patna,"Electrical Engineering (4 Years, Bachelor of Technology)",HS,ST,Gender-Neutral,1894,2423
1,National Institute of Technology Patna,"Electrical Engineering (4 Years, Bachelor of Technology)",HS,ST,Female-only (including Supernumerary),6357,6357
1,National Institute of Technology Patna,"Electrical Engineering (4 Years, Bachelor of Technology)",OS,General,Gender-Neutral,11562,18552
1,National Institute of Technology Patna,"Electrical Engineering (4 Years, Bachelor of Technology)",OS,General,Female-only (including Supernumerary),22249,24445
1,National Institute of Technology Patna,"Electrical Engineering (4 Years, Bachelor of Technology)",OS,General PwD,Gender-Neutral,753,753
1,National Institute of Technology Patna,"Electrical Engineering (4 Years, Bachelor of Technology)",OS,OBC-NCL,Female-only (including Supernumerary),9716,9896
1,National Institute of Technology Patna,"Electrical Engineering (4 Years, Bachelor of Technology)",OS,OBC-NCL,Gender-Neutral,5327,6387
1,National Institute of Technology Patna,"Electrical Engineering (4 Years, Bachelor of Technology)",OS,OBC-NCL(PwD),Gender-Neutral,404,404
1,National Institute of Technology Patna,"Electrical Engineering (4 Years, Bachelor of Technology)",OS,SC,Gender-Neutral,2570,3427
1,National Institute of Technology Patna,"Electrical Engineering (4 Years, Bachelor of Technology)",OS,SC,Female-only (including Supernumerary),4807,4807
1,National Institute of Technology Patna,"Electrical Engineering (4 Years, Bachelor of Technology)",OS,ST,Female-only (including Supernumerary),2529,2529
1,National Institute of Technology Patna,"Electrical Engineering (4 Years, Bachelor of Technology)",OS,ST,Gender-Neutral,1186,1447
1,National Institute of Technology Patna,"Electronics and Communication Engineering (4 Years, Bachelor of Technology)",HS,General,Gender-Neutral,16797,21405
1,National Institute of Technology Patna,"Electronics and Communication Engineering (4 Years, Bachelor of Technology)",HS,General,Female-only (including Supernumerary),24243,30296
1,National Institute of Technology Patna,"Electronics and Communication Engineering (4 Years, Bachelor of Technology)",HS,General PwD,Gender-Neutral,748,748
1,National Institute of Technology Patna,"Electronics and Communication Engineering (4 Years, Bachelor of Technology)",HS,OBC-NCL,Female-only (including Supernumerary),8461,10686
1,National Institute of Technology Patna,"Electronics and Communication Engineering (4 Years, Bachelor of Technology)",HS,OBC-NCL,Gender-Neutral,5024,5966
1,National Institute of Technology Patna,"Electronics and Communication Engineering (4 Years, Bachelor of Technology)",HS,OBC-NCL(PwD),Gender-Neutral,279,279
1,National Institute of Technology Patna,"Electronics and Communication Engineering (4 Years, Bachelor of Technology)",HS,SC,Gender-Neutral,3758,5080
1,National Institute of Technology Patna,"Electronics and Communication Engineering (4 Years, Bachelor of Technology)",HS,SC,Female-only (including Supernumerary),3671,3671
1,National Institute of Technology Patna,"Electronics and Communication Engineering (4 Years, Bachelor of Technology)",HS,ST,Female-only (including Supernumerary),7960,7960
1,National Institute of Technology Patna,"Electronics and Communication Engineering (4 Years, Bachelor of Technology)",HS,ST,Gender-Neutral,1782,2570
1,National Institute of Technology Patna,"Electronics and Communication Engineering (4 Years, Bachelor of Technology)",OS,General,Gender-Neutral,12428,16327
1,National Institute of Technology Patna,"Electronics and Communication Engineering (4 Years, Bachelor of Technology)",OS,General,Female-only (including Supernumerary),18932,19596
1,National Institute of Technology Patna,"Electronics and Communication Engineering (4 Years, Bachelor of Technology)",OS,General PwD,Gender-Neutral,900,947
1,National Institute of Technology Patna,"Electronics and Communication Engineering (4 Years, Bachelor of Technology)",OS,OBC-NCL,Female-only (including Supernumerary),8840,9448
1,National Institute of Technology Patna,"Electronics and Communication Engineering (4 Years, Bachelor of Technology)",OS,OBC-NCL,Gender-Neutral,3907,5865
1,National Institute of Technology Patna,"Electronics and Communication Engineering (4 Years, Bachelor of Technology)",OS,OBC-NCL(PwD),Gender-Neutral,375,375
1,National Institute of Technology Patna,"Electronics and Communication Engineering (4 Years, Bachelor of Technology)",OS,SC,Gender-Neutral,3108,3796
1,National Institute of Technology Patna,"Electronics and Communication Engineering (4 Years, Bachelor of Technology)",OS,SC,Female-only (including Supernumerary),3809,5479
1,National Institute of Technology Patna,"Electronics and Communication Engineering (4 Years, Bachelor of Technology)",OS,ST,Gender-Neutral,1470,1701
1,National Institute of Technology Patna,"Electronics and Communication Engineering (4 Years, Bachelor of Technology)",OS,ST,Female-only (including Supernumerary),3053,3053
1,National Institute of Technology Patna,"Mathematics (5 Years, Integrated Master of Science)",HS,General,Female-only (including Supernumerary),43919,43919
1,National Institute of Technology Patna,"Mathematics (5 Years, Integrated Master of Science)",HS,General,Gender-Neutral,30324,33934
1,National Institute of Technology Patna,"Mathematics (5 Years, Integrated Master of Science)",HS,General PwD,Gender-Neutral,771,771
1,National Institute of Technology Patna,"Mathematics (5 Years, Integrated Master of Science)",HS,OBC-NCL,Female-only (including Supernumerary),15280,15280
1,National Institute of Technology Patna,"Mathematics (5 Years, Integrated Master of Science)",HS,OBC-NCL,Gender-Neutral,9291,9723
1,National Institute of Technology Patna,"Mathematics (5 Years, Integrated Master of Science)",HS,SC,Gender-Neutral,6395,6395
1,National Institute of Technology Patna,"Mathematics (5 Years, Integrated Master of Science)",OS,General,Gender-Neutral,23684,24708
1,National Institute of Technology Patna,"Mathematics (5 Years, Integrated Master of Science)",OS,General,Female-only (including Supernumerary),27761,27761
1,National Institute of Technology Patna,"Mathematics (5 Years, Integrated Master of Science)",OS,OBC-NCL,Gender-Neutral,7068,8931
1,National Institute of Technology Patna,"Mathematics (5 Years, Integrated Master of Science)",OS,OBC-NCL,Female-only (including Supernumerary),11882,11882
1,National Institute of Technology Patna,"Mathematics (5 Years, Integrated Master of Science)",OS,SC,Gender-Neutral,4068,4068
1,National Institute of Technology Patna,"Mechanical Engineering (4 Years, Bachelor of Technology)",HS,General,Gender-Neutral,11460,25484
1,National Institute of Technology Patna,"Mechanical Engineering (4 Years, Bachelor of Technology)",HS,General,Female-only (including Supernumerary),32695,34745
1,National Institute of Technology Patna,"Mechanical Engineering (4 Years, Bachelor of Technology)",HS,General PwD,Gender-Neutral,746,746
1,National Institute of Technology Patna,"Mechanical Engineering (4 Years, Bachelor of Technology)",HS,OBC-NCL,Gender-Neutral,6230,6947
1,National Institute of Technology Patna,"Mechanical Engineering (4 Years, Bachelor of Technology)",HS,OBC-NCL,Female-only (including Supernumerary),12034,12066
1,National Institute of Technology Patna,"Mechanical Engineering (4 Years, Bachelor of Technology)",HS,OBC-NCL(PwD),Gender-Neutral,446,446
1,National Institute of Technology Patna,"Mechanical Engineering (4 Years, Bachelor of Technology)",HS,SC,Female-only (including Supernumerary),6642,6642
1,National Institute of Technology Patna,"Mechanical Engineering (4 Years, Bachelor of Technology)",HS,SC,Gender-Neutral,3157,4750
1,National Institute of Technology Patna,"Mechanical Engineering (4 Years, Bachelor of Technology)",HS,ST,Female-only (including Supernumerary),9787,9787
1,National Institute of Technology Patna,"Mechanical Engineering (4 Years, Bachelor of Technology)",HS,ST,Gender-Neutral,1528,1891
1,National Institute of Technology Patna,"Mechanical Engineering (4 Years, Bachelor of Technology)",OS,General,Female-only (including Supernumerary),22209,24552
1,National Institute of Technology Patna,"Mechanical Engineering (4 Years, Bachelor of Technology)",OS,General,Gender-Neutral,16486,19366
1,National Institute of Technology Patna,"Mechanical Engineering (4 Years, Bachelor of Technology)",OS,General PwD,Gender-Neutral,963,963
1,National Institute of Technology Patna,"Mechanical Engineering (4 Years, Bachelor of Technology)",OS,OBC-NCL,Gender-Neutral,4900,6520
1,National Institute of Technology Patna,"Mechanical Engineering (4 Years, Bachelor of Technology)",OS,OBC-NCL,Female-only (including Supernumerary),11148,12256
1,National Institute of Technology Patna,"Mechanical Engineering (4 Years, Bachelor of Technology)",OS,OBC-NCL(PwD),Gender-Neutral,400,400
1,National Institute of Technology Patna,"Mechanical Engineering (4 Years, Bachelor of Technology)",OS,SC,Female-only (including Supernumerary),6321,6321
1,National Institute of Technology Patna,"Mechanical Engineering (4 Years, Bachelor of Technology)",OS,SC,Gender-Neutral,2152,3506
1,National Institute of Technology Patna,"Mechanical Engineering (4 Years, Bachelor of Technology)",OS,ST,Gender-Neutral,1005,1500
1,National Institute of Technology Patna,"Mechanical Engineering (4 Years, Bachelor of Technology)",OS,ST,Female-only (including Supernumerary),3849,3849
1,National Institute of Technology Patna,"Physics (5 Years, Integrated Master of Science)",HS,General,Gender-Neutral,33554,36195
1,National Institute of Technology Patna,"Physics (5 Years, Integrated Master of Science)",HS,General PwD,Gender-Neutral,2040,2040
1,National Institute of Technology Patna,"Physics (5 Years, Integrated Master of Science)",HS,OBC-NCL,Gender-Neutral,9232,10749
1,National Institute of Technology Patna,"Physics (5 Years, Integrated Master of Science)",HS,SC,Gender-Neutral,5809,5809
1,National Institute of Technology Patna,"Physics (5 Years, Integrated Master of Science)",HS,SC,Female-only (including Supernumerary),8332,8332
1,National Institute of Technology Patna,"Physics (5 Years, Integrated Master of Science)",HS,ST,Gender-Neutral,3864,3864
1,National Institute of Technology Patna,"Physics (5 Years, Integrated Master of Science)",OS,General,Gender-Neutral,13704,21488
1,National Institute of Technology Patna,"Physics (5 Years, Integrated Master of Science)",OS,General,Female-only (including Supernumerary),26221,26221
1,National Institute of Technology Patna,"Physics (5 Years, Integrated Master of Science)",OS,General PwD,Gender-Neutral,560,560
1,National Institute of Technology Patna,"Physics (5 Years, Integrated Master of Science)",OS,OBC-NCL,Gender-Neutral,7468,8341
1,National Institute of Technology Patna,"Physics (5 Years, Integrated Master of Science)",OS,SC,Gender-Neutral,3712,3712
1,National Institute of Technology Patna,"Physics (5 Years, Integrated Master of Science)",OS,ST,Gender-Neutral,3113,3113
1,National Institute of Technology Puducherry,"Civil Engineering (4 Years, Bachelor of Technology)",HS,General,Gender-Neutral,68198,118584
1,National Institute of Technology Puducherry,"Civil Engineering (4 Years, Bachelor of Technology)",HS,General,Female-only (including Supernumerary),141135,145935
1,National Institute of Technology Puducherry,"Civil Engineering (4 Years, Bachelor of Technology)",HS,OBC-NCL,Female-only (including Supernumerary),46220,46220
1,National Institute of Technology Puducherry,"Civil Engineering (4 Years, Bachelor of Technology)",HS,OBC-NCL,Gender-Neutral,37680,45841
1,National Institute of Technology Puducherry,"Civil Engineering (4 Years, Bachelor of Technology)",HS,SC,Gender-Neutral,11784,11784
1,National Institute of Technology Puducherry,"Civil Engineering (4 Years, Bachelor of Technology)",HS,ST,Gender-Neutral,9381,9381
1,National Institute of Technology Puducherry,"Civil Engineering (4 Years, Bachelor of Technology)",OS,General,Gender-Neutral,6019,21611
1,National Institute of Technology Puducherry,"Civil Engineering (4 Years, Bachelor of Technology)",OS,General,Female-only (including Supernumerary),22549,24677
1,National Institute of Technology Puducherry,"Civil Engineering (4 Years, Bachelor of Technology)",OS,OBC-NCL,Female-only (including Supernumerary),8204,8204
1,National Institute of Technology Puducherry,"Civil Engineering (4 Years, Bachelor of Technology)",OS,OBC-NCL,Gender-Neutral,6501,6771
1,National Institute of Technology Puducherry,"Civil Engineering (4 Years, Bachelor of Technology)",OS,SC,Gender-Neutral,3493,3527
1,National Institute of Technology Puducherry,"Civil Engineering (4 Years, Bachelor of Technology)",OS,ST,Gender-Neutral,903,903
1,National Institute of Technology Puducherry,"Computer Science and Engineering (4 Years, Bachelor of Technology)",HS,General,Female-only (including Supernumerary),99103,107156
1,National Institute of Technology Puducherry,"Computer Science and Engineering (4 Years, Bachelor of Technology)",HS,General,Gender-Neutral,30047,67708
1,National Institute of Technology Puducherry,"Computer Science and Engineering (4 Years, Bachelor of Technology)",HS,OBC-NCL,Gender-Neutral,25245,39946
1,National Institute of Technology Puducherry,"Computer Science and Engineering (4 Years, Bachelor of Technology)",HS,OBC-NCL,Female-only (including Supernumerary),38430,38430
1,National Institute of Technology Puducherry,"Computer Science and Engineering (4 Years, Bachelor of Technology)",HS,SC,Gender-Neutral,11643,14180
1,National Institute of Technology Puducherry,"Computer Science and Engineering (4 Years, Bachelor of Technology)",HS,SC,Female-only (including Supernumerary),15873,15873
1,National Institute of Technology Puducherry,"Computer Science and Engineering (4 Years, Bachelor of Technology)",OS,General,Gender-Neutral,7882,11661
1,National Institute of Technology Puducherry,"Computer Science and Engineering (4 Years, Bachelor of Technology)",OS,General,Female-only (including Supernumerary),10932,14373
1,National Institute of Technology Puducherry,"Computer Science and Engineering (4 Years, Bachelor of Technology)",OS,OBC-NCL,Gender-Neutral,2565,4636
1,National Institute of Technology Puducherry,"Computer Science and Engineering (4 Years, Bachelor of Technology)",OS,OBC-NCL,Female-only (including Supernumerary),4520,4520
1,National Institute of Technology Puducherry,"Computer Science and Engineering (4 Years, Bachelor of Technology)",OS,OBC-NCL(PwD),Gender-Neutral,64,64
1,National Institute of Technology Puducherry,"Computer Science and Engineering (4 Years, Bachelor of Technology)",OS,SC,Gender-Neutral,1814,2068
1,National Institute of Technology Puducherry,"Computer Science and Engineering (4 Years, Bachelor of Technology)",OS,SC,Female-only (including Supernumerary),2175,2175
1,National Institute of Technology Puducherry,"Computer Science and Engineering (4 Years, Bachelor of Technology)",OS,ST,Gender-Neutral,752,864
1,National Institute of Technology Puducherry,"Electrical and Electronics Engineering (4 Years, Bachelor of Technology)",HS,General,Gender-Neutral,30659,126544
1,National Institute of Technology Puducherry,"Electrical and Electronics Engineering (4 Years, Bachelor of Technology)",HS,General,Female-only (including Supernumerary),79426,131048
1,National Institute of Technology Puducherry,"Electrical and Electronics Engineering (4 Years, Bachelor of Technology)",HS,OBC-NCL,Female-only (including Supernumerary),40090,40958
1,National Institute of Technology Puducherry,"Electrical and Electronics Engineering (4 Years, Bachelor of Technology)",HS,OBC-NCL,Gender-Neutral,41233,44779
1,National Institute of Technology Puducherry,"Electrical and Electronics Engineering (4 Years, Bachelor of Technology)",HS,SC,Female-only (including Supernumerary),21714,21714
1,National Institute of Technology Puducherry,"Electrical and Electronics Engineering (4 Years, Bachelor of Technology)",HS,SC,Gender-Neutral,6495,14087
1,National Institute of Technology Puducherry,"Electrical and Electronics Engineering (4 Years, Bachelor of Technology)",HS,ST,Gender-Neutral,27984,27984
1,National Institute of Technology Puducherry,"Electrical and Electronics Engineering (4 Years, Bachelor of Technology)",OS,General,Female-only (including Supernumerary),18903,20352
1,National Institute of Technology Puducherry,"Electrical and Electronics Engineering (4 Years, Bachelor of Technology)",OS,General,Gender-Neutral,15970,18746
1,National Institute of Technology Puducherry,"Electrical and Electronics Engineering (4 Years, Bachelor of Technology)",OS,OBC-NCL,Gender-Neutral,5761,6394
1,National Institute of Technology Puducherry,"Electrical and Electronics Engineering (4 Years, Bachelor of Technology)",OS,OBC-NCL,Female-only (including Supernumerary),5328,5328
1,National Institute of Technology Puducherry,"Electrical and Electronics Engineering (4 Years, Bachelor of Technology)",OS,SC,Female-only (including Supernumerary),3661,3661
1,National Institute of Technology Puducherry,"Electrical and Electronics Engineering (4 Years, Bachelor of Technology)",OS,SC,Gender-Neutral,2882,3604
1,National Institute of Technology Puducherry,"Electrical and Electronics Engineering (4 Years, Bachelor of Technology)",OS,ST,Female-only (including Supernumerary),2155,2155
1,National Institute of Technology Puducherry,"Electrical and Electronics Engineering (4 Years, Bachelor of Technology)",OS,ST,Gender-Neutral,1044,1044
1,National Institute of Technology Puducherry,"Electronics and Communication Engineering (4 Years, Bachelor of Technology)",HS,General,Female-only (including Supernumerary),73527,107250
1,National Institute of Technology Puducherry,"Electronics and Communication Engineering (4 Years, Bachelor of Technology)",HS,General,Gender-Neutral,33078,89719
1,National Institute of Technology Puducherry,"Electronics and Communication Engineering (4 Years, Bachelor of Technology)",HS,OBC-NCL,Female-only (including Supernumerary),31227,32680
1,National Institute of Technology Puducherry,"Electronics and Communication Engineering (4 Years, Bachelor of Technology)",HS,OBC-NCL,Gender-Neutral,27582,32863
1,National Institute of Technology Puducherry,"Electronics and Communication Engineering (4 Years, Bachelor of Technology)",HS,SC,Female-only (including Supernumerary),16320,16320
1,National Institute of Technology Puducherry,"Electronics and Communication Engineering (4 Years, Bachelor of Technology)",HS,SC,Gender-Neutral,12227,17042
1,National Institute of Technology Puducherry,"Electronics and Communication Engineering (4 Years, Bachelor of Technology)",OS,General,Gender-Neutral,8098,14840
1,National Institute of Technology Puducherry,"Electronics and Communication Engineering (4 Years, Bachelor of Technology)",OS,General,Female-only (including Supernumerary),13784,16443
1,National Institute of Technology Puducherry,"Electronics and Communication Engineering (4 Years, Bachelor of Technology)",OS,OBC-NCL,Gender-Neutral,5364,5889
1,National Institute of Technology Puducherry,"Electronics and Communication Engineering (4 Years, Bachelor of Technology)",OS,OBC-NCL,Female-only (including Supernumerary),5872,5872
1,National Institute of Technology Puducherry,"Electronics and Communication Engineering (4 Years, Bachelor of Technology)",OS,SC,Gender-Neutral,1871,2393
1,National Institute of Technology Puducherry,"Electronics and Communication Engineering (4 Years, Bachelor of Technology)",OS,SC,Female-only (including Supernumerary),2243,2243
1,National Institute of Technology Puducherry,"Electronics and Communication Engineering (4 Years, Bachelor of Technology)",OS,ST,Female-only (including Supernumerary),2079,2079
1,National Institute of Technology Puducherry,"Electronics and Communication Engineering (4 Years, Bachelor of Technology)",OS,ST,Gender-Neutral,807,807
1,National Institute of Technology Puducherry,"Electronics and Communication Engineering (4 Years, Bachelor of Technology)",OS,ST PwD,Gender-Neutral,24,24
1,National Institute of Technology Puducherry,"Mechanical Engineering (4 Years, Bachelor of Technology)",HS,General,Female-only (including Supernumerary),121167,121167
1,National Institute of Technology Puducherry,"Mechanical Engineering (4 Years, Bachelor of Technology)",HS,General,Gender-Neutral,39519,65326
1,National Institute of Technology Puducherry,"Mechanical Engineering (4 Years, Bachelor of Technology)",HS,OBC-NCL,Female-only (including Supernumerary),47815,47815
1,National Institute of Technology Puducherry,"Mechanical Engineering (4 Years, Bachelor of Technology)",HS,OBC-NCL,Gender-Neutral,21751,35588
1,National Institute of Technology Puducherry,"Mechanical Engineering (4 Years, Bachelor of Technology)",HS,SC,Gender-Neutral,5577,8453
1,National Institute of Technology Puducherry,"Mechanical Engineering (4 Years, Bachelor of Technology)",OS,General,Female-only (including Supernumerary),21919,21919
1,National Institute of Technology Puducherry,"Mechanical Engineering (4 Years, Bachelor of Technology)",OS,General,Gender-Neutral,11407,17356
1,National Institute of Technology Puducherry,"Mechanical Engineering (4 Years, Bachelor of Technology)",OS,OBC-NCL,Gender-Neutral,5573,6049
1,National Institute of Technology Puducherry,"Mechanical Engineering (4 Years, Bachelor of Technology)",OS,OBC-NCL,Female-only (including Supernumerary),6132,6132
1,National Institute of Technology Puducherry,"Mechanical Engineering (4 Years, Bachelor of Technology)",OS,SC,Female-only (including Supernumerary),3432,3432
1,National Institute of Technology Puducherry,"Mechanical Engineering (4 Years, Bachelor of Technology)",OS,SC,Gender-Neutral,2284,2284
1,National Institute of Technology Puducherry,"Mechanical Engineering (4 Years, Bachelor of Technology)",OS,ST,Gender-Neutral,1134,1134
1,National Institute of Technology Raipur,"Architecture (5 Years, Bachelor of Architecture)",HS,General,Gender-Neutral,1452,4443
1,National Institute of Technology Raipur,"Architecture (5 Years, Bachelor of Architecture)",HS,General,Female-only (including Supernumerary),931,2213
1,National Institute of Technology Raipur,"Architecture (5 Years, Bachelor of Architecture)",HS,OBC-NCL,Female-only (including Supernumerary),1095,1289
1,National Institute of Technology Raipur,"Architecture (5 Years, Bachelor of Architecture)",HS,OBC-NCL,Gender-Neutral,1364,2707
1,National Institute of Technology Raipur,"Architecture (5 Years, Bachelor of Architecture)",HS,SC,Gender-Neutral,361,597
1,National Institute of Technology Raipur,"Architecture (5 Years, Bachelor of Architecture)",HS,SC,Female-only (including Supernumerary),1521,1521
1,National Institute of Technology Raipur,"Architecture (5 Years, Bachelor of Architecture)",HS,ST,Gender-Neutral,250,478
1,National Institute of Technology Raipur,"Architecture (5 Years, Bachelor of Architecture)",HS,ST,Female-only (including Supernumerary),107,107
1,National Institute of Technology Raipur,"Architecture (5 Years, Bachelor of Architecture)",OS,General,Gender-Neutral,294,1383
1,National Institute of Technology Raipur,"Architecture (5 Years, Bachelor of Architecture)",OS,General,Female-only (including Supernumerary),1131,1241
1,National Institute of Technology Raipur,"Architecture (5 Years, Bachelor of Architecture)",OS,General PwD,Gender-Neutral,38,38
1,National Institute of Technology Raipur,"Architecture (5 Years, Bachelor of Architecture)",OS,OBC-NCL,Gender-Neutral,396,510
1,National Institute of Technology Raipur,"Architecture (5 Years, Bachelor of Architecture)",OS,OBC-NCL,Female-only (including Supernumerary),526,536
1,National Institute of Technology Raipur,"Architecture (5 Years, Bachelor of Architecture)",OS,SC,Female-only (including Supernumerary),164,164
1,National Institute of Technology Raipur,"Architecture (5 Years, Bachelor of Architecture)",OS,SC,Gender-Neutral,125,171
1,National Institute of Technology Raipur,"Architecture (5 Years, Bachelor of Architecture)",OS,ST,Gender-Neutral,111,129
1,National Institute of Technology Raipur,"Bio Medical Engineering (4 Years, Bachelor of Technology)",HS,General,Female-only (including Supernumerary),77091,88405
1,National Institute of Technology Raipur,"Bio Medical Engineering (4 Years, Bachelor of Technology)",HS,General,Gender-Neutral,69369,87730
1,National Institute of Technology Raipur,"Bio Medical Engineering (4 Years, Bachelor of Technology)",HS,OBC-NCL,Female-only (including Supernumerary),42515,42515
1,National Institute of Technology Raipur,"Bio Medical Engineering (4 Years, Bachelor of Technology)",HS,OBC-NCL,Gender-Neutral,25286,29613
1,National Institute of Technology Raipur,"Bio Medical Engineering (4 Years, Bachelor of Technology)",HS,SC,Gender-Neutral,10974,12696
1,National Institute of Technology Raipur,"Bio Medical Engineering (4 Years, Bachelor of Technology)",HS,SC,Female-only (including Supernumerary),21719,21719
1,National Institute of Technology Raipur,"Bio Medical Engineering (4 Years, Bachelor of Technology)",HS,ST,Gender-Neutral,2939,3071
1,National Institute of Technology Raipur,"Bio Medical Engineering (4 Years, Bachelor of Technology)",OS,General,Female-only (including Supernumerary),17186,28616
1,National Institute of Technology Raipur,"Bio Medical Engineering (4 Years, Bachelor of Technology)",OS,General,Gender-Neutral,23515,31514
1,National Institute of Technology Raipur,"Bio Medical Engineering (4 Years, Bachelor of Technology)",OS,General PwD,Gender-Neutral,1231,1231
1,National Institute of Technology Raipur,"Bio Medical Engineering (4 Years, Bachelor of Technology)",OS,OBC-NCL,Gender-Neutral,9113,9858
1,National Institute of Technology Raipur,"Bio Medical Engineering (4 Years, Bachelor of Technology)",OS,OBC-NCL,Female-only (including Supernumerary),8416,8416
1,National Institute of Technology Raipur,"Bio Medical Engineering (4 Years, Bachelor of Technology)",OS,OBC-NCL(PwD),Gender-Neutral,554,554
1,National Institute of Technology Raipur,"Bio Medical Engineering (4 Years, Bachelor of Technology)",OS,SC,Gender-Neutral,4685,5928
1,National Institute of Technology Raipur,"Bio Medical Engineering (4 Years, Bachelor of Technology)",OS,ST,Gender-Neutral,2060,2393
1,National Institute of Technology Raipur,"Bio Medical Engineering (4 Years, Bachelor of Technology)",OS,ST,Female-only (including Supernumerary),4289,4289
1,National Institute of Technology Raipur,"Bio Technology (4 Years, Bachelor of Technology)",HS,General,Female-only (including Supernumerary),42175,71431
1,National Institute of Technology Raipur,"Bio Technology (4 Years, Bachelor of Technology)",HS,General,Gender-Neutral,56078,74111
1,National Institute of Technology Raipur,"Bio Technology (4 Years, Bachelor of Technology)",HS,OBC-NCL,Female-only (including Supernumerary),29244,37894
1,National Institute of Technology Raipur,"Bio Technology (4 Years, Bachelor of Technology)",HS,OBC-NCL,Gender-Neutral,27323,29046
1,National Institute of Technology Raipur,"Bio Technology (4 Years, Bachelor of Technology)",HS,SC,Female-only (including Supernumerary),13839,13839
1,National Institute of Technology Raipur,"Bio Technology (4 Years, Bachelor of Technology)",HS,SC,Gender-Neutral,6856,12522
1,National Institute of Technology Raipur,"Bio Technology (4 Years, Bachelor of Technology)",HS,ST,Gender-Neutral,2790,2790
1,National Institute of Technology Raipur,"Bio Technology (4 Years, Bachelor of Technology)",HS,ST,Female-only (including Supernumerary),1934,1934
1,National Institute of Technology Raipur,"Bio Technology (4 Years, Bachelor of Technology)",OS,General,Female-only (including Supernumerary),23412,25359
1,National Institute of Technology Raipur,"Bio Technology (4 Years, Bachelor of Technology)",OS,General,Gender-Neutral,5976,30043
1,National Institute of Technology Raipur,"Bio Technology (4 Years, Bachelor of Technology)",OS,General PwD,Gender-Neutral,1293,1293
1,National Institute of Technology Raipur,"Bio Technology (4 Years, Bachelor of Technology)",OS,General PwD,Female-only (including Supernumerary),803,803
1,National Institute of Technology Raipur,"Bio Technology (4 Years, Bachelor of Technology)",OS,OBC-NCL,Female-only (including Supernumerary),10642,10655
1,National Institute of Technology Raipur,"Bio Technology (4 Years, Bachelor of Technology)",OS,OBC-NCL,Gender-Neutral,8764,9479
1,National Institute of Technology Raipur,"Bio Technology (4 Years, Bachelor of Technology)",OS,SC,Female-only (including Supernumerary),5727,5727
1,National Institute of Technology Raipur,"Bio Technology (4 Years, Bachelor of Technology)",OS,SC,Gender-Neutral,4457,4823
1,National Institute of Technology Raipur,"Bio Technology (4 Years, Bachelor of Technology)",OS,ST,Gender-Neutral,1743,1888
1,National Institute of Technology Raipur,"Chemical Engineering (4 Years, Bachelor of Technology)",HS,General,Female-only (including Supernumerary),27305,47506
1,National Institute of Technology Raipur,"Chemical Engineering (4 Years, Bachelor of Technology)",HS,General,Gender-Neutral,38970,50169
1,National Institute of Technology Raipur,"Chemical Engineering (4 Years, Bachelor of Technology)",HS,General PwD,Gender-Neutral,1738,1738
1,National Institute of Technology Raipur,"Chemical Engineering (4 Years, Bachelor of Technology)",HS,OBC-NCL,Gender-Neutral,19294,22276
1,National Institute of Technology Raipur,"Chemical Engineering (4 Years, Bachelor of Technology)",HS,OBC-NCL,Female-only (including Supernumerary),27990,30817
1,National Institute of Technology Raipur,"Chemical Engineering (4 Years, Bachelor of Technology)",HS,SC,Gender-Neutral,6351,8416
1,National Institute of Technology Raipur,"Chemical Engineering (4 Years, Bachelor of Technology)",HS,SC,Female-only (including Supernumerary),9557,9557
1,National Institute of Technology Raipur,"Chemical Engineering (4 Years, Bachelor of Technology)",HS,ST,Gender-Neutral,2053,2119
1,National Institute of Technology Raipur,"Chemical Engineering (4 Years, Bachelor of Technology)",HS,ST,Female-only (including Supernumerary),3810,3810
1,National Institute of Technology Raipur,"Chemical Engineering (4 Years, Bachelor of Technology)",OS,General,Female-only (including Supernumerary),24511,25240
1,National Institute of Technology Raipur,"Chemical Engineering (4 Years, Bachelor of Technology)",OS,General,Gender-Neutral,19692,22446
1,National Institute of Technology Raipur,"Chemical Engineering (4 Years, Bachelor of Technology)",OS,General PwD,Gender-Neutral,798,798
1,National Institute of Technology Raipur,"Chemical Engineering (4 Years, Bachelor of Technology)",OS,OBC-NCL,Female-only (including Supernumerary),9641,9773
1,National Institute of Technology Raipur,"Chemical Engineering (4 Years, Bachelor of Technology)",OS,OBC-NCL,Gender-Neutral,6796,7025
1,National Institute of Technology Raipur,"Chemical Engineering (4 Years, Bachelor of Technology)",OS,SC,Female-only (including Supernumerary),5113,5113
1,National Institute of Technology Raipur,"Chemical Engineering (4 Years, Bachelor of Technology)",OS,SC,Gender-Neutral,4099,4641
1,National Institute of Technology Raipur,"Chemical Engineering (4 Years, Bachelor of Technology)",OS,ST,Gender-Neutral,1568,1568
1,National Institute of Technology Raipur,"Civil Engineering (4 Years, Bachelor of Technology)",HS,General,Gender-Neutral,23862,47155
1,National Institute of Technology Raipur,"Civil Engineering (4 Years, Bachelor of Technology)",HS,General,Female-only (including Supernumerary),37121,45570
1,National Institute of Technology Raipur,"Civil Engineering (4 Years, Bachelor of Technology)",HS,OBC-NCL,Female-only (including Supernumerary),19822,28863
1,National Institute of Technology Raipur,"Civil Engineering (4 Years, Bachelor of Technology)",HS,OBC-NCL,Gender-Neutral,14799,18298
1,National Institute of Technology Raipur,"Civil Engineering (4 Years, Bachelor of Technology)",HS,SC,Female-only (including Supernumerary),7594,7594
1,National Institute of Technology Raipur,"Civil Engineering (4 Years, Bachelor of Technology)",HS,SC,Gender-Neutral,3961,6668
1,National Institute of Technology Raipur,"Civil Engineering (4 Years, Bachelor of Technology)",HS,ST,Gender-Neutral,598,1547
1,National Institute of Technology Raipur,"Civil Engineering (4 Years, Bachelor of Technology)",HS,ST,Female-only (including Supernumerary),1261,1261
1,National Institute of Technology Raipur,"Civil Engineering (4 Years, Bachelor of Technology)",OS,General,Female-only (including Supernumerary),24718,25475
1,National Institute of Technology Raipur,"Civil Engineering (4 Years, Bachelor of Technology)",OS,General,Gender-Neutral,18171,21138
1,National Institute of Technology Raipur,"Civil Engineering (4 Years, Bachelor of Technology)",OS,General PwD,Gender-Neutral,765,765
1,National Institute of Technology Raipur,"Civil Engineering (4 Years, Bachelor of Technology)",OS,OBC-NCL,Gender-Neutral,5351,6371
1,National Institute of Technology Raipur,"Civil Engineering (4 Years, Bachelor of Technology)",OS,OBC-NCL,Female-only (including Supernumerary),8083,8808
1,National Institute of Technology Raipur,"Civil Engineering (4 Years, Bachelor of Technology)",OS,OBC-NCL(PwD),Gender-Neutral,384,384
1,National Institute of Technology Raipur,"Civil Engineering (4 Years, Bachelor of Technology)",OS,SC,Female-only (including Supernumerary),4438,4438
1,National Institute of Technology Raipur,"Civil Engineering (4 Years, Bachelor of Technology)",OS,SC,Gender-Neutral,2914,3416
1,National Institute of Technology Raipur,"Civil Engineering (4 Years, Bachelor of Technology)",OS,ST,Gender-Neutral,956,997
1,National Institute of Technology Raipur,"Computer Science and Engineering (4 Years, Bachelor of Technology)",HS,General,Female-only (including Supernumerary),12839,22515
1,National Institute of Technology Raipur,"Computer Science and Engineering (4 Years, Bachelor of Technology)",HS,General,Gender-Neutral,11550,22645
1,National Institute of Technology Raipur,"Computer Science and Engineering (4 Years, Bachelor of Technology)",HS,General PwD,Gender-Neutral,422,422
1,National Institute of Technology Raipur,"Computer Science and Engineering (4 Years, Bachelor of Technology)",HS,OBC-NCL,Female-only (including Supernumerary),7846,12740
1,National Institute of Technology Raipur,"Computer Science and Engineering (4 Years, Bachelor of Technology)",HS,OBC-NCL,Gender-Neutral,5618,9345
1,National Institute of Technology Raipur,"Computer Science and Engineering (4 Years, Bachelor of Technology)",HS,SC,Gender-Neutral,1806,3568
1,National Institute of Technology Raipur,"Computer Science and Engineering (4 Years, Bachelor of Technology)",HS,SC,Female-only (including Supernumerary),3022,3022
1,National Institute of Technology Raipur,"Computer Science and Engineering (4 Years, Bachelor of Technology)",HS,ST,Gender-Neutral,691,1257
1,National Institute of Technology Raipur,"Computer Science and Engineering (4 Years, Bachelor of Technology)",OS,General,Female-only (including Supernumerary),9292,12691
1,National Institute of Technology Raipur,"Computer Science and Engineering (4 Years, Bachelor of Technology)",OS,General,Gender-Neutral,4823,9121
1,National Institute of Technology Raipur,"Computer Science and Engineering (4 Years, Bachelor of Technology)",OS,General PwD,Gender-Neutral,247,247
1,National Institute of Technology Raipur,"Computer Science and Engineering (4 Years, Bachelor of Technology)",OS,OBC-NCL,Female-only (including Supernumerary),4855,5355
1,National Institute of Technology Raipur,"Computer Science and Engineering (4 Years, Bachelor of Technology)",OS,OBC-NCL,Gender-Neutral,2680,3111
1,National Institute of Technology Raipur,"Computer Science and Engineering (4 Years, Bachelor of Technology)",OS,OBC-NCL(PwD),Gender-Neutral,121,121
1,National Institute of Technology Raipur,"Computer Science and Engineering (4 Years, Bachelor of Technology)",OS,SC,Female-only (including Supernumerary),2352,2352
1,National Institute of Technology Raipur,"Computer Science and Engineering (4 Years, Bachelor of Technology)",OS,SC,Gender-Neutral,1315,1731
1,National Institute of Technology Raipur,"Computer Science and Engineering (4 Years, Bachelor of Technology)",OS,ST,Gender-Neutral,717,881
1,National Institute of Technology Raipur,"Computer Science and Engineering (4 Years, Bachelor of Technology)",OS,ST,Female-only (including Supernumerary),1176,1176
1,National Institute of Technology Raipur,"Electrical Engineering (4 Years, Bachelor of Technology)",HS,General,Gender-Neutral,14517,36441
1,National Institute of Technology Raipur,"Electrical Engineering (4 Years, Bachelor of Technology)",HS,General,Female-only (including Supernumerary),27233,31383
1,National Institute of Technology Raipur,"Electrical Engineering (4 Years, Bachelor of Technology)",HS,General PwD,Gender-Neutral,998,998
1,National Institute of Technology Raipur,"Electrical Engineering (4 Years, Bachelor of Technology)",HS,OBC-NCL,Gender-Neutral,10429,14792
1,National Institute of Technology Raipur,"Electrical Engineering (4 Years, Bachelor of Technology)",HS,OBC-NCL,Female-only (including Supernumerary),15699,19805
1,National Institute of Technology Raipur,"Electrical Engineering (4 Years, Bachelor of Technology)",HS,OBC-NCL(PwD),Gender-Neutral,482,482
1,National Institute of Technology Raipur,"Electrical Engineering (4 Years, Bachelor of Technology)",HS,SC,Female-only (including Supernumerary),9099,12260
1,National Institute of Technology Raipur,"Electrical Engineering (4 Years, Bachelor of Technology)",HS,SC,Gender-Neutral,4010,5015
1,National Institute of Technology Raipur,"Electrical Engineering (4 Years, Bachelor of Technology)",HS,ST,Gender-Neutral,874,1704
1,National Institute of Technology Raipur,"Electrical Engineering (4 Years, Bachelor of Technology)",HS,ST,Female-only (including Supernumerary),2405,2405
1,National Institute of Technology Raipur,"Electrical Engineering (4 Years, Bachelor of Technology)",OS,General,Gender-Neutral,13487,16501
1,National Institute of Technology Raipur,"Electrical Engineering (4 Years, Bachelor of Technology)",OS,General,Female-only (including Supernumerary),16737,20751
1,National Institute of Technology Raipur,"Electrical Engineering (4 Years, Bachelor of Technology)",OS,General PwD,Gender-Neutral,605,605
1,National Institute of Technology Raipur,"Electrical Engineering (4 Years, Bachelor of Technology)",OS,OBC-NCL,Gender-Neutral,4936,5579
1,National Institute of Technology Raipur,"Electrical Engineering (4 Years, Bachelor of Technology)",OS,OBC-NCL,Female-only (including Supernumerary),6950,8702
1,National Institute of Technology Raipur,"Electrical Engineering (4 Years, Bachelor of Technology)",OS,SC,Female-only (including Supernumerary),3793,3793
1,National Institute of Technology Raipur,"Electrical Engineering (4 Years, Bachelor of Technology)",OS,SC,Gender-Neutral,2682,3161
1,National Institute of Technology Raipur,"Electrical Engineering (4 Years, Bachelor of Technology)",OS,ST,Female-only (including Supernumerary),1972,1972
1,National Institute of Technology Raipur,"Electrical Engineering (4 Years, Bachelor of Technology)",OS,ST,Gender-Neutral,978,1087
1,National Institute of Technology Raipur,"Electronics and Telecommunication Engineering (4 Years, Bachelor of Technology)",HS,General,Gender-Neutral,23071,40489
1,National Institute of Technology Raipur,"Electronics and Telecommunication Engineering (4 Years, Bachelor of Technology)",HS,General,Female-only (including Supernumerary),25701,37646
1,National Institute of Technology Raipur,"Electronics and Telecommunication Engineering (4 Years, Bachelor of Technology)",HS,General PwD,Gender-Neutral,312,312
1,National Institute of Technology Raipur,"Electronics and Telecommunication Engineering (4 Years, Bachelor of Technology)",HS,OBC-NCL,Gender-Neutral,14468,18270
1,National Institute of Technology Raipur,"Electronics and Telecommunication Engineering (4 Years, Bachelor of Technology)",HS,OBC-NCL,Female-only (including Supernumerary),12951,18326
1,National Institute of Technology Raipur,"Electronics and Telecommunication Engineering (4 Years, Bachelor of Technology)",HS,SC,Female-only (including Supernumerary),6294,6294
1,National Institute of Technology Raipur,"Electronics and Telecommunication Engineering (4 Years, Bachelor of Technology)",HS,SC,Gender-Neutral,5125,8665
1,National Institute of Technology Raipur,"Electronics and Telecommunication Engineering (4 Years, Bachelor of Technology)",HS,ST,Gender-Neutral,1360,1591
1,National Institute of Technology Raipur,"Electronics and Telecommunication Engineering (4 Years, Bachelor of Technology)",OS,General,Female-only (including Supernumerary),15166,16870
1,National Institute of Technology Raipur,"Electronics and Telecommunication Engineering (4 Years, Bachelor of Technology)",OS,General,Gender-Neutral,10686,14424
1,National Institute of Technology Raipur,"Electronics and Telecommunication Engineering (4 Years, Bachelor of Technology)",OS,General PwD,Gender-Neutral,928,962
1,National Institute of Technology Raipur,"Electronics and Telecommunication Engineering (4 Years, Bachelor of Technology)",OS,General PwD,Female-only (including Supernumerary),579,579
1,National Institute of Technology Raipur,"Electronics and Telecommunication Engineering (4 Years, Bachelor of Technology)",OS,OBC-NCL,Gender-Neutral,3366,5228
1,National Institute of Technology Raipur,"Electronics and Telecommunication Engineering (4 Years, Bachelor of Technology)",OS,OBC-NCL,Female-only (including Supernumerary),4939,6508
1,National Institute of Technology Raipur,"Electronics and Telecommunication Engineering (4 Years, Bachelor of Technology)",OS,SC,Gender-Neutral,2375,3222
1,National Institute of Technology Raipur,"Electronics and Telecommunication Engineering (4 Years, Bachelor of Technology)",OS,SC,Female-only (including Supernumerary),3827,3968
1,National Institute of Technology Raipur,"Electronics and Telecommunication Engineering (4 Years, Bachelor of Technology)",OS,ST,Gender-Neutral,945,1347
1,National Institute of Technology Raipur,"Electronics and Telecommunication Engineering (4 Years, Bachelor of Technology)",OS,ST,Female-only (including Supernumerary),3432,3432
1,National Institute of Technology Raipur,"Information Technology (4 Years, Bachelor of Technology)",HS,General,Gender-Neutral,22709,32710
1,National Institute of Technology Raipur,"Information Technology (4 Years, Bachelor of Technology)",HS,General,Female-only (including Supernumerary),25196,33713
1,National Institute of Technology Raipur,"Information Technology (4 Years, Bachelor of Technology)",HS,General PwD,Gender-Neutral,1389,1389
1,National Institute of Technology Raipur,"Information Technology (4 Years, Bachelor of Technology)",HS,OBC-NCL,Female-only (including Supernumerary),20425,24451
1,National Institute of Technology Raipur,"Information Technology (4 Years, Bachelor of Technology)",HS,OBC-NCL,Gender-Neutral,9542,16418
1,National Institute of Technology Raipur,"Information Technology (4 Years, Bachelor of Technology)",HS,SC,Female-only (including Supernumerary),3705,3705
1,National Institute of Technology Raipur,"Information Technology (4 Years, Bachelor of Technology)",HS,SC,Gender-Neutral,4205,7511
1,National Institute of Technology Raipur,"Information Technology (4 Years, Bachelor of Technology)",HS,ST,Gender-Neutral,1383,1765
1,National Institute of Technology Raipur,"Information Technology (4 Years, Bachelor of Technology)",HS,ST,Female-only (including Supernumerary),2859,2859
1,National Institute of Technology Raipur,"Information Technology (4 Years, Bachelor of Technology)",OS,General,Female-only (including Supernumerary),12848,14852
1,National Institute of Technology Raipur,"Information Technology (4 Years, Bachelor of Technology)",OS,General,Gender-Neutral,9395,11974
1,National Institute of Technology Raipur,"Information Technology (4 Years, Bachelor of Technology)",OS,General PwD,Gender-Neutral,386,386
1,National Institute of Technology Raipur,"Information Technology (4 Years, Bachelor of Technology)",OS,OBC-NCL,Female-only (including Supernumerary),5893,7870
1,National Institute of Technology Raipur,"Information Technology (4 Years, Bachelor of Technology)",OS,OBC-NCL,Gender-Neutral,3748,4433
1,National Institute of Technology Raipur,"Information Technology (4 Years, Bachelor of Technology)",OS,OBC-NCL(PwD),Gender-Neutral,264,264
1,National Institute of Technology Raipur,"Information Technology (4 Years, Bachelor of Technology)",OS,SC,Female-only (including Supernumerary),2455,2455
1,National Institute of Technology Raipur,"Information Technology (4 Years, Bachelor of Technology)",OS,SC,Gender-Neutral,1893,2521
1,National Institute of Technology Raipur,"Information Technology (4 Years, Bachelor of Technology)",OS,SC PwD,Gender-Neutral,212,212
1,National Institute of Technology Raipur,"Information Technology (4 Years, Bachelor of Technology)",OS,ST,Gender-Neutral,1245,1424
1,National Institute of Technology Raipur,"Information Technology (4 Years, Bachelor of Technology)",OS,ST,Female-only (including Supernumerary),2470,2470
1,National Institute of Technology Raipur,"Mechanical Engineering (4 Years, Bachelor of Technology)",HS,General,Female-only (including Supernumerary),42019,52595
1,National Institute of Technology Raipur,"Mechanical Engineering (4 Years, Bachelor of Technology)",HS,General,Gender-Neutral,19353,38020
1,National Institute of Technology Raipur,"Mechanical Engineering (4 Years, Bachelor of Technology)",HS,General PwD,Gender-Neutral,480,480
1,National Institute of Technology Raipur,"Mechanical Engineering (4 Years, Bachelor of Technology)",HS,OBC-NCL,Gender-Neutral,9986,14632
1,National Institute of Technology Raipur,"Mechanical Engineering (4 Years, Bachelor of Technology)",HS,OBC-NCL,Female-only (including Supernumerary),26735,26941
1,National Institute of Technology Raipur,"Mechanical Engineering (4 Years, Bachelor of Technology)",HS,OBC-NCL(PwD),Gender-Neutral,509,509
1,National Institute of Technology Raipur,"Mechanical Engineering (4 Years, Bachelor of Technology)",HS,SC,Female-only (including Supernumerary),11564,11564
1,National Institute of Technology Raipur,"Mechanical Engineering (4 Years, Bachelor of Technology)",HS,SC,Gender-Neutral,1929,5040
1,National Institute of Technology Raipur,"Mechanical Engineering (4 Years, Bachelor of Technology)",HS,ST,Gender-Neutral,1557,1923
1,National Institute of Technology Raipur,"Mechanical Engineering (4 Years, Bachelor of Technology)",OS,General,Female-only (including Supernumerary),18247,23097
1,National Institute of Technology Raipur,"Mechanical Engineering (4 Years, Bachelor of Technology)",OS,General,Gender-Neutral,11659,16991
1,National Institute of Technology Raipur,"Mechanical Engineering (4 Years, Bachelor of Technology)",OS,General PwD,Gender-Neutral,430,430
1,National Institute of Technology Raipur,"Mechanical Engineering (4 Years, Bachelor of Technology)",OS,OBC-NCL,Gender-Neutral,4186,5874
1,National Institute of Technology Raipur,"Mechanical Engineering (4 Years, Bachelor of Technology)",OS,OBC-NCL,Female-only (including Supernumerary),9481,9922
1,National Institute of Technology Raipur,"Mechanical Engineering (4 Years, Bachelor of Technology)",OS,SC,Female-only (including Supernumerary),4698,4698
1,National Institute of Technology Raipur,"Mechanical Engineering (4 Years, Bachelor of Technology)",OS,SC,Gender-Neutral,2864,3062
1,National Institute of Technology Raipur,"Mechanical Engineering (4 Years, Bachelor of Technology)",OS,SC PwD,Gender-Neutral,72,72
1,National Institute of Technology Raipur,"Mechanical Engineering (4 Years, Bachelor of Technology)",OS,ST,Female-only (including Supernumerary),2171,2171
1,National Institute of Technology Raipur,"Mechanical Engineering (4 Years, Bachelor of Technology)",OS,ST,Gender-Neutral,1106,1222
1,National Institute of Technology Raipur,"Metallurgical Engineering (4 Years, Bachelor of Technology)",HS,General,Female-only (including Supernumerary),51607,74616
1,National Institute of Technology Raipur,"Metallurgical Engineering (4 Years, Bachelor of Technology)",HS,General,Gender-Neutral,47316,68726
1,National Institute of Technology Raipur,"Metallurgical Engineering (4 Years, Bachelor of Technology)",HS,General PwD,Gender-Neutral,2912,2912
1,National Institute of Technology Raipur,"Metallurgical Engineering (4 Years, Bachelor of Technology)",HS,OBC-NCL,Gender-Neutral,19562,26944
1,National Institute of Technology Raipur,"Metallurgical Engineering (4 Years, Bachelor of Technology)",HS,OBC-NCL,Female-only (including Supernumerary),31513,32029
1,National Institute of Technology Raipur,"Metallurgical Engineering (4 Years, Bachelor of Technology)",HS,SC,Female-only (including Supernumerary),18802,18802
1,National Institute of Technology Raipur,"Metallurgical Engineering (4 Years, Bachelor of Technology)",HS,SC,Gender-Neutral,7913,9756
1,National Institute of Technology Raipur,"Metallurgical Engineering (4 Years, Bachelor of Technology)",HS,ST,Gender-Neutral,2325,2753
1,National Institute of Technology Raipur,"Metallurgical Engineering (4 Years, Bachelor of Technology)",OS,General,Gender-Neutral,22843,28306
1,National Institute of Technology Raipur,"Metallurgical Engineering (4 Years, Bachelor of Technology)",OS,General,Female-only (including Supernumerary),25992,28477
1,National Institute of Technology Raipur,"Metallurgical Engineering (4 Years, Bachelor of Technology)",OS,OBC-NCL,Gender-Neutral,8048,9093
1,National Institute of Technology Raipur,"Metallurgical Engineering (4 Years, Bachelor of Technology)",OS,OBC-NCL,Female-only (including Supernumerary),9507,9910
1,National Institute of Technology Raipur,"Metallurgical Engineering (4 Years, Bachelor of Technology)",OS,OBC-NCL(PwD),Gender-Neutral,536,536
1,National Institute of Technology Raipur,"Metallurgical Engineering (4 Years, Bachelor of Technology)",OS,SC,Female-only (including Supernumerary),5368,5368
1,National Institute of Technology Raipur,"Metallurgical Engineering (4 Years, Bachelor of Technology)",OS,SC,Gender-Neutral,3769,4937
1,National Institute of Technology Raipur,"Metallurgical Engineering (4 Years, Bachelor of Technology)",OS,ST,Female-only (including Supernumerary),3878,3878
1,National Institute of Technology Raipur,"Metallurgical Engineering (4 Years, Bachelor of Technology)",OS,ST,Gender-Neutral,1738,2055
1,National Institute of Technology Raipur,"Mining Engineering (4 Years, Bachelor of Technology)",HS,General,Gender-Neutral,29931,64851
1,National Institute of Technology Raipur,"Mining Engineering (4 Years, Bachelor of Technology)",HS,General,Female-only (including Supernumerary),66839,98651
1,National Institute of Technology Raipur,"Mining Engineering (4 Years, Bachelor of Technology)",HS,OBC-NCL,Gender-Neutral,19567,24926
1,National Institute of Technology Raipur,"Mining Engineering (4 Years, Bachelor of Technology)",HS,OBC-NCL,Female-only (including Supernumerary),30015,30015
1,National Institute of Technology Raipur,"Mining Engineering (4 Years, Bachelor of Technology)",HS,SC,Gender-Neutral,6910,8315
1,National Institute of Technology Raipur,"Mining Engineering (4 Years, Bachelor of Technology)",HS,SC,Female-only (including Supernumerary),19696,19696
1,National Institute of Technology Raipur,"Mining Engineering (4 Years, Bachelor of Technology)",HS,ST,Gender-Neutral,1997,2103
1,National Institute of Technology Raipur,"Mining Engineering (4 Years, Bachelor of Technology)",OS,General,Female-only (including Supernumerary),28425,33106
1,National Institute of Technology Raipur,"Mining Engineering (4 Years, Bachelor of Technology)",OS,General,Gender-Neutral,21313,28471
1,National Institute of Technology Raipur,"Mining Engineering (4 Years, Bachelor of Technology)",OS,OBC-NCL,Gender-Neutral,7289,8722
1,National Institute of Technology Raipur,"Mining Engineering (4 Years, Bachelor of Technology)",OS,OBC-NCL,Female-only (including Supernumerary),11680,11695
1,National Institute of Technology Raipur,"Mining Engineering (4 Years, Bachelor of Technology)",OS,SC,Gender-Neutral,3588,4905
1,National Institute of Technology Raipur,"Mining Engineering (4 Years, Bachelor of Technology)",OS,SC,Female-only (including Supernumerary),7072,7547
1,National Institute of Technology Raipur,"Mining Engineering (4 Years, Bachelor of Technology)",OS,ST,Gender-Neutral,1607,1728
1,National Institute of Technology Sikkim,"Civil Engineering (4 Years, Bachelor of Technology)",HS,General,Gender-Neutral,180161,655607
1,National Institute of Technology Sikkim,"Civil Engineering (4 Years, Bachelor of Technology)",HS,General,Female-only (including Supernumerary),222334,770959
1,National Institute of Technology Sikkim,"Civil Engineering (4 Years, Bachelor of Technology)",HS,OBC-NCL,Gender-Neutral,303182,315245
1,National Institute of Technology Sikkim,"Civil Engineering (4 Years, Bachelor of Technology)",HS,ST,Gender-Neutral,23477,23477
1,National Institute of Technology Sikkim,"Civil Engineering (4 Years, Bachelor of Technology)",OS,General,Female-only (including Supernumerary),33355,33355
1,National Institute of Technology Sikkim,"Civil Engineering (4 Years, Bachelor of Technology)",OS,General,Gender-Neutral,23920,29218
1,National Institute of Technology Sikkim,"Civil Engineering (4 Years, Bachelor of Technology)",OS,OBC-NCL,Gender-Neutral,7311,8020
1,National Institute of Technology Sikkim,"Civil Engineering (4 Years, Bachelor of Technology)",OS,OBC-NCL,Female-only (including Supernumerary),11949,11949
1,National Institute of Technology Sikkim,"Civil Engineering (4 Years, Bachelor of Technology)",OS,OBC-NCL(PwD),Gender-Neutral,507,507
1,National Institute of Technology Sikkim,"Civil Engineering (4 Years, Bachelor of Technology)",OS,SC,Gender-Neutral,4200,4298
1,National Institute of Technology Sikkim,"Civil Engineering (4 Years, Bachelor of Technology)",OS,ST,Gender-Neutral,1463,1463
1,National Institute of Technology Sikkim,"Computer Science and Engineering (4 Years, Bachelor of Technology)",HS,General,Gender-Neutral,68368,338222
1,National Institute of Technology Sikkim,"Computer Science and Engineering (4 Years, Bachelor of Technology)",HS,General,Female-only (including Supernumerary),95736,316248
1,National Institute of Technology Sikkim,"Computer Science and Engineering (4 Years, Bachelor of Technology)",HS,OBC-NCL,Female-only (including Supernumerary),348210,348210
1,National Institute of Technology Sikkim,"Computer Science and Engineering (4 Years, Bachelor of Technology)",HS,OBC-NCL,Gender-Neutral,120376,266795
1,National Institute of Technology Sikkim,"Computer Science and Engineering (4 Years, Bachelor of Technology)",HS,SC,Female-only (including Supernumerary),22798,22798
1,National Institute of Technology Sikkim,"Computer Science and Engineering (4 Years, Bachelor of Technology)",HS,ST,Gender-Neutral,10934,11720
1,National Institute of Technology Sikkim,"Computer Science and Engineering (4 Years, Bachelor of Technology)",OS,General,Female-only (including Supernumerary),17143,25313
1,National Institute of Technology Sikkim,"Computer Science and Engineering (4 Years, Bachelor of Technology)",OS,General,Gender-Neutral,14345,17939
1,National Institute of Technology Sikkim,"Computer Science and Engineering (4 Years, Bachelor of Technology)",OS,OBC-NCL,Female-only (including Supernumerary),9018,9018
1,National Institute of Technology Sikkim,"Computer Science and Engineering (4 Years, Bachelor of Technology)",OS,OBC-NCL,Gender-Neutral,5658,6318
1,National Institute of Technology Sikkim,"Computer Science and Engineering (4 Years, Bachelor of Technology)",OS,SC,Gender-Neutral,2572,2763
1,National Institute of Technology Sikkim,"Computer Science and Engineering (4 Years, Bachelor of Technology)",OS,SC,Female-only (including Supernumerary),4293,4293
1,National Institute of Technology Sikkim,"Computer Science and Engineering (4 Years, Bachelor of Technology)",OS,SC PwD,Gender-Neutral,59,59
1,National Institute of Technology Sikkim,"Computer Science and Engineering (4 Years, Bachelor of Technology)",OS,ST,Gender-Neutral,1367,1726
1,National Institute of Technology Sikkim,"Electrical and Electronics Engineering (4 Years, Bachelor of Technology)",HS,General,Gender-Neutral,248371,662909
1,National Institute of Technology Sikkim,"Electrical and Electronics Engineering (4 Years, Bachelor of Technology)",HS,General,Female-only (including Supernumerary),666490,754587
1,National Institute of Technology Sikkim,"Electrical and Electronics Engineering (4 Years, Bachelor of Technology)",HS,OBC-NCL,Female-only (including Supernumerary),399086,399086
1,National Institute of Technology Sikkim,"Electrical and Electronics Engineering (4 Years, Bachelor of Technology)",HS,OBC-NCL,Gender-Neutral,266048,308938
1,National Institute of Technology Sikkim,"Electrical and Electronics Engineering (4 Years, Bachelor of Technology)",HS,SC,Gender-Neutral,84452,91613
1,National Institute of Technology Sikkim,"Electrical and Electronics Engineering (4 Years, Bachelor of Technology)",HS,ST,Gender-Neutral,26398,26410
1,National Institute of Technology Sikkim,"Electrical and Electronics Engineering (4 Years, Bachelor of Technology)",OS,General,Gender-Neutral,21848,27514
1,National Institute of Technology Sikkim,"Electrical and Electronics Engineering (4 Years, Bachelor of Technology)",OS,General,Female-only (including Supernumerary),26981,26981
1,National Institute of Technology Sikkim,"Electrical and Electronics Engineering (4 Years, Bachelor of Technology)",OS,General PwD,Gender-Neutral,1295,1295
1,National Institute of Technology Sikkim,"Electrical and Electronics Engineering (4 Years, Bachelor of Technology)",OS,OBC-NCL,Gender-Neutral,7365,8603
1,National Institute of Technology Sikkim,"Electrical and Electronics Engineering (4 Years, Bachelor of Technology)",OS,OBC-NCL,Female-only (including Supernumerary),12536,12536
1,National Institute of Technology Sikkim,"Electrical and Electronics Engineering (4 Years, Bachelor of Technology)",OS,SC,Female-only (including Supernumerary),7200,7200
1,National Institute of Technology Sikkim,"Electrical and Electronics Engineering (4 Years, Bachelor of Technology)",OS,SC,Gender-Neutral,4116,4285
1,National Institute of Technology Sikkim,"Electrical and Electronics Engineering (4 Years, Bachelor of Technology)",OS,ST,Gender-Neutral,1959,2093
1,National Institute of Technology Sikkim,"Electronics and Communication Engineering (4 Years, Bachelor of Technology)",HS,General,Female-only (including Supernumerary),585429,670682
1,National Institute of Technology Sikkim,"Electronics and Communication Engineering (4 Years, Bachelor of Technology)",HS,General,Gender-Neutral,164452,473836
1,National Institute of Technology Sikkim,"Electronics and Communication Engineering (4 Years, Bachelor of Technology)",HS,OBC-NCL,Female-only (including Supernumerary),385978,385978
1,National Institute of Technology Sikkim,"Electronics and Communication Engineering (4 Years, Bachelor of Technology)",HS,OBC-NCL,Gender-Neutral,285618,332800
1,National Institute of Technology Sikkim,"Electronics and Communication Engineering (4 Years, Bachelor of Technology)",HS,SC,Gender-Neutral,63635,63635
1,National Institute of Technology Sikkim,"Electronics and Communication Engineering (4 Years, Bachelor of Technology)",HS,ST,Gender-Neutral,34427,34427
1,National Institute of Technology Sikkim,"Electronics and Communication Engineering (4 Years, Bachelor of Technology)",OS,General,Female-only (including Supernumerary),26202,26202
1,National Institute of Technology Sikkim,"Electronics and Communication Engineering (4 Years, Bachelor of Technology)",OS,General,Gender-Neutral,18021,23000
1,National Institute of Technology Sikkim,"Electronics and Communication Engineering (4 Years, Bachelor of Technology)",OS,General PwD,Gender-Neutral,893,893
1,National Institute of Technology Sikkim,"Electronics and Communication Engineering (4 Years, Bachelor of Technology)",OS,OBC-NCL,Female-only (including Supernumerary),10714,10714
1,National Institute of Technology Sikkim,"Electronics and Communication Engineering (4 Years, Bachelor of Technology)",OS,OBC-NCL,Gender-Neutral,6052,7325
1,National Institute of Technology Sikkim,"Electronics and Communication Engineering (4 Years, Bachelor of Technology)",OS,SC,Female-only (including Supernumerary),6564,6564
1,National Institute of Technology Sikkim,"Electronics and Communication Engineering (4 Years, Bachelor of Technology)",OS,SC,Gender-Neutral,3845,4238
1,National Institute of Technology Sikkim,"Electronics and Communication Engineering (4 Years, Bachelor of Technology)",OS,ST,Gender-Neutral,2321,2321
1,National Institute of Technology Sikkim,"Mechanical Engineering (4 Years, Bachelor of Technology)",HS,General,Female-only (including Supernumerary),915194,970699
1,National Institute of Technology Sikkim,"Mechanical Engineering (4 Years, Bachelor of Technology)",HS,General,Gender-Neutral,303633,743604
1,National Institute of Technology Sikkim,"Mechanical Engineering (4 Years, Bachelor of Technology)",HS,OBC-NCL,Gender-Neutral,315445,390062
1,National Institute of Technology Sikkim,"Mechanical Engineering (4 Years, Bachelor of Technology)",OS,General,Gender-Neutral,23714,26745
1,National Institute of Technology Sikkim,"Mechanical Engineering (4 Years, Bachelor of Technology)",OS,General,Female-only (including Supernumerary),31951,31951
1,National Institute of Technology Sikkim,"Mechanical Engineering (4 Years, Bachelor of Technology)",OS,General PwD,Gender-Neutral,1244,1244
1,National Institute of Technology Sikkim,"Mechanical Engineering (4 Years, Bachelor of Technology)",OS,OBC-NCL,Gender-Neutral,7275,7589
1,National Institute of Technology Sikkim,"Mechanical Engineering (4 Years, Bachelor of Technology)",OS,OBC-NCL,Female-only (including Supernumerary),13338,13338
1,National Institute of Technology Sikkim,"Mechanical Engineering (4 Years, Bachelor of Technology)",OS,SC,Gender-Neutral,4081,4221
1,National Institute of Technology Sikkim,"Mechanical Engineering (4 Years, Bachelor of Technology)",OS,ST,Gender-Neutral,1604,1604
1,National Institute of Technology Arunachal Pradesh,"Bio Technology (4 Years, Bachelor of Technology)",HS,General,Gender-Neutral,78067,204495
1,National Institute of Technology Arunachal Pradesh,"Bio Technology (4 Years, Bachelor of Technology)",HS,ST,Female-only (including Supernumerary),11130,12310
1,National Institute of Technology Arunachal Pradesh,"Bio Technology (4 Years, Bachelor of Technology)",HS,ST,Gender-Neutral,4846,15245
1,National Institute of Technology Arunachal Pradesh,"Bio Technology (4 Years, Bachelor of Technology)",OS,General,Female-only (including Supernumerary),31539,31539
1,National Institute of Technology Arunachal Pradesh,"Bio Technology (4 Years, Bachelor of Technology)",OS,General,Gender-Neutral,16749,29166
1,National Institute of Technology Arunachal Pradesh,"Bio Technology (4 Years, Bachelor of Technology)",OS,OBC-NCL,Gender-Neutral,9532,9701
1,National Institute of Technology Arunachal Pradesh,"Bio Technology (4 Years, Bachelor of Technology)",OS,SC,Gender-Neutral,4860,5506
1,National Institute of Technology Arunachal Pradesh,"Bio Technology (4 Years, Bachelor of Technology)",OS,ST,Gender-Neutral,1456,1456
1,National Institute of Technology Arunachal Pradesh,"Chemical Engineering (4 Years, Bachelor of Technology)",HS,General,Gender-Neutral,114907,115454
1,National Institute of Technology Arunachal Pradesh,"Chemical Engineering (4 Years, Bachelor of Technology)",HS,ST,Female-only (including Supernumerary),11454,11454
1,National Institute of Technology Arunachal Pradesh,"Chemical Engineering (4 Years, Bachelor of Technology)",HS,ST,Gender-Neutral,4155,18065
1,National Institute of Technology Arunachal Pradesh,"Chemical Engineering (4 Years, Bachelor of Technology)",OS,General,Gender-Neutral,13478,28367
1,National Institute of Technology Arunachal Pradesh,"Chemical Engineering (4 Years, Bachelor of Technology)",OS,General,Female-only (including Supernumerary),25844,25844
1,National Institute of Technology Arunachal Pradesh,"Chemical Engineering (4 Years, Bachelor of Technology)",OS,OBC-NCL,Gender-Neutral,8325,8757
1,National Institute of Technology Arunachal Pradesh,"Chemical Engineering (4 Years, Bachelor of Technology)",OS,SC,Gender-Neutral,4799,5198
1,National Institute of Technology Arunachal Pradesh,"Chemical Engineering (4 Years, Bachelor of Technology)",OS,ST,Gender-Neutral,2474,2474
1,National Institute of Technology Arunachal Pradesh,"Civil Engineering (4 Years, Bachelor of Technology)",HS,General,Gender-Neutral,108513,141825
1,National Institute of Technology Arunachal Pradesh,"Civil Engineering (4 Years, Bachelor of Technology)",HS,ST,Gender-Neutral,2719,6709
1,National Institute of Technology Arunachal Pradesh,"Civil Engineering (4 Years, Bachelor of Technology)",HS,ST,Female-only (including Supernumerary),4257,5757
1,National Institute of Technology Arunachal Pradesh,"Civil Engineering (4 Years, Bachelor of Technology)",OS,General,Gender-Neutral,27187,29565
1,National Institute of Technology Arunachal Pradesh,"Civil Engineering (4 Years, Bachelor of Technology)",OS,General,Female-only (including Supernumerary),35987,35987
1,National Institute of Technology Arunachal Pradesh,"Civil Engineering (4 Years, Bachelor of Technology)",OS,OBC-NCL,Female-only (including Supernumerary),12928,12928
1,National Institute of Technology Arunachal Pradesh,"Civil Engineering (4 Years, Bachelor of Technology)",OS,OBC-NCL,Gender-Neutral,7411,8692
1,National Institute of Technology Arunachal Pradesh,"Civil Engineering (4 Years, Bachelor of Technology)",OS,OBC-NCL(PwD),Gender-Neutral,552,552
1,National Institute of Technology Arunachal Pradesh,"Civil Engineering (4 Years, Bachelor of Technology)",OS,SC,Gender-Neutral,2426,4435
1,National Institute of Technology Arunachal Pradesh,"Civil Engineering (4 Years, Bachelor of Technology)",OS,ST,Gender-Neutral,1084,1084
1,National Institute of Technology Arunachal Pradesh,"Computer Science and Engineering (4 Years, Bachelor of Technology)",HS,General,Gender-Neutral,31704,42904
1,National Institute of Technology Arunachal Pradesh,"Computer Science and Engineering (4 Years, Bachelor of Technology)",HS,SC,Gender-Neutral,27860,27860
1,National Institute of Technology Arunachal Pradesh,"Computer Science and Engineering (4 Years, Bachelor of Technology)",HS,ST,Female-only (including Supernumerary),6750,9593
1,National Institute of Technology Arunachal Pradesh,"Computer Science and Engineering (4 Years, Bachelor of Technology)",HS,ST,Gender-Neutral,4032,10333
1,National Institute of Technology Arunachal Pradesh,"Computer Science and Engineering (4 Years, Bachelor of Technology)",OS,General,Female-only (including Supernumerary),19682,24634
1,National Institute of Technology Arunachal Pradesh,"Computer Science and Engineering (4 Years, Bachelor of Technology)",OS,General,Gender-Neutral,12343,14971
1,National Institute of Technology Arunachal Pradesh,"Computer Science and Engineering (4 Years, Bachelor of Technology)",OS,General PwD,Gender-Neutral,555,555
1,National Institute of Technology Arunachal Pradesh,"Computer Science and Engineering (4 Years, Bachelor of Technology)",OS,OBC-NCL,Female-only (including Supernumerary),9138,9138
1,National Institute of Technology Arunachal Pradesh,"Computer Science and Engineering (4 Years, Bachelor of Technology)",OS,OBC-NCL,Gender-Neutral,4666,5440
1,National Institute of Technology Arunachal Pradesh,"Computer Science and Engineering (4 Years, Bachelor of Technology)",OS,SC,Gender-Neutral,2165,2652
1,National Institute of Technology Arunachal Pradesh,"Computer Science and Engineering (4 Years, Bachelor of Technology)",OS,ST,Gender-Neutral,1536,1536
1,National Institute of Technology Arunachal Pradesh,"Electrical Engineering (4 Years, Bachelor of Technology)",HS,General,Gender-Neutral,135032,168934
1,National Institute of Technology Arunachal Pradesh,"Electrical Engineering (4 Years, Bachelor of Technology)",HS,ST,Gender-Neutral,5442,15191
1,National Institute of Technology Arunachal Pradesh,"Electrical Engineering (4 Years, Bachelor of Technology)",HS,ST,Female-only (including Supernumerary),4526,9937
1,National Institute of Technology Arunachal Pradesh,"Electrical Engineering (4 Years, Bachelor of Technology)",OS,General,Female-only (including Supernumerary),30322,33297
1,National Institute of Technology Arunachal Pradesh,"Electrical Engineering (4 Years, Bachelor of Technology)",OS,General,Gender-Neutral,22676,24976
1,National Institute of Technology Arunachal Pradesh,"Electrical Engineering (4 Years, Bachelor of Technology)",OS,OBC-NCL,Gender-Neutral,6150,7540
1,National Institute of Technology Arunachal Pradesh,"Electrical Engineering (4 Years, Bachelor of Technology)",OS,OBC-NCL,Female-only (including Supernumerary),13415,13415
1,National Institute of Technology Arunachal Pradesh,"Electrical Engineering (4 Years, Bachelor of Technology)",OS,OBC-NCL(PwD),Gender-Neutral,562,562
1,National Institute of Technology Arunachal Pradesh,"Electrical Engineering (4 Years, Bachelor of Technology)",OS,SC,Gender-Neutral,4070,4394
1,National Institute of Technology Arunachal Pradesh,"Electrical Engineering (4 Years, Bachelor of Technology)",OS,ST,Gender-Neutral,1876,1876
1,National Institute of Technology Arunachal Pradesh,"Electronics and Communication Engineering (4 Years, Bachelor of Technology)",HS,General,Gender-Neutral,51386,61277
1,National Institute of Technology Arunachal Pradesh,"Electronics and Communication Engineering (4 Years, Bachelor of Technology)",HS,SC,Gender-Neutral,30582,30582
1,National Institute of Technology Arunachal Pradesh,"Electronics and Communication Engineering (4 Years, Bachelor of Technology)",HS,ST,Female-only (including Supernumerary),15805,16373
1,National Institute of Technology Arunachal Pradesh,"Electronics and Communication Engineering (4 Years, Bachelor of Technology)",HS,ST,Gender-Neutral,18582,40303
1,National Institute of Technology Arunachal Pradesh,"Electronics and Communication Engineering (4 Years, Bachelor of Technology)",OS,General,Gender-Neutral,18492,21754
1,National Institute of Technology Arunachal Pradesh,"Electronics and Communication Engineering (4 Years, Bachelor of Technology)",OS,General,Female-only (including Supernumerary),26521,26521
1,National Institute of Technology Arunachal Pradesh,"Electronics and Communication Engineering (4 Years, Bachelor of Technology)",OS,OBC-NCL,Gender-Neutral,7152,7707
1,National Institute of Technology Arunachal Pradesh,"Electronics and Communication Engineering (4 Years, Bachelor of Technology)",OS,OBC-NCL,Female-only (including Supernumerary),11395,11395
1,National Institute of Technology Arunachal Pradesh,"Electronics and Communication Engineering (4 Years, Bachelor of Technology)",OS,OBC-NCL(PwD),Gender-Neutral,542,542
1,National Institute of Technology Arunachal Pradesh,"Electronics and Communication Engineering (4 Years, Bachelor of Technology)",OS,SC,Gender-Neutral,4400,4451
1,National Institute of Technology Arunachal Pradesh,"Electronics and Communication Engineering (4 Years, Bachelor of Technology)",OS,ST,Gender-Neutral,2310,2310
1,National Institute of Technology Arunachal Pradesh,"Mechanical Engineering (4 Years, Bachelor of Technology)",HS,General,Gender-Neutral,114236,189126
1,National Institute of Technology Arunachal Pradesh,"Mechanical Engineering (4 Years, Bachelor of Technology)",HS,ST,Gender-Neutral,8350,21065
1,National Institute of Technology Arunachal Pradesh,"Mechanical Engineering (4 Years, Bachelor of Technology)",HS,ST,Female-only (including Supernumerary),14505,17177
1,National Institute of Technology Arunachal Pradesh,"Mechanical Engineering (4 Years, Bachelor of Technology)",OS,General,Gender-Neutral,19519,23235
1,National Institute of Technology Arunachal Pradesh,"Mechanical Engineering (4 Years, Bachelor of Technology)",OS,General,Female-only (including Supernumerary),33341,33341
1,National Institute of Technology Arunachal Pradesh,"Mechanical Engineering (4 Years, Bachelor of Technology)",OS,OBC-NCL,Female-only (including Supernumerary),13559,13559
1,National Institute of Technology Arunachal Pradesh,"Mechanical Engineering (4 Years, Bachelor of Technology)",OS,OBC-NCL,Gender-Neutral,7832,8400
1,National Institute of Technology Arunachal Pradesh,"Mechanical Engineering (4 Years, Bachelor of Technology)",OS,OBC-NCL(PwD),Gender-Neutral,290,290
1,National Institute of Technology Arunachal Pradesh,"Mechanical Engineering (4 Years, Bachelor of Technology)",OS,SC,Gender-Neutral,4540,4753
1,National Institute of Technology Arunachal Pradesh,"Mechanical Engineering (4 Years, Bachelor of Technology)",OS,ST,Gender-Neutral,1897,1897
1,"National Institute of Technology, Jamshedpur","Civil Engineering (4 Years, Bachelor of Technology)",HS,General,Female-only (including Supernumerary),24049,32644
1,"National Institute of Technology, Jamshedpur","Civil Engineering (4 Years, Bachelor of Technology)",HS,General,Gender-Neutral,25597,31845
1,"National Institute of Technology, Jamshedpur","Civil Engineering (4 Years, Bachelor of Technology)",HS,General PwD,Gender-Neutral,1281,1281
1,"National Institute of Technology, Jamshedpur","Civil Engineering (4 Years, Bachelor of Technology)",HS,OBC-NCL,Gender-Neutral,7827,9069
1,"National Institute of Technology, Jamshedpur","Civil Engineering (4 Years, Bachelor of Technology)",HS,OBC-NCL,Female-only (including Supernumerary),12717,14761
1,"National Institute of Technology, Jamshedpur","Civil Engineering (4 Years, Bachelor of Technology)",HS,SC,Gender-Neutral,4480,6459
1,"National Institute of Technology, Jamshedpur","Civil Engineering (4 Years, Bachelor of Technology)",HS,SC,Female-only (including Supernumerary),8306,8306
1,"National Institute of Technology, Jamshedpur","Civil Engineering (4 Years, Bachelor of Technology)",HS,ST,Gender-Neutral,1119,1731
1,"National Institute of Technology, Jamshedpur","Civil Engineering (4 Years, Bachelor of Technology)",OS,General,Gender-Neutral,15124,20243
1,"National Institute of Technology, Jamshedpur","Civil Engineering (4 Years, Bachelor of Technology)",OS,General,Female-only (including Supernumerary),24216,24856
1,"National Institute of Technology, Jamshedpur","Civil Engineering (4 Years, Bachelor of Technology)",OS,General PwD,Gender-Neutral,621,621
1,"National Institute of Technology, Jamshedpur","Civil Engineering (4 Years, Bachelor of Technology)",OS,General PwD,Female-only (including Supernumerary),1064,1064
1,"National Institute of Technology, Jamshedpur","Civil Engineering (4 Years, Bachelor of Technology)",OS,OBC-NCL,Gender-Neutral,5245,6232
1,"National Institute of Technology, Jamshedpur","Civil Engineering (4 Years, Bachelor of Technology)",OS,OBC-NCL,Female-only (including Supernumerary),6821,9242
1,"National Institute of Technology, Jamshedpur","Civil Engineering (4 Years, Bachelor of Technology)",OS,OBC-NCL(PwD),Gender-Neutral,320,320
1,"National Institute of Technology, Jamshedpur","Civil Engineering (4 Years, Bachelor of Technology)",OS,SC,Gender-Neutral,2436,3197
1,"National Institute of Technology, Jamshedpur","Civil Engineering (4 Years, Bachelor of Technology)",OS,SC,Female-only (including Supernumerary),4811,4811
1,"National Institute of Technology, Jamshedpur","Civil Engineering (4 Years, Bachelor of Technology)",OS,ST,Gender-Neutral,837,859
1,"National Institute of Technology, Jamshedpur","Civil Engineering (4 Years, Bachelor of Technology)",OS,ST,Female-only (including Supernumerary),1012,1012
1,"National Institute of Technology, Jamshedpur","Computer Science and Engineering (4 Years, Bachelor of Technology)",HS,General,Gender-Neutral,5889,11888
1,"National Institute of Technology, Jamshedpur","Computer Science and Engineering (4 Years, Bachelor of Technology)",HS,General,Female-only (including Supernumerary),12837,13904
1,"National Institute of Technology, Jamshedpur","Computer Science and Engineering (4 Years, Bachelor of Technology)",HS,General PwD,Gender-Neutral,273,273
1,"National Institute of Technology, Jamshedpur","Computer Science and Engineering (4 Years, Bachelor of Technology)",HS,OBC-NCL,Female-only (including Supernumerary),7501,7561
1,"National Institute of Technology, Jamshedpur","Computer Science and Engineering (4 Years, Bachelor of Technology)",HS,OBC-NCL,Gender-Neutral,2475,4339
1,"National Institute of Technology, Jamshedpur","Computer Science and Engineering (4 Years, Bachelor of Technology)",HS,OBC-NCL(PwD),Gender-Neutral,117,117
1,"National Institute of Technology, Jamshedpur","Computer Science and Engineering (4 Years, Bachelor of Technology)",HS,SC,Female-only (including Supernumerary),2442,2526
1,"National Institute of Technology, Jamshedpur","Computer Science and Engineering (4 Years, Bachelor of Technology)",HS,SC,Gender-Neutral,2539,3344
1,"National Institute of Technology, Jamshedpur","Computer Science and Engineering (4 Years, Bachelor of Technology)",HS,ST,Gender-Neutral,750,1201
1,"National Institute of Technology, Jamshedpur","Computer Science and Engineering (4 Years, Bachelor of Technology)",HS,ST,Female-only (including Supernumerary),994,994
1,"National Institute of Technology, Jamshedpur","Computer Science and Engineering (4 Years, Bachelor of Technology)",OS,General,Gender-Neutral,4855,8134
1,"National Institute of Technology, Jamshedpur","Computer Science and Engineering (4 Years, Bachelor of Technology)",OS,General,Female-only (including Supernumerary),9535,10071
1,"National Institute of Technology, Jamshedpur","Computer Science and Engineering (4 Years, Bachelor of Technology)",OS,General PwD,Gender-Neutral,165,165
1,"National Institute of Technology, Jamshedpur","Computer Science and Engineering (4 Years, Bachelor of Technology)",OS,OBC-NCL,Gender-Neutral,1954,2655
1,"National Institute of Technology, Jamshedpur","Computer Science and Engineering (4 Years, Bachelor of Technology)",OS,OBC-NCL,Female-only (including Supernumerary),5141,5450
1,"National Institute of Technology, Jamshedpur","Computer Science and Engineering (4 Years, Bachelor of Technology)",OS,SC,Female-only (including Supernumerary),2115,2115
1,"National Institute of Technology, Jamshedpur","Computer Science and Engineering (4 Years, Bachelor of Technology)",OS,SC,Gender-Neutral,1257,1730
1,"National Institute of Technology, Jamshedpur","Computer Science and Engineering (4 Years, Bachelor of Technology)",OS,SC PwD,Gender-Neutral,131,131
1,"National Institute of Technology, Jamshedpur","Computer Science and Engineering (4 Years, Bachelor of Technology)",OS,ST,Gender-Neutral,491,831
1,"National Institute of Technology, Jamshedpur","Electrical and Electronics Engineering (4 Years, Bachelor of Technology)",HS,General,Gender-Neutral,10449,22884
1,"National Institute of Technology, Jamshedpur","Electrical and Electronics Engineering (4 Years, Bachelor of Technology)",HS,General,Female-only (including Supernumerary),21590,26042
1,"National Institute of Technology, Jamshedpur","Electrical and Electronics Engineering (4 Years, Bachelor of Technology)",HS,General PwD,Gender-Neutral,431,431
1,"National Institute of Technology, Jamshedpur","Electrical and Electronics Engineering (4 Years, Bachelor of Technology)",HS,OBC-NCL,Female-only (including Supernumerary),12153,12511
1,"National Institute of Technology, Jamshedpur","Electrical and Electronics Engineering (4 Years, Bachelor of Technology)",HS,OBC-NCL,Gender-Neutral,5525,6850
1,"National Institute of Technology, Jamshedpur","Electrical and Electronics Engineering (4 Years, Bachelor of Technology)",HS,OBC-NCL(PwD),Gender-Neutral,841,841
1,"National Institute of Technology, Jamshedpur","Electrical and Electronics Engineering (4 Years, Bachelor of Technology)",HS,SC,Female-only (including Supernumerary),6144,6144
1,"National Institute of Technology, Jamshedpur","Electrical and Electronics Engineering (4 Years, Bachelor of Technology)",HS,SC,Gender-Neutral,3531,5846
1,"National Institute of Technology, Jamshedpur","Electrical and Electronics Engineering (4 Years, Bachelor of Technology)",HS,ST,Female-only (including Supernumerary),1537,1537
1,"National Institute of Technology, Jamshedpur","Electrical and Electronics Engineering (4 Years, Bachelor of Technology)",HS,ST,Gender-Neutral,2019,2252
1,"National Institute of Technology, Jamshedpur","Electrical and Electronics Engineering (4 Years, Bachelor of Technology)",OS,General,Gender-Neutral,10021,14421
1,"National Institute of Technology, Jamshedpur","Electrical and Electronics Engineering (4 Years, Bachelor of Technology)",OS,General,Female-only (including Supernumerary),15450,16118
1,"National Institute of Technology, Jamshedpur","Electrical and Electronics Engineering (4 Years, Bachelor of Technology)",OS,General PwD,Female-only (including Supernumerary),722,722
1,"National Institute of Technology, Jamshedpur","Electrical and Electronics Engineering (4 Years, Bachelor of Technology)",OS,General PwD,Gender-Neutral,742,742
1,"National Institute of Technology, Jamshedpur","Electrical and Electronics Engineering (4 Years, Bachelor of Technology)",OS,OBC-NCL,Gender-Neutral,4560,5104
1,"National Institute of Technology, Jamshedpur","Electrical and Electronics Engineering (4 Years, Bachelor of Technology)",OS,OBC-NCL,Female-only (including Supernumerary),5082,8504
1,"National Institute of Technology, Jamshedpur","Electrical and Electronics Engineering (4 Years, Bachelor of Technology)",OS,SC,Female-only (including Supernumerary),3266,3266
1,"National Institute of Technology, Jamshedpur","Electrical and Electronics Engineering (4 Years, Bachelor of Technology)",OS,SC,Gender-Neutral,696,2873
1,"National Institute of Technology, Jamshedpur","Electrical and Electronics Engineering (4 Years, Bachelor of Technology)",OS,SC PwD,Gender-Neutral,198,198
1,"National Institute of Technology, Jamshedpur","Electrical and Electronics Engineering (4 Years, Bachelor of Technology)",OS,ST,Gender-Neutral,713,1240
1,"National Institute of Technology, Jamshedpur","Electronics and Communication Engineering (4 Years, Bachelor of Technology)",HS,General,Gender-Neutral,11995,19104
1,"National Institute of Technology, Jamshedpur","Electronics and Communication Engineering (4 Years, Bachelor of Technology)",HS,General,Female-only (including Supernumerary),16777,18739
1,"National Institute of Technology, Jamshedpur","Electronics and Communication Engineering (4 Years, Bachelor of Technology)",HS,General PwD,Gender-Neutral,299,299
1,"National Institute of Technology, Jamshedpur","Electronics and Communication Engineering (4 Years, Bachelor of Technology)",HS,OBC-NCL,Female-only (including Supernumerary),10409,10409
1,"National Institute of Technology, Jamshedpur","Electronics and Communication Engineering (4 Years, Bachelor of Technology)",HS,OBC-NCL,Gender-Neutral,4379,5836
1,"National Institute of Technology, Jamshedpur","Electronics and Communication Engineering (4 Years, Bachelor of Technology)",HS,OBC-NCL(PwD),Gender-Neutral,711,711
1,"National Institute of Technology, Jamshedpur","Electronics and Communication Engineering (4 Years, Bachelor of Technology)",HS,SC,Female-only (including Supernumerary),1915,1915
1,"National Institute of Technology, Jamshedpur","Electronics and Communication Engineering (4 Years, Bachelor of Technology)",HS,SC,Gender-Neutral,3750,5301
1,"National Institute of Technology, Jamshedpur","Electronics and Communication Engineering (4 Years, Bachelor of Technology)",HS,ST,Gender-Neutral,1619,2436
1,"National Institute of Technology, Jamshedpur","Electronics and Communication Engineering (4 Years, Bachelor of Technology)",OS,General,Gender-Neutral,8174,11873
1,"National Institute of Technology, Jamshedpur","Electronics and Communication Engineering (4 Years, Bachelor of Technology)",OS,General,Female-only (including Supernumerary),13111,13531
1,"National Institute of Technology, Jamshedpur","Electronics and Communication Engineering (4 Years, Bachelor of Technology)",OS,General PwD,Gender-Neutral,637,637
1,"National Institute of Technology, Jamshedpur","Electronics and Communication Engineering (4 Years, Bachelor of Technology)",OS,OBC-NCL,Gender-Neutral,3693,4351
1,"National Institute of Technology, Jamshedpur","Electronics and Communication Engineering (4 Years, Bachelor of Technology)",OS,OBC-NCL,Female-only (including Supernumerary),6981,7491
1,"National Institute of Technology, Jamshedpur","Electronics and Communication Engineering (4 Years, Bachelor of Technology)",OS,OBC-NCL(PwD),Female-only (including Supernumerary),823,823
1,"National Institute of Technology, Jamshedpur","Electronics and Communication Engineering (4 Years, Bachelor of Technology)",OS,OBC-NCL(PwD),Gender-Neutral,334,334
1,"National Institute of Technology, Jamshedpur","Electronics and Communication Engineering (4 Years, Bachelor of Technology)",OS,SC,Gender-Neutral,1792,2638
1,"National Institute of Technology, Jamshedpur","Electronics and Communication Engineering (4 Years, Bachelor of Technology)",OS,SC,Female-only (including Supernumerary),3454,3454
1,"National Institute of Technology, Jamshedpur","Electronics and Communication Engineering (4 Years, Bachelor of Technology)",OS,ST,Gender-Neutral,1052,1293
1,"National Institute of Technology, Jamshedpur","Electronics and Communication Engineering (4 Years, Bachelor of Technology)",OS,ST,Female-only (including Supernumerary),1356,1356
1,"National Institute of Technology, Jamshedpur","Mechanical Engineering (4 Years, Bachelor of Technology)",HS,General,Female-only (including Supernumerary),27227,28225
1,"National Institute of Technology, Jamshedpur","Mechanical Engineering (4 Years, Bachelor of Technology)",HS,General,Gender-Neutral,12845,23696
1,"National Institute of Technology, Jamshedpur","Mechanical Engineering (4 Years, Bachelor of Technology)",HS,General PwD,Female-only (including Supernumerary),2009,2009
1,"National Institute of Technology, Jamshedpur","Mechanical Engineering (4 Years, Bachelor of Technology)",HS,General PwD,Gender-Neutral,1561,1561
1,"National Institute of Technology, Jamshedpur","Mechanical Engineering (4 Years, Bachelor of Technology)",HS,OBC-NCL,Female-only (including Supernumerary),13180,13951
1,"National Institute of Technology, Jamshedpur","Mechanical Engineering (4 Years, Bachelor of Technology)",HS,OBC-NCL,Gender-Neutral,5683,7320
1,"National Institute of Technology, Jamshedpur","Mechanical Engineering (4 Years, Bachelor of Technology)",HS,OBC-NCL(PwD),Gender-Neutral,641,641
1,"National Institute of Technology, Jamshedpur","Mechanical Engineering (4 Years, Bachelor of Technology)",HS,SC,Gender-Neutral,2559,5671
1,"National Institute of Technology, Jamshedpur","Mechanical Engineering (4 Years, Bachelor of Technology)",HS,SC,Female-only (including Supernumerary),6585,6585
1,"National Institute of Technology, Jamshedpur","Mechanical Engineering (4 Years, Bachelor of Technology)",HS,ST,Female-only (including Supernumerary),4274,4274
1,"National Institute of Technology, Jamshedpur","Mechanical Engineering (4 Years, Bachelor of Technology)",HS,ST,Gender-Neutral,1575,1684
1,"National Institute of Technology, Jamshedpur","Mechanical Engineering (4 Years, Bachelor of Technology)",OS,General,Female-only (including Supernumerary),20072,22655
1,"National Institute of Technology, Jamshedpur","Mechanical Engineering (4 Years, Bachelor of Technology)",OS,General,Gender-Neutral,12374,14952
1,"National Institute of Technology, Jamshedpur","Mechanical Engineering (4 Years, Bachelor of Technology)",OS,General PwD,Gender-Neutral,440,440
1,"National Institute of Technology, Jamshedpur","Mechanical Engineering (4 Years, Bachelor of Technology)",OS,OBC-NCL,Gender-Neutral,4015,5140
1,"National Institute of Technology, Jamshedpur","Mechanical Engineering (4 Years, Bachelor of Technology)",OS,OBC-NCL,Female-only (including Supernumerary),7878,9458
1,"National Institute of Technology, Jamshedpur","Mechanical Engineering (4 Years, Bachelor of Technology)",OS,SC,Gender-Neutral,2163,2785
1,"National Institute of Technology, Jamshedpur","Mechanical Engineering (4 Years, Bachelor of Technology)",OS,SC,Female-only (including Supernumerary),5263,5263
1,"National Institute of Technology, Jamshedpur","Mechanical Engineering (4 Years, Bachelor of Technology)",OS,ST,Gender-Neutral,1263,1292
1,"National Institute of Technology, Jamshedpur","Metallurgical and Materials Engineering (4 Years, Bachelor of Technology)",HS,General,Female-only (including Supernumerary),31795,35893
1,"National Institute of Technology, Jamshedpur","Metallurgical and Materials Engineering (4 Years, Bachelor of Technology)",HS,General,Gender-Neutral,28910,35539
1,"National Institute of Technology, Jamshedpur","Metallurgical and Materials Engineering (4 Years, Bachelor of Technology)",HS,General PwD,Gender-Neutral,859,859
1,"National Institute of Technology, Jamshedpur","Metallurgical and Materials Engineering (4 Years, Bachelor of Technology)",HS,OBC-NCL,Female-only (including Supernumerary),11767,12927
1,"National Institute of Technology, Jamshedpur","Metallurgical and Materials Engineering (4 Years, Bachelor of Technology)",HS,OBC-NCL,Gender-Neutral,8805,10460
1,"National Institute of Technology, Jamshedpur","Metallurgical and Materials Engineering (4 Years, Bachelor of Technology)",HS,SC,Gender-Neutral,6009,7350
1,"National Institute of Technology, Jamshedpur","Metallurgical and Materials Engineering (4 Years, Bachelor of Technology)",HS,SC,Female-only (including Supernumerary),6647,6647
1,"National Institute of Technology, Jamshedpur","Metallurgical and Materials Engineering (4 Years, Bachelor of Technology)",HS,ST,Gender-Neutral,2793,3221
1,"National Institute of Technology, Jamshedpur","Metallurgical and Materials Engineering (4 Years, Bachelor of Technology)",OS,General,Female-only (including Supernumerary),30637,30921
1,"National Institute of Technology, Jamshedpur","Metallurgical and Materials Engineering (4 Years, Bachelor of Technology)",OS,General,Gender-Neutral,17235,26599
1,"National Institute of Technology, Jamshedpur","Metallurgical and Materials Engineering (4 Years, Bachelor of Technology)",OS,General PwD,Gender-Neutral,1096,1096
1,"National Institute of Technology, Jamshedpur","Metallurgical and Materials Engineering (4 Years, Bachelor of Technology)",OS,OBC-NCL,Female-only (including Supernumerary),11385,11608
1,"National Institute of Technology, Jamshedpur","Metallurgical and Materials Engineering (4 Years, Bachelor of Technology)",OS,OBC-NCL,Gender-Neutral,7268,9047
1,"National Institute of Technology, Jamshedpur","Metallurgical and Materials Engineering (4 Years, Bachelor of Technology)",OS,OBC-NCL(PwD),Gender-Neutral,845,845
1,"National Institute of Technology, Jamshedpur","Metallurgical and Materials Engineering (4 Years, Bachelor of Technology)",OS,SC,Female-only (including Supernumerary),5572,5572
1,"National Institute of Technology, Jamshedpur","Metallurgical and Materials Engineering (4 Years, Bachelor of Technology)",OS,SC,Gender-Neutral,4275,5458
1,"National Institute of Technology, Jamshedpur","Metallurgical and Materials Engineering (4 Years, Bachelor of Technology)",OS,ST,Female-only (including Supernumerary),3639,3639
1,"National Institute of Technology, Jamshedpur","Metallurgical and Materials Engineering (4 Years, Bachelor of Technology)",OS,ST,Gender-Neutral,1930,2241
1,"National Institute of Technology, Jamshedpur","Production and Industrial Engineering (4 Years, Bachelor of Technology)",HS,General,Female-only (including Supernumerary),36293,37442
1,"National Institute of Technology, Jamshedpur","Production and Industrial Engineering (4 Years, Bachelor of Technology)",HS,General,Gender-Neutral,32303,36730
1,"National Institute of Technology, Jamshedpur","Production and Industrial Engineering (4 Years, Bachelor of Technology)",HS,General PwD,Gender-Neutral,2101,2101
1,"National Institute of Technology, Jamshedpur","Production and Industrial Engineering (4 Years, Bachelor of Technology)",HS,OBC-NCL,Female-only (including Supernumerary),14326,14326
1,"National Institute of Technology, Jamshedpur","Production and Industrial Engineering (4 Years, Bachelor of Technology)",HS,OBC-NCL,Gender-Neutral,9145,10647
1,"National Institute of Technology, Jamshedpur","Production and Industrial Engineering (4 Years, Bachelor of Technology)",HS,SC,Gender-Neutral,8042,8486
1,"National Institute of Technology, Jamshedpur","Production and Industrial Engineering (4 Years, Bachelor of Technology)",HS,ST,Gender-Neutral,3668,3909
1,"National Institute of Technology, Jamshedpur","Production and Industrial Engineering (4 Years, Bachelor of Technology)",OS,General,Female-only (including Supernumerary),28117,29587
1,"National Institute of Technology, Jamshedpur","Production and Industrial Engineering (4 Years, Bachelor of Technology)",OS,General,Gender-Neutral,20597,24469
1,"National Institute of Technology, Jamshedpur","Production and Industrial Engineering (4 Years, Bachelor of Technology)",OS,General PwD,Gender-Neutral,1387,1387
1,"National Institute of Technology, Jamshedpur","Production and Industrial Engineering (4 Years, Bachelor of Technology)",OS,OBC-NCL,Female-only (including Supernumerary),11704,11704
1,"National Institute of Technology, Jamshedpur","Production and Industrial Engineering (4 Years, Bachelor of Technology)",OS,OBC-NCL,Gender-Neutral,6869,8078
1,"National Institute of Technology, Jamshedpur","Production and Industrial Engineering (4 Years, Bachelor of Technology)",OS,OBC-NCL(PwD),Gender-Neutral,653,653
1,"National Institute of Technology, Jamshedpur","Production and Industrial Engineering (4 Years, Bachelor of Technology)",OS,SC,Gender-Neutral,4629,5544
1,"National Institute of Technology, Jamshedpur","Production and Industrial Engineering (4 Years, Bachelor of Technology)",OS,SC,Female-only (including Supernumerary),6837,6837
1,"National Institute of Technology, Jamshedpur","Production and Industrial Engineering (4 Years, Bachelor of Technology)",OS,ST,Gender-Neutral,838,2635
1,"National Institute of Technology, Kurukshetra","Civil Engineering (4 Years, Bachelor of Technology)",HS,General,Female-only (including Supernumerary),20734,26604
1,"National Institute of Technology, Kurukshetra","Civil Engineering (4 Years, Bachelor of Technology)",HS,General,Gender-Neutral,15770,23331
1,"National Institute of Technology, Kurukshetra","Civil Engineering (4 Years, Bachelor of Technology)",HS,General PwD,Gender-Neutral,1751,1751
1,"National Institute of Technology, Kurukshetra","Civil Engineering (4 Years, Bachelor of Technology)",HS,OBC-NCL,Female-only (including Supernumerary),11491,14570
1,"National Institute of Technology, Kurukshetra","Civil Engineering (4 Years, Bachelor of Technology)",HS,OBC-NCL,Gender-Neutral,6234,10084
1,"National Institute of Technology, Kurukshetra","Civil Engineering (4 Years, Bachelor of Technology)",HS,SC,Gender-Neutral,3097,5640
1,"National Institute of Technology, Kurukshetra","Civil Engineering (4 Years, Bachelor of Technology)",HS,SC,Female-only (including Supernumerary),6674,7682
1,"National Institute of Technology, Kurukshetra","Civil Engineering (4 Years, Bachelor of Technology)",HS,ST,Gender-Neutral,3369,28066
1,"National Institute of Technology, Kurukshetra","Civil Engineering (4 Years, Bachelor of Technology)",OS,General,Gender-Neutral,8904,18013
1,"National Institute of Technology, Kurukshetra","Civil Engineering (4 Years, Bachelor of Technology)",OS,General,Female-only (including Supernumerary),18149,21056
1,"National Institute of Technology, Kurukshetra","Civil Engineering (4 Years, Bachelor of Technology)",OS,General PwD,Female-only (including Supernumerary),1660,1660
1,"National Institute of Technology, Kurukshetra","Civil Engineering (4 Years, Bachelor of Technology)",OS,General PwD,Gender-Neutral,735,770
1,"National Institute of Technology, Kurukshetra","Civil Engineering (4 Years, Bachelor of Technology)",OS,OBC-NCL,Gender-Neutral,4760,5669
1,"National Institute of Technology, Kurukshetra","Civil Engineering (4 Years, Bachelor of Technology)",OS,OBC-NCL,Female-only (including Supernumerary),7455,9393
1,"National Institute of Technology, Kurukshetra","Civil Engineering (4 Years, Bachelor of Technology)",OS,OBC-NCL(PwD),Gender-Neutral,336,336
1,"National Institute of Technology, Kurukshetra","Civil Engineering (4 Years, Bachelor of Technology)",OS,SC,Gender-Neutral,2041,2835
1,"National Institute of Technology, Kurukshetra","Civil Engineering (4 Years, Bachelor of Technology)",OS,SC,Female-only (including Supernumerary),3928,3928
1,"National Institute of Technology, Kurukshetra","Civil Engineering (4 Years, Bachelor of Technology)",OS,ST,Female-only (including Supernumerary),1239,1239
1,"National Institute of Technology, Kurukshetra","Civil Engineering (4 Years, Bachelor of Technology)",OS,ST,Gender-Neutral,515,623
1,"National Institute of Technology, Kurukshetra","Computer Engineering (4 Years, Bachelor of Technology)",HS,General,Gender-Neutral,4122,5628
1,"National Institute of Technology, Kurukshetra","Computer Engineering (4 Years, Bachelor of Technology)",HS,General,Female-only (including Supernumerary),3180,7897
1,"National Institute of Technology, Kurukshetra","Computer Engineering (4 Years, Bachelor of Technology)",HS,General PwD,Gender-Neutral,103,103
1,"National Institute of Technology, Kurukshetra","Computer Engineering (4 Years, Bachelor of Technology)",HS,OBC-NCL,Female-only (including Supernumerary),3945,4686
1,"National Institute of Technology, Kurukshetra","Computer Engineering (4 Years, Bachelor of Technology)",HS,OBC-NCL,Gender-Neutral,1248,2807
1,"National Institute of Technology, Kurukshetra","Computer Engineering (4 Years, Bachelor of Technology)",HS,OBC-NCL(PwD),Gender-Neutral,343,343
1,"National Institute of Technology, Kurukshetra","Computer Engineering (4 Years, Bachelor of Technology)",HS,SC,Female-only (including Supernumerary),2095,2095
1,"National Institute of Technology, Kurukshetra","Computer Engineering (4 Years, Bachelor of Technology)",HS,SC,Gender-Neutral,1088,1460
1,"National Institute of Technology, Kurukshetra","Computer Engineering (4 Years, Bachelor of Technology)",HS,ST,Female-only (including Supernumerary),15866,15866
1,"National Institute of Technology, Kurukshetra","Computer Engineering (4 Years, Bachelor of Technology)",HS,ST,Gender-Neutral,3604,15471
1,"National Institute of Technology, Kurukshetra","Computer Engineering (4 Years, Bachelor of Technology)",OS,General,Female-only (including Supernumerary),4065,8189
1,"National Institute of Technology, Kurukshetra","Computer Engineering (4 Years, Bachelor of Technology)",OS,General,Gender-Neutral,4642,5799
1,"National Institute of Technology, Kurukshetra","Computer Engineering (4 Years, Bachelor of Technology)",OS,General PwD,Female-only (including Supernumerary),381,381
1,"National Institute of Technology, Kurukshetra","Computer Engineering (4 Years, Bachelor of Technology)",OS,General PwD,Gender-Neutral,164,164
1,"National Institute of Technology, Kurukshetra","Computer Engineering (4 Years, Bachelor of Technology)",OS,OBC-NCL,Gender-Neutral,1660,2488
1,"National Institute of Technology, Kurukshetra","Computer Engineering (4 Years, Bachelor of Technology)",OS,OBC-NCL,Female-only (including Supernumerary),3300,3800
1,"National Institute of Technology, Kurukshetra","Computer Engineering (4 Years, Bachelor of Technology)",OS,SC,Gender-Neutral,496,1055
1,"National Institute of Technology, Kurukshetra","Computer Engineering (4 Years, Bachelor of Technology)",OS,SC,Female-only (including Supernumerary),1141,1141
1,"National Institute of Technology, Kurukshetra","Computer Engineering (4 Years, Bachelor of Technology)",OS,ST,Gender-Neutral,522,674
1,"National Institute of Technology, Kurukshetra","Electrical Engineering (4 Years, Bachelor of Technology)",HS,General,Gender-Neutral,8583,17909
1,"National Institute of Technology, Kurukshetra","Electrical Engineering (4 Years, Bachelor of Technology)",HS,General,Female-only (including Supernumerary),14305,19150
1,"National Institute of Technology, Kurukshetra","Electrical Engineering (4 Years, Bachelor of Technology)",HS,General PwD,Female-only (including Supernumerary),2947,2947
1,"National Institute of Technology, Kurukshetra","Electrical Engineering (4 Years, Bachelor of Technology)",HS,General PwD,Gender-Neutral,701,701
1,"National Institute of Technology, Kurukshetra","Electrical Engineering (4 Years, Bachelor of Technology)",HS,OBC-NCL,Gender-Neutral,4735,7718
1,"National Institute of Technology, Kurukshetra","Electrical Engineering (4 Years, Bachelor of Technology)",HS,OBC-NCL,Female-only (including Supernumerary),8895,13072
1,"National Institute of Technology, Kurukshetra","Electrical Engineering (4 Years, Bachelor of Technology)",HS,SC,Female-only (including Supernumerary),5765,5765
1,"National Institute of Technology, Kurukshetra","Electrical Engineering (4 Years, Bachelor of Technology)",HS,SC,Gender-Neutral,872,4228
1,"National Institute of Technology, Kurukshetra","Electrical Engineering (4 Years, Bachelor of Technology)",HS,ST,Gender-Neutral,4127,18822
1,"National Institute of Technology, Kurukshetra","Electrical Engineering (4 Years, Bachelor of Technology)",OS,General,Gender-Neutral,9245,12788
1,"National Institute of Technology, Kurukshetra","Electrical Engineering (4 Years, Bachelor of Technology)",OS,General,Female-only (including Supernumerary),11499,14758
1,"National Institute of Technology, Kurukshetra","Electrical Engineering (4 Years, Bachelor of Technology)",OS,General PwD,Gender-Neutral,532,688
1,"National Institute of Technology, Kurukshetra","Electrical Engineering (4 Years, Bachelor of Technology)",OS,OBC-NCL,Gender-Neutral,2985,4695
1,"National Institute of Technology, Kurukshetra","Electrical Engineering (4 Years, Bachelor of Technology)",OS,OBC-NCL,Female-only (including Supernumerary),8506,9045
1,"National Institute of Technology, Kurukshetra","Electrical Engineering (4 Years, Bachelor of Technology)",OS,OBC-NCL(PwD),Gender-Neutral,248,248
1,"National Institute of Technology, Kurukshetra","Electrical Engineering (4 Years, Bachelor of Technology)",OS,SC,Gender-Neutral,1474,2308
1,"National Institute of Technology, Kurukshetra","Electrical Engineering (4 Years, Bachelor of Technology)",OS,SC,Female-only (including Supernumerary),2871,3366
1,"National Institute of Technology, Kurukshetra","Electrical Engineering (4 Years, Bachelor of Technology)",OS,ST,Gender-Neutral,758,832
1,"National Institute of Technology, Kurukshetra","Electrical Engineering (4 Years, Bachelor of Technology)",OS,ST,Female-only (including Supernumerary),1763,1763
1,"National Institute of Technology, Kurukshetra","Electronics and Communication Engineering (4 Years, Bachelor of Technology)",HS,General,Female-only (including Supernumerary),10983,12898
1,"National Institute of Technology, Kurukshetra","Electronics and Communication Engineering (4 Years, Bachelor of Technology)",HS,General,Gender-Neutral,6573,12478
1,"National Institute of Technology, Kurukshetra","Electronics and Communication Engineering (4 Years, Bachelor of Technology)",HS,General PwD,Gender-Neutral,651,651
1,"National Institute of Technology, Kurukshetra","Electronics and Communication Engineering (4 Years, Bachelor of Technology)",HS,OBC-NCL,Female-only (including Supernumerary),7299,14121
1,"National Institute of Technology, Kurukshetra","Electronics and Communication Engineering (4 Years, Bachelor of Technology)",HS,OBC-NCL,Gender-Neutral,3891,6254
1,"National Institute of Technology, Kurukshetra","Electronics and Communication Engineering (4 Years, Bachelor of Technology)",HS,SC,Female-only (including Supernumerary),7150,10421
1,"National Institute of Technology, Kurukshetra","Electronics and Communication Engineering (4 Years, Bachelor of Technology)",HS,SC,Gender-Neutral,2091,3754
1,"National Institute of Technology, Kurukshetra","Electronics and Communication Engineering (4 Years, Bachelor of Technology)",OS,General,Female-only (including Supernumerary),10445,11470
1,"National Institute of Technology, Kurukshetra","Electronics and Communication Engineering (4 Years, Bachelor of Technology)",OS,General,Gender-Neutral,7387,9995
1,"National Institute of Technology, Kurukshetra","Electronics and Communication Engineering (4 Years, Bachelor of Technology)",OS,General PwD,Female-only (including Supernumerary),1577,1577
1,"National Institute of Technology, Kurukshetra","Electronics and Communication Engineering (4 Years, Bachelor of Technology)",OS,General PwD,Gender-Neutral,390,485
1,"National Institute of Technology, Kurukshetra","Electronics and Communication Engineering (4 Years, Bachelor of Technology)",OS,OBC-NCL,Female-only (including Supernumerary),6972,8082
1,"National Institute of Technology, Kurukshetra","Electronics and Communication Engineering (4 Years, Bachelor of Technology)",OS,OBC-NCL,Gender-Neutral,2574,3824
1,"National Institute of Technology, Kurukshetra","Electronics and Communication Engineering (4 Years, Bachelor of Technology)",OS,OBC-NCL(PwD),Gender-Neutral,294,294
1,"National Institute of Technology, Kurukshetra","Electronics and Communication Engineering (4 Years, Bachelor of Technology)",OS,SC,Female-only (including Supernumerary),2385,2385
1,"National Institute of Technology, Kurukshetra","Electronics and Communication Engineering (4 Years, Bachelor of Technology)",OS,SC,Gender-Neutral,1909,2294
1,"National Institute of Technology, Kurukshetra","Electronics and Communication Engineering (4 Years, Bachelor of Technology)",OS,ST,Gender-Neutral,783,872
1,"National Institute of Technology, Kurukshetra","Electronics and Communication Engineering (4 Years, Bachelor of Technology)",OS,ST,Female-only (including Supernumerary),2604,2604
1,"National Institute of Technology, Kurukshetra","Information Technology (4 Years, Bachelor of Technology)",HS,General,Female-only (including Supernumerary),8361,8535
1,"National Institute of Technology, Kurukshetra","Information Technology (4 Years, Bachelor of Technology)",HS,General,Gender-Neutral,5827,8304
1,"National Institute of Technology, Kurukshetra","Information Technology (4 Years, Bachelor of Technology)",HS,General PwD,Gender-Neutral,612,612
1,"National Institute of Technology, Kurukshetra","Information Technology (4 Years, Bachelor of Technology)",HS,OBC-NCL,Gender-Neutral,2864,3622
1,"National Institute of Technology, Kurukshetra","Information Technology (4 Years, Bachelor of Technology)",HS,OBC-NCL,Female-only (including Supernumerary),5675,5733
1,"National Institute of Technology, Kurukshetra","Information Technology (4 Years, Bachelor of Technology)",HS,OBC-NCL(PwD),Gender-Neutral,773,773
1,"National Institute of Technology, Kurukshetra","Information Technology (4 Years, Bachelor of Technology)",HS,SC,Female-only (including Supernumerary),6492,6492
1,"National Institute of Technology, Kurukshetra","Information Technology (4 Years, Bachelor of Technology)",HS,SC,Gender-Neutral,1591,2038
1,"National Institute of Technology, Kurukshetra","Information Technology (4 Years, Bachelor of Technology)",HS,ST,Gender-Neutral,25913,29238
1,"National Institute of Technology, Kurukshetra","Information Technology (4 Years, Bachelor of Technology)",HS,ST,Female-only (including Supernumerary),18935,18935
1,"National Institute of Technology, Kurukshetra","Information Technology (4 Years, Bachelor of Technology)",OS,General,Female-only (including Supernumerary),8307,8943
1,"National Institute of Technology, Kurukshetra","Information Technology (4 Years, Bachelor of Technology)",OS,General,Gender-Neutral,5862,7623
1,"National Institute of Technology, Kurukshetra","Information Technology (4 Years, Bachelor of Technology)",OS,General PwD,Female-only (including Supernumerary),567,567
1,"National Institute of Technology, Kurukshetra","Information Technology (4 Years, Bachelor of Technology)",OS,General PwD,Gender-Neutral,283,283
1,"National Institute of Technology, Kurukshetra","Information Technology (4 Years, Bachelor of Technology)",OS,OBC-NCL,Gender-Neutral,1590,3033
1,"National Institute of Technology, Kurukshetra","Information Technology (4 Years, Bachelor of Technology)",OS,OBC-NCL,Female-only (including Supernumerary),4565,4883
1,"National Institute of Technology, Kurukshetra","Information Technology (4 Years, Bachelor of Technology)",OS,SC,Female-only (including Supernumerary),2240,2240
1,"National Institute of Technology, Kurukshetra","Information Technology (4 Years, Bachelor of Technology)",OS,SC,Gender-Neutral,1087,1665
1,"National Institute of Technology, Kurukshetra","Information Technology (4 Years, Bachelor of Technology)",OS,ST,Gender-Neutral,739,1131
1,"National Institute of Technology, Kurukshetra","Mechanical Engineering (4 Years, Bachelor of Technology)",HS,General,Gender-Neutral,8856,15232
1,"National Institute of Technology, Kurukshetra","Mechanical Engineering (4 Years, Bachelor of Technology)",HS,General,Female-only (including Supernumerary),21070,25015
1,"National Institute of Technology, Kurukshetra","Mechanical Engineering (4 Years, Bachelor of Technology)",HS,General PwD,Gender-Neutral,934,934
1,"National Institute of Technology, Kurukshetra","Mechanical Engineering (4 Years, Bachelor of Technology)",HS,OBC-NCL,Female-only (including Supernumerary),11556,14806
1,"National Institute of Technology, Kurukshetra","Mechanical Engineering (4 Years, Bachelor of Technology)",HS,OBC-NCL,Gender-Neutral,3781,6622
1,"National Institute of Technology, Kurukshetra","Mechanical Engineering (4 Years, Bachelor of Technology)",HS,OBC-NCL(PwD),Gender-Neutral,1026,1026
1,"National Institute of Technology, Kurukshetra","Mechanical Engineering (4 Years, Bachelor of Technology)",HS,SC,Gender-Neutral,1140,3158
1,"National Institute of Technology, Kurukshetra","Mechanical Engineering (4 Years, Bachelor of Technology)",HS,SC,Female-only (including Supernumerary),8349,8349
1,"National Institute of Technology, Kurukshetra","Mechanical Engineering (4 Years, Bachelor of Technology)",HS,ST,Gender-Neutral,2798,28580
1,"National Institute of Technology, Kurukshetra","Mechanical Engineering (4 Years, Bachelor of Technology)",OS,General,Gender-Neutral,10501,13515
1,"National Institute of Technology, Kurukshetra","Mechanical Engineering (4 Years, Bachelor of Technology)",OS,General,Female-only (including Supernumerary),16188,19078
1,"National Institute of Technology, Kurukshetra","Mechanical Engineering (4 Years, Bachelor of Technology)",OS,General PwD,Gender-Neutral,531,580
1,"National Institute of Technology, Kurukshetra","Mechanical Engineering (4 Years, Bachelor of Technology)",OS,OBC-NCL,Female-only (including Supernumerary),9643,10506
1,"National Institute of Technology, Kurukshetra","Mechanical Engineering (4 Years, Bachelor of Technology)",OS,OBC-NCL,Gender-Neutral,3617,4814
1,"National Institute of Technology, Kurukshetra","Mechanical Engineering (4 Years, Bachelor of Technology)",OS,OBC-NCL(PwD),Gender-Neutral,274,274
1,"National Institute of Technology, Kurukshetra","Mechanical Engineering (4 Years, Bachelor of Technology)",OS,SC,Female-only (including Supernumerary),1713,4576
1,"National Institute of Technology, Kurukshetra","Mechanical Engineering (4 Years, Bachelor of Technology)",OS,SC,Gender-Neutral,688,2424
1,"National Institute of Technology, Kurukshetra","Mechanical Engineering (4 Years, Bachelor of Technology)",OS,SC PwD,Gender-Neutral,213,213
1,"National Institute of Technology, Kurukshetra","Mechanical Engineering (4 Years, Bachelor of Technology)",OS,ST,Female-only (including Supernumerary),2495,2495
1,"National Institute of Technology, Kurukshetra","Mechanical Engineering (4 Years, Bachelor of Technology)",OS,ST,Gender-Neutral,795,992
1,"National Institute of Technology, Kurukshetra","Production and Industrial Engineering (4 Years, Bachelor of Technology)",HS,General,Female-only (including Supernumerary),25334,32878
1,"National Institute of Technology, Kurukshetra","Production and Industrial Engineering (4 Years, Bachelor of Technology)",HS,General,Gender-Neutral,19282,27372
1,"National Institute of Technology, Kurukshetra","Production and Industrial Engineering (4 Years, Bachelor of Technology)",HS,General PwD,Gender-Neutral,1286,1286
1,"National Institute of Technology, Kurukshetra","Production and Industrial Engineering (4 Years, Bachelor of Technology)",HS,OBC-NCL,Female-only (including Supernumerary),14975,14984
1,"National Institute of Technology, Kurukshetra","Production and Industrial Engineering (4 Years, Bachelor of Technology)",HS,OBC-NCL,Gender-Neutral,8975,11947
1,"National Institute of Technology, Kurukshetra","Production and Industrial Engineering (4 Years, Bachelor of Technology)",HS,SC,Gender-Neutral,5286,6510
1,"National Institute of Technology, Kurukshetra","Production and Industrial Engineering (4 Years, Bachelor of Technology)",HS,SC,Female-only (including Supernumerary),15660,15660
1,"National Institute of Technology, Kurukshetra","Production and Industrial Engineering (4 Years, Bachelor of Technology)",OS,General,Gender-Neutral,15906,22806
1,"National Institute of Technology, Kurukshetra","Production and Industrial Engineering (4 Years, Bachelor of Technology)",OS,General,Female-only (including Supernumerary),21732,25397
1,"National Institute of Technology, Kurukshetra","Production and Industrial Engineering (4 Years, Bachelor of Technology)",OS,General PwD,Gender-Neutral,1431,1431
1,"National Institute of Technology, Kurukshetra","Production and Industrial Engineering (4 Years, Bachelor of Technology)",OS,OBC-NCL,Female-only (including Supernumerary),10525,10805
1,"National Institute of Technology, Kurukshetra","Production and Industrial Engineering (4 Years, Bachelor of Technology)",OS,OBC-NCL,Gender-Neutral,6852,7891
1,"National Institute of Technology, Kurukshetra","Production and Industrial Engineering (4 Years, Bachelor of Technology)",OS,SC,Gender-Neutral,3771,5032
1,"National Institute of Technology, Kurukshetra","Production and Industrial Engineering (4 Years, Bachelor of Technology)",OS,SC,Female-only (including Supernumerary),6914,6914
1,"National Institute of Technology, Kurukshetra","Production and Industrial Engineering (4 Years, Bachelor of Technology)",OS,ST,Gender-Neutral,2297,2499
1,"National Institute of Technology, Kurukshetra","Production and Industrial Engineering (4 Years, Bachelor of Technology)",OS,ST,Female-only (including Supernumerary),3335,3335
1,"National Institute of Technology, Manipur","Civil Engineering (4 Years, Bachelor of Technology)",HS,General,Gender-Neutral,64734,115078
1,"National Institute of Technology, Manipur","Civil Engineering (4 Years, Bachelor of Technology)",HS,General,Female-only (including Supernumerary),78792,157372
1,"National Institute of Technology, Manipur","Civil Engineering (4 Years, Bachelor of Technology)",HS,OBC-NCL,Gender-Neutral,36047,36047
1,"National Institute of Technology, Manipur","Civil Engineering (4 Years, Bachelor of Technology)",HS,OBC-NCL,Female-only (including Supernumerary),73003,73003
1,"National Institute of Technology, Manipur","Civil Engineering (4 Years, Bachelor of Technology)",HS,SC,Gender-Neutral,5622,5622
1,"National Institute of Technology, Manipur","Civil Engineering (4 Years, Bachelor of Technology)",HS,ST,Gender-Neutral,1995,6036
1,"National Institute of Technology, Manipur","Civil Engineering (4 Years, Bachelor of Technology)",OS,General,Female-only (including Supernumerary),34497,34497
1,"National Institute of Technology, Manipur","Civil Engineering (4 Years, Bachelor of Technology)",OS,General,Gender-Neutral,24578,28768
1,"National Institute of Technology, Manipur","Civil Engineering (4 Years, Bachelor of Technology)",OS,OBC-NCL,Gender-Neutral,7773,8816
1,"National Institute of Technology, Manipur","Civil Engineering (4 Years, Bachelor of Technology)",OS,SC,Gender-Neutral,4907,5079
1,"National Institute of Technology, Manipur","Civil Engineering (4 Years, Bachelor of Technology)",OS,ST,Female-only (including Supernumerary),2467,2467
1,"National Institute of Technology, Manipur","Computer Science and Engineering (4 Years, Bachelor of Technology)",HS,General,Female-only (including Supernumerary),199881,320305
1,"National Institute of Technology, Manipur","Computer Science and Engineering (4 Years, Bachelor of Technology)",HS,General,Gender-Neutral,75574,308216
1,"National Institute of Technology, Manipur","Computer Science and Engineering (4 Years, Bachelor of Technology)",HS,OBC-NCL,Female-only (including Supernumerary),115845,115845
1,"National Institute of Technology, Manipur","Computer Science and Engineering (4 Years, Bachelor of Technology)",HS,OBC-NCL,Gender-Neutral,104899,125813
1,"National Institute of Technology, Manipur","Computer Science and Engineering (4 Years, Bachelor of Technology)",HS,SC,Gender-Neutral,22348,22348
1,"National Institute of Technology, Manipur","Computer Science and Engineering (4 Years, Bachelor of Technology)",HS,ST,Female-only (including Supernumerary),39384,39384
1,"National Institute of Technology, Manipur","Computer Science and Engineering (4 Years, Bachelor of Technology)",HS,ST,Gender-Neutral,7282,16179
1,"National Institute of Technology, Manipur","Computer Science and Engineering (4 Years, Bachelor of Technology)",OS,General,Female-only (including Supernumerary),21577,24646
1,"National Institute of Technology, Manipur","Computer Science and Engineering (4 Years, Bachelor of Technology)",OS,General,Gender-Neutral,10993,18007
1,"National Institute of Technology, Manipur","Computer Science and Engineering (4 Years, Bachelor of Technology)",OS,OBC-NCL,Gender-Neutral,4274,5371
1,"National Institute of Technology, Manipur","Computer Science and Engineering (4 Years, Bachelor of Technology)",OS,OBC-NCL,Female-only (including Supernumerary),8913,8913
1,"National Institute of Technology, Manipur","Computer Science and Engineering (4 Years, Bachelor of Technology)",OS,OBC-NCL(PwD),Gender-Neutral,214,214
1,"National Institute of Technology, Manipur","Computer Science and Engineering (4 Years, Bachelor of Technology)",OS,SC,Gender-Neutral,2816,3181
1,"National Institute of Technology, Manipur","Computer Science and Engineering (4 Years, Bachelor of Technology)",OS,SC,Female-only (including Supernumerary),6493,6493
1,"National Institute of Technology, Manipur","Computer Science and Engineering (4 Years, Bachelor of Technology)",OS,ST,Gender-Neutral,1372,1382
1,"National Institute of Technology, Manipur","Computer Science and Engineering (4 Years, Bachelor of Technology)",OS,ST,Female-only (including Supernumerary),2916,2916
1,"National Institute of Technology, Manipur","Electrical Engineering (4 Years, Bachelor of Technology)",HS,General,Gender-Neutral,103631,183055
1,"National Institute of Technology, Manipur","Electrical Engineering (4 Years, Bachelor of Technology)",HS,General,Female-only (including Supernumerary),274807,274807
1,"National Institute of Technology, Manipur","Electrical Engineering (4 Years, Bachelor of Technology)",HS,OBC-NCL,Gender-Neutral,63292,76951
1,"National Institute of Technology, Manipur","Electrical Engineering (4 Years, Bachelor of Technology)",HS,OBC-NCL,Female-only (including Supernumerary),110653,110653
1,"National Institute of Technology, Manipur","Electrical Engineering (4 Years, Bachelor of Technology)",HS,ST,Female-only (including Supernumerary),7324,7324
1,"National Institute of Technology, Manipur","Electrical Engineering (4 Years, Bachelor of Technology)",HS,ST,Gender-Neutral,4404,8530
1,"National Institute of Technology, Manipur","Electrical Engineering (4 Years, Bachelor of Technology)",OS,General,Female-only (including Supernumerary),30544,30544
1,"National Institute of Technology, Manipur","Electrical Engineering (4 Years, Bachelor of Technology)",OS,General,Gender-Neutral,19955,26675
1,"National Institute of Technology, Manipur","Electrical Engineering (4 Years, Bachelor of Technology)",OS,OBC-NCL,Female-only (including Supernumerary),13826,13826
1,"National Institute of Technology, Manipur","Electrical Engineering (4 Years, Bachelor of Technology)",OS,OBC-NCL,Gender-Neutral,7141,8105
1,"National Institute of Technology, Manipur","Electrical Engineering (4 Years, Bachelor of Technology)",OS,SC,Female-only (including Supernumerary),5970,5970
1,"National Institute of Technology, Manipur","Electrical Engineering (4 Years, Bachelor of Technology)",OS,SC,Gender-Neutral,4280,4280
1,"National Institute of Technology, Manipur","Electrical Engineering (4 Years, Bachelor of Technology)",OS,ST,Gender-Neutral,1868,1868
1,"National Institute of Technology, Manipur","Electronics and Communication Engineering (4 Years, Bachelor of Technology)",HS,General,Female-only (including Supernumerary),322294,322294
1,"National Institute of Technology, Manipur","Electronics and Communication Engineering (4 Years, Bachelor of Technology)",HS,General,Gender-Neutral,97683,354996
1,"National Institute of Technology, Manipur","Electronics and Communication Engineering (4 Years, Bachelor of Technology)",HS,OBC-NCL,Gender-Neutral,149574,183995
1,"National Institute of Technology, Manipur","Electronics and Communication Engineering (4 Years, Bachelor of Technology)",HS,ST,Gender-Neutral,16498,32217
1,"National Institute of Technology, Manipur","Electronics and Communication Engineering (4 Years, Bachelor of Technology)",HS,ST,Female-only (including Supernumerary),25268,25268
1,"National Institute of Technology, Manipur","Electronics and Communication Engineering (4 Years, Bachelor of Technology)",OS,General,Gender-Neutral,15079,20605
1,"National Institute of Technology, Manipur","Electronics and Communication Engineering (4 Years, Bachelor of Technology)",OS,General,Female-only (including Supernumerary),26449,27184
1,"National Institute of Technology, Manipur","Electronics and Communication Engineering (4 Years, Bachelor of Technology)",OS,OBC-NCL,Gender-Neutral,6875,7500
1,"National Institute of Technology, Manipur","Electronics and Communication Engineering (4 Years, Bachelor of Technology)",OS,OBC-NCL,Female-only (including Supernumerary),11623,11623
1,"National Institute of Technology, Manipur","Electronics and Communication Engineering (4 Years, Bachelor of Technology)",OS,SC,Gender-Neutral,4224,4735
1,"National Institute of Technology, Manipur","Electronics and Communication Engineering (4 Years, Bachelor of Technology)",OS,ST,Gender-Neutral,1423,1423
1,"National Institute of Technology, Manipur","Mechanical Engineering (4 Years, Bachelor of Technology)",HS,General,Female-only (including Supernumerary),367263,367263
1,"National Institute of Technology, Manipur","Mechanical Engineering (4 Years, Bachelor of Technology)",HS,General,Gender-Neutral,191224,345490
1,"National Institute of Technology, Manipur","Mechanical Engineering (4 Years, Bachelor of Technology)",HS,OBC-NCL,Gender-Neutral,126232,139383
1,"National Institute of Technology, Manipur","Mechanical Engineering (4 Years, Bachelor of Technology)",HS,ST,Gender-Neutral,11360,13481
1,"National Institute of Technology, Manipur","Mechanical Engineering (4 Years, Bachelor of Technology)",HS,ST,Female-only (including Supernumerary),21489,21489
1,"National Institute of Technology, Manipur","Mechanical Engineering (4 Years, Bachelor of Technology)",OS,General,Gender-Neutral,19428,25161
1,"National Institute of Technology, Manipur","Mechanical Engineering (4 Years, Bachelor of Technology)",OS,General,Female-only (including Supernumerary),31788,33306
1,"National Institute of Technology, Manipur","Mechanical Engineering (4 Years, Bachelor of Technology)",OS,OBC-NCL,Gender-Neutral,6323,7626
1,"National Institute of Technology, Manipur","Mechanical Engineering (4 Years, Bachelor of Technology)",OS,OBC-NCL,Female-only (including Supernumerary),11720,11720
1,"National Institute of Technology, Manipur","Mechanical Engineering (4 Years, Bachelor of Technology)",OS,SC,Gender-Neutral,3786,4637
1,"National Institute of Technology, Manipur","Mechanical Engineering (4 Years, Bachelor of Technology)",OS,ST,Gender-Neutral,1594,1594
1,"National Institute of Technology, Mizoram","Civil Engineering (4 Years, Bachelor of Technology)",HS,General,Gender-Neutral,206278,361200
1,"National Institute of Technology, Mizoram","Civil Engineering (4 Years, Bachelor of Technology)",HS,General,Female-only (including Supernumerary),206447,249116
1,"National Institute of Technology, Mizoram","Civil Engineering (4 Years, Bachelor of Technology)",HS,OBC-NCL,Gender-Neutral,156797,368264
1,"National Institute of Technology, Mizoram","Civil Engineering (4 Years, Bachelor of Technology)",HS,ST,Gender-Neutral,8711,9790
1,"National Institute of Technology, Mizoram","Civil Engineering (4 Years, Bachelor of Technology)",OS,General,Gender-Neutral,25032,31640
1,"National Institute of Technology, Mizoram","Civil Engineering (4 Years, Bachelor of Technology)",OS,General,Female-only (including Supernumerary),34794,34794
1,"National Institute of Technology, Mizoram","Civil Engineering (4 Years, Bachelor of Technology)",OS,OBC-NCL,Female-only (including Supernumerary),13275,13275
1,"National Institute of Technology, Mizoram","Civil Engineering (4 Years, Bachelor of Technology)",OS,OBC-NCL,Gender-Neutral,9257,9370
1,"National Institute of Technology, Mizoram","Civil Engineering (4 Years, Bachelor of Technology)",OS,SC,Gender-Neutral,4450,5076
1,"National Institute of Technology, Mizoram","Civil Engineering (4 Years, Bachelor of Technology)",OS,ST,Gender-Neutral,1681,1681
1,"National Institute of Technology, Mizoram","Computer Science and Engineering (4 Years, Bachelor of Technology)",HS,General,Female-only (including Supernumerary),287466,324801
1,"National Institute of Technology, Mizoram","Computer Science and Engineering (4 Years, Bachelor of Technology)",HS,General,Gender-Neutral,167934,605094
1,"National Institute of Technology, Mizoram","Computer Science and Engineering (4 Years, Bachelor of Technology)",HS,OBC-NCL,Gender-Neutral,358138,382537
1,"National Institute of Technology, Mizoram","Computer Science and Engineering (4 Years, Bachelor of Technology)",HS,SC,Gender-Neutral,92881,92881
1,"National Institute of Technology, Mizoram","Computer Science and Engineering (4 Years, Bachelor of Technology)",HS,ST,Gender-Neutral,19332,19332
1,"National Institute of Technology, Mizoram","Computer Science and Engineering (4 Years, Bachelor of Technology)",OS,General,Female-only (including Supernumerary),26899,26899
1,"National Institute of Technology, Mizoram","Computer Science and Engineering (4 Years, Bachelor of Technology)",OS,General,Gender-Neutral,19047,19963
1,"National Institute of Technology, Mizoram","Computer Science and Engineering (4 Years, Bachelor of Technology)",OS,OBC-NCL,Gender-Neutral,5543,6471
1,"National Institute of Technology, Mizoram","Computer Science and Engineering (4 Years, Bachelor of Technology)",OS,SC,Gender-Neutral,3389,3501
1,"National Institute of Technology, Mizoram","Computer Science and Engineering (4 Years, Bachelor of Technology)",OS,ST,Female-only (including Supernumerary),3984,3984
1,"National Institute of Technology, Mizoram","Electrical and Electronics Engineering (4 Years, Bachelor of Technology)",HS,General,Gender-Neutral,629483,1063199
1,"National Institute of Technology, Mizoram","Electrical and Electronics Engineering (4 Years, Bachelor of Technology)",HS,General,Female-only (including Supernumerary),700915,950522
1,"National Institute of Technology, Mizoram","Electrical and Electronics Engineering (4 Years, Bachelor of Technology)",OS,General,Female-only (including Supernumerary),34414,34414
1,"National Institute of Technology, Mizoram","Electrical and Electronics Engineering (4 Years, Bachelor of Technology)",OS,General,Gender-Neutral,24542,30152
1,"National Institute of Technology, Mizoram","Electrical and Electronics Engineering (4 Years, Bachelor of Technology)",OS,OBC-NCL,Gender-Neutral,8938,9294
1,"National Institute of Technology, Mizoram","Electrical and Electronics Engineering (4 Years, Bachelor of Technology)",OS,OBC-NCL(PwD),Gender-Neutral,708,708
1,"National Institute of Technology, Mizoram","Electrical and Electronics Engineering (4 Years, Bachelor of Technology)",OS,SC,Gender-Neutral,4515,5130
1,"National Institute of Technology, Mizoram","Electrical and Electronics Engineering (4 Years, Bachelor of Technology)",OS,SC,Female-only (including Supernumerary),7316,7316
1,"National Institute of Technology, Mizoram","Electrical and Electronics Engineering (4 Years, Bachelor of Technology)",OS,ST,Gender-Neutral,2319,2319
1,"National Institute of Technology, Mizoram","Electronics and Communication Engineering (4 Years, Bachelor of Technology)",HS,General,Gender-Neutral,469669,803629
1,"National Institute of Technology, Mizoram","Electronics and Communication Engineering (4 Years, Bachelor of Technology)",HS,General,Female-only (including Supernumerary),413761,413761
1,"National Institute of Technology, Mizoram","Electronics and Communication Engineering (4 Years, Bachelor of Technology)",HS,OBC-NCL,Female-only (including Supernumerary),302429,302429
1,"National Institute of Technology, Mizoram","Electronics and Communication Engineering (4 Years, Bachelor of Technology)",HS,ST,Gender-Neutral,31719,31719
1,"National Institute of Technology, Mizoram","Electronics and Communication Engineering (4 Years, Bachelor of Technology)",OS,General,Female-only (including Supernumerary),27760,27760
1,"National Institute of Technology, Mizoram","Electronics and Communication Engineering (4 Years, Bachelor of Technology)",OS,General,Gender-Neutral,23631,25836
1,"National Institute of Technology, Mizoram","Electronics and Communication Engineering (4 Years, Bachelor of Technology)",OS,General PwD,Gender-Neutral,1289,1289
1,"National Institute of Technology, Mizoram","Electronics and Communication Engineering (4 Years, Bachelor of Technology)",OS,OBC-NCL,Female-only (including Supernumerary),12911,12911
1,"National Institute of Technology, Mizoram","Electronics and Communication Engineering (4 Years, Bachelor of Technology)",OS,OBC-NCL,Gender-Neutral,6381,8033
1,"National Institute of Technology, Mizoram","Electronics and Communication Engineering (4 Years, Bachelor of Technology)",OS,SC,Gender-Neutral,4633,5001
1,"National Institute of Technology, Mizoram","Electronics and Communication Engineering (4 Years, Bachelor of Technology)",OS,ST,Gender-Neutral,2224,2224
1,"National Institute of Technology, Mizoram","Mechanical Engineering (4 Years, Bachelor of Technology)",HS,General,Gender-Neutral,329749,1008647
1,"National Institute of Technology, Mizoram","Mechanical Engineering (4 Years, Bachelor of Technology)",HS,General,Female-only (including Supernumerary),969562,1003797
1,"National Institute of Technology, Mizoram","Mechanical Engineering (4 Years, Bachelor of Technology)",HS,ST,Gender-Neutral,38739,38739
1,"National Institute of Technology, Mizoram","Mechanical Engineering (4 Years, Bachelor of Technology)",OS,General,Gender-Neutral,26758,29027
1,"National Institute of Technology, Mizoram","Mechanical Engineering (4 Years, Bachelor of Technology)",OS,General,Female-only (including Supernumerary),34045,34045
1,"National Institute of Technology, Mizoram","Mechanical Engineering (4 Years, Bachelor of Technology)",OS,OBC-NCL,Female-only (including Supernumerary),14026,14026
1,"National Institute of Technology, Mizoram","Mechanical Engineering (4 Years, Bachelor of Technology)",OS,OBC-NCL,Gender-Neutral,8465,8798
1,"National Institute of Technology, Mizoram","Mechanical Engineering (4 Years, Bachelor of Technology)",OS,SC,Gender-Neutral,4118,5117
1,"National Institute of Technology, Mizoram","Mechanical Engineering (4 Years, Bachelor of Technology)",OS,ST,Gender-Neutral,1910,1910
1,"National Institute of Technology, Rourkela","Architecture (5 Years, Bachelor of Architecture)",HS,General,Gender-Neutral,676,1569
1,"National Institute of Technology, Rourkela","Architecture (5 Years, Bachelor of Architecture)",HS,General PwD,Gender-Neutral,22,22
1,"National Institute of Technology, Rourkela","Architecture (5 Years, Bachelor of Architecture)",HS,OBC-NCL,Gender-Neutral,340,1155
1,"National Institute of Technology, Rourkela","Architecture (5 Years, Bachelor of Architecture)",HS,SC,Gender-Neutral,114,114
1,"National Institute of Technology, Rourkela","Architecture (5 Years, Bachelor of Architecture)",HS,ST,Gender-Neutral,47,47
1,"National Institute of Technology, Rourkela","Architecture (5 Years, Bachelor of Architecture)",OS,General,Gender-Neutral,637,1075
1,"National Institute of Technology, Rourkela","Architecture (5 Years, Bachelor of Architecture)",OS,OBC-NCL,Gender-Neutral,249,332
1,"National Institute of Technology, Rourkela","Architecture (5 Years, Bachelor of Architecture)",OS,SC,Gender-Neutral,143,143
1,"National Institute of Technology, Rourkela","Architecture (5 Years, Bachelor of Architecture)",OS,ST,Gender-Neutral,42,42
1,"National Institute of Technology, Rourkela","Bio Medical Engineering (4 Years, Bachelor of Technology)",HS,General,Female-only (including Supernumerary),32079,32079
1,"National Institute of Technology, Rourkela","Bio Medical Engineering (4 Years, Bachelor of Technology)",HS,General,Gender-Neutral,26856,34360
1,"National Institute of Technology, Rourkela","Bio Medical Engineering (4 Years, Bachelor of Technology)",HS,General PwD,Gender-Neutral,652,652
1,"National Institute of Technology, Rourkela","Bio Medical Engineering (4 Years, Bachelor of Technology)",HS,OBC-NCL,Female-only (including Supernumerary),25935,25935
1,"National Institute of Technology, Rourkela","Bio Medical Engineering (4 Years, Bachelor of Technology)",HS,OBC-NCL,Gender-Neutral,10674,15703
1,"National Institute of Technology, Rourkela","Bio Medical Engineering (4 Years, Bachelor of Technology)",HS,SC,Gender-Neutral,5110,5418
1,"National Institute of Technology, Rourkela","Bio Medical Engineering (4 Years, Bachelor of Technology)",HS,ST,Gender-Neutral,2605,2605
1,"National Institute of Technology, Rourkela","Bio Medical Engineering (4 Years, Bachelor of Technology)",OS,General,Female-only (including Supernumerary),21006,21006
1,"National Institute of Technology, Rourkela","Bio Medical Engineering (4 Years, Bachelor of Technology)",OS,General,Gender-Neutral,15685,21634
1,"National Institute of Technology, Rourkela","Bio Medical Engineering (4 Years, Bachelor of Technology)",OS,General PwD,Gender-Neutral,1129,1129
1,"National Institute of Technology, Rourkela","Bio Medical Engineering (4 Years, Bachelor of Technology)",OS,OBC-NCL,Female-only (including Supernumerary),9265,9265
1,"National Institute of Technology, Rourkela","Bio Medical Engineering (4 Years, Bachelor of Technology)",OS,OBC-NCL,Gender-Neutral,7448,8723
1,"National Institute of Technology, Rourkela","Bio Medical Engineering (4 Years, Bachelor of Technology)",OS,SC,Female-only (including Supernumerary),5971,5971
1,"National Institute of Technology, Rourkela","Bio Medical Engineering (4 Years, Bachelor of Technology)",OS,SC,Gender-Neutral,2552,2552
1,"National Institute of Technology, Rourkela","Bio Medical Engineering (4 Years, Bachelor of Technology)",OS,ST,Gender-Neutral,1313,1313
1,"National Institute of Technology, Rourkela","Bio Technology (4 Years, Bachelor of Technology)",HS,General,Gender-Neutral,18784,29959
1,"National Institute of Technology, Rourkela","Bio Technology (4 Years, Bachelor of Technology)",HS,General,Female-only (including Supernumerary),30697,30697
1,"National Institute of Technology, Rourkela","Bio Technology (4 Years, Bachelor of Technology)",HS,General PwD,Gender-Neutral,868,868
1,"National Institute of Technology, Rourkela","Bio Technology (4 Years, Bachelor of Technology)",HS,OBC-NCL,Gender-Neutral,8866,10063
1,"National Institute of Technology, Rourkela","Bio Technology (4 Years, Bachelor of Technology)",HS,OBC-NCL,Female-only (including Supernumerary),22292,22292
1,"National Institute of Technology, Rourkela","Bio Technology (4 Years, Bachelor of Technology)",HS,SC,Gender-Neutral,1787,1787
1,"National Institute of Technology, Rourkela","Bio Technology (4 Years, Bachelor of Technology)",HS,SC,Female-only (including Supernumerary),5814,5814
1,"National Institute of Technology, Rourkela","Bio Technology (4 Years, Bachelor of Technology)",HS,ST,Gender-Neutral,1185,1185
1,"National Institute of Technology, Rourkela","Bio Technology (4 Years, Bachelor of Technology)",OS,General,Gender-Neutral,18172,20875
1,"National Institute of Technology, Rourkela","Bio Technology (4 Years, Bachelor of Technology)",OS,General,Female-only (including Supernumerary),18779,23893
1,"National Institute of Technology, Rourkela","Bio Technology (4 Years, Bachelor of Technology)",OS,OBC-NCL,Gender-Neutral,6442,7921
1,"National Institute of Technology, Rourkela","Bio Technology (4 Years, Bachelor of Technology)",OS,OBC-NCL,Female-only (including Supernumerary),8777,8777
1,"National Institute of Technology, Rourkela","Bio Technology (4 Years, Bachelor of Technology)",OS,SC,Gender-Neutral,3292,3992
1,"National Institute of Technology, Rourkela","Bio Technology (4 Years, Bachelor of Technology)",OS,ST,Gender-Neutral,1515,1515
1,"National Institute of Technology, Rourkela","Ceramic Engineering (4 Years, Bachelor of Technology)",HS,General,Gender-Neutral,26527,32907
1,"National Institute of Technology, Rourkela","Ceramic Engineering (4 Years, Bachelor of Technology)",HS,General,Female-only (including Supernumerary),30053,32063
1,"National Institute of Technology, Rourkela","Ceramic Engineering (4 Years, Bachelor of Technology)",HS,OBC-NCL,Female-only (including Supernumerary),18791,18791
1,"National Institute of Technology, Rourkela","Ceramic Engineering (4 Years, Bachelor of Technology)",HS,OBC-NCL,Gender-Neutral,14191,16174
1,"National Institute of Technology, Rourkela","Ceramic Engineering (4 Years, Bachelor of Technology)",HS,SC,Gender-Neutral,5036,5507
1,"National Institute of Technology, Rourkela","Ceramic Engineering (4 Years, Bachelor of Technology)",HS,ST,Gender-Neutral,3111,3111
1,"National Institute of Technology, Rourkela","Ceramic Engineering (4 Years, Bachelor of Technology)",OS,General,Gender-Neutral,16885,20939
1,"National Institute of Technology, Rourkela","Ceramic Engineering (4 Years, Bachelor of Technology)",OS,General,Female-only (including Supernumerary),24028,24028
1,"National Institute of Technology, Rourkela","Ceramic Engineering (4 Years, Bachelor of Technology)",OS,OBC-NCL,Female-only (including Supernumerary),10584,10584
1,"National Institute of Technology, Rourkela","Ceramic Engineering (4 Years, Bachelor of Technology)",OS,OBC-NCL,Gender-Neutral,7339,7715
1,"National Institute of Technology, Rourkela","Ceramic Engineering (4 Years, Bachelor of Technology)",OS,SC,Gender-Neutral,3313,4475
1,"National Institute of Technology, Rourkela","Ceramic Engineering (4 Years, Bachelor of Technology)",OS,ST,Gender-Neutral,1840,1840
1,"National Institute of Technology, Rourkela","Ceramic Engineering (4 Years, Bachelor of Technology)",OS,ST,Female-only (including Supernumerary),4152,4152
1,"National Institute of Technology, Rourkela","Ceramic Engineering and M.Tech Industrial Ceramic (5 Years, Bachelor and Master of Technology (Dual Degree))",HS,General,Gender-Neutral,33140,36473
1,"National Institute of Technology, Rourkela","Ceramic Engineering and M.Tech Industrial Ceramic (5 Years, Bachelor and Master of Technology (Dual Degree))",HS,OBC-NCL,Gender-Neutral,13552,13552
1,"National Institute of Technology, Rourkela","Ceramic Engineering and M.Tech Industrial Ceramic (5 Years, Bachelor and Master of Technology (Dual Degree))",HS,ST,Gender-Neutral,2938,2938
1,"National Institute of Technology, Rourkela","Ceramic Engineering and M.Tech Industrial Ceramic (5 Years, Bachelor and Master of Technology (Dual Degree))",OS,General,Gender-Neutral,23176,24937
1,"National Institute of Technology, Rourkela","Ceramic Engineering and M.Tech Industrial Ceramic (5 Years, Bachelor and Master of Technology (Dual Degree))",OS,OBC-NCL,Gender-Neutral,8828,8828
1,"National Institute of Technology, Rourkela","Ceramic Engineering and M.Tech Industrial Ceramic (5 Years, Bachelor and Master of Technology (Dual Degree))",OS,SC,Gender-Neutral,4914,4914
1,"National Institute of Technology, Rourkela","Ceramic Engineering and M.Tech Industrial Ceramic (5 Years, Bachelor and Master of Technology (Dual Degree))",OS,ST,Gender-Neutral,2872,2872
1,"National Institute of Technology, Rourkela","Chemical Engineering (4 Years, Bachelor of Technology)",HS,General,Gender-Neutral,15210,20937
1,"National Institute of Technology, Rourkela","Chemical Engineering (4 Years, Bachelor of Technology)",HS,General,Female-only (including Supernumerary),20520,21467
1,"National Institute of Technology, Rourkela","Chemical Engineering (4 Years, Bachelor of Technology)",HS,OBC-NCL,Female-only (including Supernumerary),13611,13611
1,"National Institute of Technology, Rourkela","Chemical Engineering (4 Years, Bachelor of Technology)",HS,OBC-NCL,Gender-Neutral,7318,9397
1,"National Institute of Technology, Rourkela","Chemical Engineering (4 Years, Bachelor of Technology)",HS,SC,Gender-Neutral,3762,3956
1,"National Institute of Technology, Rourkela","Chemical Engineering (4 Years, Bachelor of Technology)",HS,SC,Female-only (including Supernumerary),4191,4191
1,"National Institute of Technology, Rourkela","Chemical Engineering (4 Years, Bachelor of Technology)",HS,ST,Gender-Neutral,1687,1778
1,"National Institute of Technology, Rourkela","Chemical Engineering (4 Years, Bachelor of Technology)",OS,General,Female-only (including Supernumerary),11163,14095
1,"National Institute of Technology, Rourkela","Chemical Engineering (4 Years, Bachelor of Technology)",OS,General,Gender-Neutral,9909,12646
1,"National Institute of Technology, Rourkela","Chemical Engineering (4 Years, Bachelor of Technology)",OS,OBC-NCL,Female-only (including Supernumerary),4928,4928
1,"National Institute of Technology, Rourkela","Chemical Engineering (4 Years, Bachelor of Technology)",OS,OBC-NCL,Gender-Neutral,3745,4723
1,"National Institute of Technology, Rourkela","Chemical Engineering (4 Years, Bachelor of Technology)",OS,OBC-NCL(PwD),Gender-Neutral,313,313
1,"National Institute of Technology, Rourkela","Chemical Engineering (4 Years, Bachelor of Technology)",OS,SC,Gender-Neutral,1318,2273
1,"National Institute of Technology, Rourkela","Chemical Engineering (4 Years, Bachelor of Technology)",OS,SC,Female-only (including Supernumerary),4259,4259
1,"National Institute of Technology, Rourkela","Chemical Engineering (4 Years, Bachelor of Technology)",OS,ST,Gender-Neutral,428,428
1,"National Institute of Technology, Rourkela","Chemical Engineering (4 Years, Bachelor of Technology)",OS,ST,Female-only (including Supernumerary),789,789
1,"National Institute of Technology, Rourkela","Chemical Engineering (5 Years, Bachelor and Master of Technology (Dual Degree))",HS,General,Gender-Neutral,25193,28635
1,"National Institute of Technology, Rourkela","Chemical Engineering (5 Years, Bachelor and Master of Technology (Dual Degree))",HS,OBC-NCL,Gender-Neutral,9615,10116
1,"National Institute of Technology, Rourkela","Chemical Engineering (5 Years, Bachelor and Master of Technology (Dual Degree))",HS,ST,Gender-Neutral,2591,2591
1,"National Institute of Technology, Rourkela","Chemical Engineering (5 Years, Bachelor and Master of Technology (Dual Degree))",OS,General,Gender-Neutral,12735,14484
1,"National Institute of Technology, Rourkela","Chemical Engineering (5 Years, Bachelor and Master of Technology (Dual Degree))",OS,OBC-NCL,Gender-Neutral,5530,5530
1,"National Institute of Technology, Rourkela","Chemical Engineering (5 Years, Bachelor and Master of Technology (Dual Degree))",OS,SC,Gender-Neutral,3024,3024
1,"National Institute of Technology, Rourkela","Chemistry (5 Years, Integrated Master of Science)",HS,General,Gender-Neutral,24604,35166
1,"National Institute of Technology, Rourkela","Chemistry (5 Years, Integrated Master of Science)",HS,OBC-NCL,Gender-Neutral,11887,14722
1,"National Institute of Technology, Rourkela","Chemistry (5 Years, Integrated Master of Science)",HS,SC,Gender-Neutral,5867,5867
1,"National Institute of Technology, Rourkela","Chemistry (5 Years, Integrated Master of Science)",HS,ST,Gender-Neutral,2599,2599
1,"National Institute of Technology, Rourkela","Chemistry (5 Years, Integrated Master of Science)",OS,General,Gender-Neutral,10436,20531
1,"National Institute of Technology, Rourkela","Chemistry (5 Years, Integrated Master of Science)",OS,OBC-NCL,Gender-Neutral,7536,8721
1,"National Institute of Technology, Rourkela","Chemistry (5 Years, Integrated Master of Science)",OS,SC,Gender-Neutral,2166,2166
1,"National Institute of Technology, Rourkela","Chemistry (5 Years, Integrated Master of Science)",OS,ST,Gender-Neutral,2760,2760
1,"National Institute of Technology, Rourkela","Civil Engineering (4 Years, Bachelor of Technology)",HS,General,Female-only (including Supernumerary),17960,24062
1,"National Institute of Technology, Rourkela","Civil Engineering (4 Years, Bachelor of Technology)",HS,General,Gender-Neutral,15364,19860
1,"National Institute of Technology, Rourkela","Civil Engineering (4 Years, Bachelor of Technology)",HS,General PwD,Gender-Neutral,552,552
1,"National Institute of Technology, Rourkela","Civil Engineering (4 Years, Bachelor of Technology)",HS,OBC-NCL,Female-only (including Supernumerary),10369,10369
1,"National Institute of Technology, Rourkela","Civil Engineering (4 Years, Bachelor of Technology)",HS,OBC-NCL,Gender-Neutral,5154,8203
1,"National Institute of Technology, Rourkela","Civil Engineering (4 Years, Bachelor of Technology)",HS,OBC-NCL(PwD),Gender-Neutral,249,249
1,"National Institute of Technology, Rourkela","Civil Engineering (4 Years, Bachelor of Technology)",HS,SC,Gender-Neutral,1848,3217
1,"National Institute of Technology, Rourkela","Civil Engineering (4 Years, Bachelor of Technology)",HS,SC,Female-only (including Supernumerary),4301,4301
1,"National Institute of Technology, Rourkela","Civil Engineering (4 Years, Bachelor of Technology)",HS,ST,Female-only (including Supernumerary),2084,2084
1,"National Institute of Technology, Rourkela","Civil Engineering (4 Years, Bachelor of Technology)",HS,ST,Gender-Neutral,1274,1274
1,"National Institute of Technology, Rourkela","Civil Engineering (4 Years, Bachelor of Technology)",OS,General,Female-only (including Supernumerary),13859,15642
1,"National Institute of Technology, Rourkela","Civil Engineering (4 Years, Bachelor of Technology)",OS,General,Gender-Neutral,8613,12680
1,"National Institute of Technology, Rourkela","Civil Engineering (4 Years, Bachelor of Technology)",OS,OBC-NCL,Female-only (including Supernumerary),6048,6048
1,"National Institute of Technology, Rourkela","Civil Engineering (4 Years, Bachelor of Technology)",OS,OBC-NCL,Gender-Neutral,2832,3560
1,"National Institute of Technology, Rourkela","Civil Engineering (4 Years, Bachelor of Technology)",OS,SC,Female-only (including Supernumerary),2219,2219
1,"National Institute of Technology, Rourkela","Civil Engineering (4 Years, Bachelor of Technology)",OS,SC,Gender-Neutral,911,1317
1,"National Institute of Technology, Rourkela","Civil Engineering (4 Years, Bachelor of Technology)",OS,SC PwD,Gender-Neutral,45,45
1,"National Institute of Technology, Rourkela","Civil Engineering (4 Years, Bachelor of Technology)",OS,ST,Gender-Neutral,401,417
1,"National Institute of Technology, Rourkela","Computer Science and Engineering (4 Years, Bachelor of Technology)",HS,General,Gender-Neutral,4209,8420
1,"National Institute of Technology, Rourkela","Computer Science and Engineering (4 Years, Bachelor of Technology)",HS,General,Female-only (including Supernumerary),8428,10364
1,"National Institute of Technology, Rourkela","Computer Science and Engineering (4 Years, Bachelor of Technology)",HS,General PwD,Gender-Neutral,81,81
1,"National Institute of Technology, Rourkela","Computer Science and Engineering (4 Years, Bachelor of Technology)",HS,OBC-NCL,Female-only (including Supernumerary),3208,6660
1,"National Institute of Technology, Rourkela","Computer Science and Engineering (4 Years, Bachelor of Technology)",HS,OBC-NCL,Gender-Neutral,1718,3653
1,"National Institute of Technology, Rourkela","Computer Science and Engineering (4 Years, Bachelor of Technology)",HS,OBC-NCL(PwD),Gender-Neutral,176,176
1,"National Institute of Technology, Rourkela","Computer Science and Engineering (4 Years, Bachelor of Technology)",HS,SC,Gender-Neutral,203,1258
1,"National Institute of Technology, Rourkela","Computer Science and Engineering (4 Years, Bachelor of Technology)",HS,SC,Female-only (including Supernumerary),1700,1700
1,"National Institute of Technology, Rourkela","Computer Science and Engineering (4 Years, Bachelor of Technology)",HS,SC PwD,Gender-Neutral,116,116
1,"National Institute of Technology, Rourkela","Computer Science and Engineering (4 Years, Bachelor of Technology)",HS,ST,Gender-Neutral,281,622
1,"National Institute of Technology, Rourkela","Computer Science and Engineering (4 Years, Bachelor of Technology)",OS,General,Female-only (including Supernumerary),2969,4432
1,"National Institute of Technology, Rourkela","Computer Science and Engineering (4 Years, Bachelor of Technology)",OS,General,Gender-Neutral,921,2529
1,"National Institute of Technology, Rourkela","Computer Science and Engineering (4 Years, Bachelor of Technology)",OS,OBC-NCL,Gender-Neutral,466,888
1,"National Institute of Technology, Rourkela","Computer Science and Engineering (4 Years, Bachelor of Technology)",OS,OBC-NCL,Female-only (including Supernumerary),1249,1643
1,"National Institute of Technology, Rourkela","Computer Science and Engineering (4 Years, Bachelor of Technology)",OS,OBC-NCL(PwD),Gender-Neutral,30,30
1,"National Institute of Technology, Rourkela","Computer Science and Engineering (4 Years, Bachelor of Technology)",OS,SC,Gender-Neutral,224,291
1,"National Institute of Technology, Rourkela","Computer Science and Engineering (4 Years, Bachelor of Technology)",OS,SC,Female-only (including Supernumerary),595,595
1,"National Institute of Technology, Rourkela","Computer Science and Engineering (4 Years, Bachelor of Technology)",OS,ST,Gender-Neutral,95,118
1,"National Institute of Technology, Rourkela","Computer Science and Engineering (4 Years, Bachelor of Technology)",OS,ST,Female-only (including Supernumerary),332,332
1,"National Institute of Technology, Rourkela","Electrical Engineering (4 Years, Bachelor of Technology)",HS,General,Gender-Neutral,7554,14275
1,"National Institute of Technology, Rourkela","Electrical Engineering (4 Years, Bachelor of Technology)",HS,General,Female-only (including Supernumerary),13928,20502
1,"National Institute of Technology, Rourkela","Electrical Engineering (4 Years, Bachelor of Technology)",HS,General PwD,Gender-Neutral,475,475
1,"National Institute of Technology, Rourkela","Electrical Engineering (4 Years, Bachelor of Technology)",HS,OBC-NCL,Gender-Neutral,5250,6819
1,"National Institute of Technology, Rourkela","Electrical Engineering (4 Years, Bachelor of Technology)",HS,OBC-NCL,Female-only (including Supernumerary),12168,12168
1,"National Institute of Technology, Rourkela","Electrical Engineering (4 Years, Bachelor of Technology)",HS,OBC-NCL(PwD),Gender-Neutral,178,178
1,"National Institute of Technology, Rourkela","Electrical Engineering (4 Years, Bachelor of Technology)",HS,SC,Female-only (including Supernumerary),3443,4148
1,"National Institute of Technology, Rourkela","Electrical Engineering (4 Years, Bachelor of Technology)",HS,SC,Gender-Neutral,1648,3049
1,"National Institute of Technology, Rourkela","Electrical Engineering (4 Years, Bachelor of Technology)",HS,ST,Gender-Neutral,927,1086
1,"National Institute of Technology, Rourkela","Electrical Engineering (4 Years, Bachelor of Technology)",HS,ST,Female-only (including Supernumerary),809,809
1,"National Institute of Technology, Rourkela","Electrical Engineering (4 Years, Bachelor of Technology)",OS,General,Gender-Neutral,4602,7285
1,"National Institute of Technology, Rourkela","Electrical Engineering (4 Years, Bachelor of Technology)",OS,General,Female-only (including Supernumerary),8315,9151
1,"National Institute of Technology, Rourkela","Electrical Engineering (4 Years, Bachelor of Technology)",OS,General PwD,Gender-Neutral,201,201
1,"National Institute of Technology, Rourkela","Electrical Engineering (4 Years, Bachelor of Technology)",OS,OBC-NCL,Gender-Neutral,1668,2536
1,"National Institute of Technology, Rourkela","Electrical Engineering (4 Years, Bachelor of Technology)",OS,OBC-NCL,Female-only (including Supernumerary),3020,3678
1,"National Institute of Technology, Rourkela","Electrical Engineering (4 Years, Bachelor of Technology)",OS,SC,Female-only (including Supernumerary),2181,2181
1,"National Institute of Technology, Rourkela","Electrical Engineering (4 Years, Bachelor of Technology)",OS,SC,Gender-Neutral,709,1212
1,"National Institute of Technology, Rourkela","Electrical Engineering (4 Years, Bachelor of Technology)",OS,ST,Gender-Neutral,373,562
1,"National Institute of Technology, Rourkela","Electronics and Communication Engineering (4 Years, Bachelor of Technology)",HS,General,Gender-Neutral,7522,10298
1,"National Institute of Technology, Rourkela","Electronics and Communication Engineering (4 Years, Bachelor of Technology)",HS,General,Female-only (including Supernumerary),10580,10580
1,"National Institute of Technology, Rourkela","Electronics and Communication Engineering (4 Years, Bachelor of Technology)",HS,General PwD,Gender-Neutral,473,473
1,"National Institute of Technology, Rourkela","Electronics and Communication Engineering (4 Years, Bachelor of Technology)",HS,OBC-NCL,Gender-Neutral,3827,4849
1,"National Institute of Technology, Rourkela","Electronics and Communication Engineering (4 Years, Bachelor of Technology)",HS,OBC-NCL,Female-only (including Supernumerary),11613,11727
1,"National Institute of Technology, Rourkela","Electronics and Communication Engineering (4 Years, Bachelor of Technology)",HS,SC,Gender-Neutral,769,2434
1,"National Institute of Technology, Rourkela","Electronics and Communication Engineering (4 Years, Bachelor of Technology)",HS,ST,Gender-Neutral,776,1125
1,"National Institute of Technology, Rourkela","Electronics and Communication Engineering (4 Years, Bachelor of Technology)",OS,General,Gender-Neutral,2729,4579
1,"National Institute of Technology, Rourkela","Electronics and Communication Engineering (4 Years, Bachelor of Technology)",OS,General,Female-only (including Supernumerary),5219,5219
1,"National Institute of Technology, Rourkela","Electronics and Communication Engineering (4 Years, Bachelor of Technology)",OS,OBC-NCL,Female-only (including Supernumerary),2306,2306
1,"National Institute of Technology, Rourkela","Electronics and Communication Engineering (4 Years, Bachelor of Technology)",OS,OBC-NCL,Gender-Neutral,1242,1514
1,"National Institute of Technology, Rourkela","Electronics and Communication Engineering (4 Years, Bachelor of Technology)",OS,SC,Female-only (including Supernumerary),1580,1580
1,"National Institute of Technology, Rourkela","Electronics and Communication Engineering (4 Years, Bachelor of Technology)",OS,SC,Gender-Neutral,578,776
1,"National Institute of Technology, Rourkela","Electronics and Communication Engineering (4 Years, Bachelor of Technology)",OS,ST,Female-only (including Supernumerary),458,458
1,"National Institute of Technology, Rourkela","Electronics and Communication Engineering (4 Years, Bachelor of Technology)",OS,ST PwD,Gender-Neutral,8,8
1,"National Institute of Technology, Rourkela","Electronics and Instrumentation Engineering (4 Years, Bachelor of Technology)",HS,General,Female-only (including Supernumerary),17331,20040
1,"National Institute of Technology, Rourkela","Electronics and Instrumentation Engineering (4 Years, Bachelor of Technology)",HS,General,Gender-Neutral,13979,16513
1,"National Institute of Technology, Rourkela","Electronics and Instrumentation Engineering (4 Years, Bachelor of Technology)",HS,OBC-NCL,Female-only (including Supernumerary),12422,12422
1,"National Institute of Technology, Rourkela","Electronics and Instrumentation Engineering (4 Years, Bachelor of Technology)",HS,OBC-NCL,Gender-Neutral,7045,7979
1,"National Institute of Technology, Rourkela","Electronics and Instrumentation Engineering (4 Years, Bachelor of Technology)",HS,OBC-NCL(PwD),Gender-Neutral,947,947
1,"National Institute of Technology, Rourkela","Electronics and Instrumentation Engineering (4 Years, Bachelor of Technology)",HS,SC,Gender-Neutral,3896,4591
1,"National Institute of Technology, Rourkela","Electronics and Instrumentation Engineering (4 Years, Bachelor of Technology)",HS,SC PwD,Gender-Neutral,143,143
1,"National Institute of Technology, Rourkela","Electronics and Instrumentation Engineering (4 Years, Bachelor of Technology)",HS,ST,Gender-Neutral,1554,1837
1,"National Institute of Technology, Rourkela","Electronics and Instrumentation Engineering (4 Years, Bachelor of Technology)",OS,General,Gender-Neutral,6610,9001
1,"National Institute of Technology, Rourkela","Electronics and Instrumentation Engineering (4 Years, Bachelor of Technology)",OS,General,Female-only (including Supernumerary),10901,12206
1,"National Institute of Technology, Rourkela","Electronics and Instrumentation Engineering (4 Years, Bachelor of Technology)",OS,General PwD,Gender-Neutral,464,464
1,"National Institute of Technology, Rourkela","Electronics and Instrumentation Engineering (4 Years, Bachelor of Technology)",OS,OBC-NCL,Female-only (including Supernumerary),5580,5580
1,"National Institute of Technology, Rourkela","Electronics and Instrumentation Engineering (4 Years, Bachelor of Technology)",OS,OBC-NCL,Gender-Neutral,3172,3933
1,"National Institute of Technology, Rourkela","Electronics and Instrumentation Engineering (4 Years, Bachelor of Technology)",OS,SC,Gender-Neutral,1498,2021
1,"National Institute of Technology, Rourkela","Electronics and Instrumentation Engineering (4 Years, Bachelor of Technology)",OS,SC,Female-only (including Supernumerary),3296,3296
1,"National Institute of Technology, Rourkela","Electronics and Instrumentation Engineering (4 Years, Bachelor of Technology)",OS,ST,Gender-Neutral,944,1387
1,"National Institute of Technology, Rourkela","Food Process Engineering (4 Years, Bachelor of Technology)",HS,General,Gender-Neutral,32855,35073
1,"National Institute of Technology, Rourkela","Food Process Engineering (4 Years, Bachelor of Technology)",HS,General,Female-only (including Supernumerary),40252,40252
1,"National Institute of Technology, Rourkela","Food Process Engineering (4 Years, Bachelor of Technology)",HS,OBC-NCL,Gender-Neutral,17337,18200
1,"National Institute of Technology, Rourkela","Food Process Engineering (4 Years, Bachelor of Technology)",HS,OBC-NCL,Female-only (including Supernumerary),25806,25806
1,"National Institute of Technology, Rourkela","Food Process Engineering (4 Years, Bachelor of Technology)",HS,SC,Female-only (including Supernumerary),7810,7810
1,"National Institute of Technology, Rourkela","Food Process Engineering (4 Years, Bachelor of Technology)",HS,SC,Gender-Neutral,5742,6282
1,"National Institute of Technology, Rourkela","Food Process Engineering (4 Years, Bachelor of Technology)",HS,ST,Gender-Neutral,4170,4170
1,"National Institute of Technology, Rourkela","Food Process Engineering (4 Years, Bachelor of Technology)",OS,General,Female-only (including Supernumerary),24733,25237
1,"National Institute of Technology, Rourkela","Food Process Engineering (4 Years, Bachelor of Technology)",OS,General,Gender-Neutral,20772,22791
1,"National Institute of Technology, Rourkela","Food Process Engineering (4 Years, Bachelor of Technology)",OS,General PwD,Gender-Neutral,794,794
1,"National Institute of Technology, Rourkela","Food Process Engineering (4 Years, Bachelor of Technology)",OS,OBC-NCL,Female-only (including Supernumerary),8672,8672
1,"National Institute of Technology, Rourkela","Food Process Engineering (4 Years, Bachelor of Technology)",OS,OBC-NCL,Gender-Neutral,7394,8084
1,"National Institute of Technology, Rourkela","Food Process Engineering (4 Years, Bachelor of Technology)",OS,SC,Gender-Neutral,4815,4887
1,"National Institute of Technology, Rourkela","Food Process Engineering (4 Years, Bachelor of Technology)",OS,ST,Gender-Neutral,1996,1996
1,"National Institute of Technology, Rourkela","Industrial Design (4 Years, Bachelor of Technology)",HS,General,Female-only (including Supernumerary),35025,38696
1,"National Institute of Technology, Rourkela","Industrial Design (4 Years, Bachelor of Technology)",HS,General,Gender-Neutral,26088,30534
1,"National Institute of Technology, Rourkela","Industrial Design (4 Years, Bachelor of Technology)",HS,General PwD,Gender-Neutral,995,995
1,"National Institute of Technology, Rourkela","Industrial Design (4 Years, Bachelor of Technology)",HS,OBC-NCL,Gender-Neutral,13134,14697
1,"National Institute of Technology, Rourkela","Industrial Design (4 Years, Bachelor of Technology)",HS,OBC-NCL,Female-only (including Supernumerary),22321,22321
1,"National Institute of Technology, Rourkela","Industrial Design (4 Years, Bachelor of Technology)",HS,SC,Gender-Neutral,5788,6293
1,"National Institute of Technology, Rourkela","Industrial Design (4 Years, Bachelor of Technology)",HS,ST,Gender-Neutral,2383,2383
1,"National Institute of Technology, Rourkela","Industrial Design (4 Years, Bachelor of Technology)",OS,General,Female-only (including Supernumerary),20267,20267
1,"National Institute of Technology, Rourkela","Industrial Design (4 Years, Bachelor of Technology)",OS,General,Gender-Neutral,13629,19425
1,"National Institute of Technology, Rourkela","Industrial Design (4 Years, Bachelor of Technology)",OS,OBC-NCL,Female-only (including Supernumerary),8266,8266
1,"National Institute of Technology, Rourkela","Industrial Design (4 Years, Bachelor of Technology)",OS,OBC-NCL,Gender-Neutral,6349,6443
1,"National Institute of Technology, Rourkela","Industrial Design (4 Years, Bachelor of Technology)",OS,SC,Gender-Neutral,3555,3559
1,"National Institute of Technology, Rourkela","Industrial Design (4 Years, Bachelor of Technology)",OS,SC,Female-only (including Supernumerary),4918,4918
1,"National Institute of Technology, Rourkela","Industrial Design (4 Years, Bachelor of Technology)",OS,ST,Gender-Neutral,1407,1407
1,"National Institute of Technology, Rourkela","Life Science (5 Years, Integrated Master of Science)",HS,General,Gender-Neutral,25421,38727
1,"National Institute of Technology, Rourkela","Life Science (5 Years, Integrated Master of Science)",HS,OBC-NCL,Gender-Neutral,15935,22090
1,"National Institute of Technology, Rourkela","Life Science (5 Years, Integrated Master of Science)",HS,SC,Gender-Neutral,6291,6291
1,"National Institute of Technology, Rourkela","Life Science (5 Years, Integrated Master of Science)",HS,ST,Gender-Neutral,2269,2269
1,"National Institute of Technology, Rourkela","Life Science (5 Years, Integrated Master of Science)",OS,General,Gender-Neutral,17904,28937
1,"National Institute of Technology, Rourkela","Life Science (5 Years, Integrated Master of Science)",OS,OBC-NCL,Gender-Neutral,9197,9959
1,"National Institute of Technology, Rourkela","Life Science (5 Years, Integrated Master of Science)",OS,SC,Gender-Neutral,5686,5686
1,"National Institute of Technology, Rourkela","Life Science (5 Years, Integrated Master of Science)",OS,ST,Gender-Neutral,2945,2945
1,"National Institute of Technology, Rourkela","Mathematics (5 Years, Integrated Master of Science)",HS,General,Gender-Neutral,17551,34783
1,"National Institute of Technology, Rourkela","Mathematics (5 Years, Integrated Master of Science)",HS,OBC-NCL,Gender-Neutral,13729,14374
1,"National Institute of Technology, Rourkela","Mathematics (5 Years, Integrated Master of Science)",HS,OBC-NCL(PwD),Gender-Neutral,1032,1032
1,"National Institute of Technology, Rourkela","Mathematics (5 Years, Integrated Master of Science)",HS,SC,Gender-Neutral,5636,5636
1,"National Institute of Technology, Rourkela","Mathematics (5 Years, Integrated Master of Science)",HS,ST,Gender-Neutral,3187,3187
1,"National Institute of Technology, Rourkela","Mathematics (5 Years, Integrated Master of Science)",OS,General,Gender-Neutral,8798,11313
1,"National Institute of Technology, Rourkela","Mathematics (5 Years, Integrated Master of Science)",OS,OBC-NCL,Gender-Neutral,4580,6695
1,"National Institute of Technology, Rourkela","Mathematics (5 Years, Integrated Master of Science)",OS,SC,Gender-Neutral,2775,2775
1,"National Institute of Technology, Rourkela","Mathematics (5 Years, Integrated Master of Science)",OS,ST,Gender-Neutral,2607,2607
1,"National Institute of Technology, Rourkela","Mechanical Engineering (4 Years, Bachelor of Technology)",HS,General,Gender-Neutral,8542,13802
1,"National Institute of Technology, Rourkela","Mechanical Engineering (4 Years, Bachelor of Technology)",HS,General,Female-only (including Supernumerary),24137,25685
1,"National Institute of Technology, Rourkela","Mechanical Engineering (4 Years, Bachelor of Technology)",HS,General PwD,Gender-Neutral,167,167
1,"National Institute of Technology, Rourkela","Mechanical Engineering (4 Years, Bachelor of Technology)",HS,OBC-NCL,Female-only (including Supernumerary),6338,8004
1,"National Institute of Technology, Rourkela","Mechanical Engineering (4 Years, Bachelor of Technology)",HS,OBC-NCL,Gender-Neutral,2941,5637
1,"National Institute of Technology, Rourkela","Mechanical Engineering (4 Years, Bachelor of Technology)",HS,OBC-NCL(PwD),Gender-Neutral,374,374
1,"National Institute of Technology, Rourkela","Mechanical Engineering (4 Years, Bachelor of Technology)",HS,SC,Female-only (including Supernumerary),4883,5688
1,"National Institute of Technology, Rourkela","Mechanical Engineering (4 Years, Bachelor of Technology)",HS,SC,Gender-Neutral,723,2550
1,"National Institute of Technology, Rourkela","Mechanical Engineering (4 Years, Bachelor of Technology)",HS,SC PwD,Gender-Neutral,75,75
1,"National Institute of Technology, Rourkela","Mechanical Engineering (4 Years, Bachelor of Technology)",HS,ST,Gender-Neutral,935,1031
1,"National Institute of Technology, Rourkela","Mechanical Engineering (4 Years, Bachelor of Technology)",HS,ST,Female-only (including Supernumerary),2181,2219
1,"National Institute of Technology, Rourkela","Mechanical Engineering (4 Years, Bachelor of Technology)",OS,General,Female-only (including Supernumerary),12486,13753
1,"National Institute of Technology, Rourkela","Mechanical Engineering (4 Years, Bachelor of Technology)",OS,General,Gender-Neutral,4131,7416
1,"National Institute of Technology, Rourkela","Mechanical Engineering (4 Years, Bachelor of Technology)",OS,General PwD,Gender-Neutral,213,213
1,"National Institute of Technology, Rourkela","Mechanical Engineering (4 Years, Bachelor of Technology)",OS,OBC-NCL,Gender-Neutral,1937,2545
1,"National Institute of Technology, Rourkela","Mechanical Engineering (4 Years, Bachelor of Technology)",OS,OBC-NCL,Female-only (including Supernumerary),4558,5441
1,"National Institute of Technology, Rourkela","Mechanical Engineering (4 Years, Bachelor of Technology)",OS,OBC-NCL(PwD),Gender-Neutral,97,97
1,"National Institute of Technology, Rourkela","Mechanical Engineering (4 Years, Bachelor of Technology)",OS,SC,Gender-Neutral,501,1211
1,"National Institute of Technology, Rourkela","Mechanical Engineering (4 Years, Bachelor of Technology)",OS,SC,Female-only (including Supernumerary),1824,1824
1,"National Institute of Technology, Rourkela","Mechanical Engineering (4 Years, Bachelor of Technology)",OS,SC PwD,Gender-Neutral,139,139
1,"National Institute of Technology, Rourkela","Mechanical Engineering (4 Years, Bachelor of Technology)",OS,ST,Female-only (including Supernumerary),594,594
1,"National Institute of Technology, Rourkela","Mechanical Engineering (4 Years, Bachelor of Technology)",OS,ST,Gender-Neutral,192,282
1,"National Institute of Technology, Rourkela","Metallurgical and Materials Engineering (4 Years, Bachelor of Technology)",HS,General,Female-only (including Supernumerary),25129,26888
1,"National Institute of Technology, Rourkela","Metallurgical and Materials Engineering (4 Years, Bachelor of Technology)",HS,General,Gender-Neutral,18093,23772
1,"National Institute of Technology, Rourkela","Metallurgical and Materials Engineering (4 Years, Bachelor of Technology)",HS,General PwD,Gender-Neutral,618,618
1,"National Institute of Technology, Rourkela","Metallurgical and Materials Engineering (4 Years, Bachelor of Technology)",HS,OBC-NCL,Female-only (including Supernumerary),16335,16335
1,"National Institute of Technology, Rourkela","Metallurgical and Materials Engineering (4 Years, Bachelor of Technology)",HS,OBC-NCL,Gender-Neutral,7815,10232
1,"National Institute of Technology, Rourkela","Metallurgical and Materials Engineering (4 Years, Bachelor of Technology)",HS,SC,Female-only (including Supernumerary),5314,5314
1,"National Institute of Technology, Rourkela","Metallurgical and Materials Engineering (4 Years, Bachelor of Technology)",HS,SC,Gender-Neutral,4364,5478
1,"National Institute of Technology, Rourkela","Metallurgical and Materials Engineering (4 Years, Bachelor of Technology)",HS,ST,Gender-Neutral,1344,2421
1,"National Institute of Technology, Rourkela","Metallurgical and Materials Engineering (4 Years, Bachelor of Technology)",OS,General,Gender-Neutral,15293,19026
1,"National Institute of Technology, Rourkela","Metallurgical and Materials Engineering (4 Years, Bachelor of Technology)",OS,General,Female-only (including Supernumerary),16964,18904
1,"National Institute of Technology, Rourkela","Metallurgical and Materials Engineering (4 Years, Bachelor of Technology)",OS,OBC-NCL,Female-only (including Supernumerary),6725,6725
1,"National Institute of Technology, Rourkela","Metallurgical and Materials Engineering (4 Years, Bachelor of Technology)",OS,OBC-NCL,Gender-Neutral,5833,6271
1,"National Institute of Technology, Rourkela","Metallurgical and Materials Engineering (4 Years, Bachelor of Technology)",OS,OBC-NCL(PwD),Gender-Neutral,465,465
1,"National Institute of Technology, Rourkela","Metallurgical and Materials Engineering (4 Years, Bachelor of Technology)",OS,SC,Gender-Neutral,2994,3664
1,"National Institute of Technology, Rourkela","Metallurgical and Materials Engineering (4 Years, Bachelor of Technology)",OS,SC,Female-only (including Supernumerary),4968,4968
1,"National Institute of Technology, Rourkela","Metallurgical and Materials Engineering (4 Years, Bachelor of Technology)",OS,ST,Gender-Neutral,1484,1490
1,"National Institute of Technology, Rourkela","Metallurgical and Materials Engineering (5 Years, Bachelor and Master of Technology (Dual Degree))",HS,General,Gender-Neutral,29286,29836
1,"National Institute of Technology, Rourkela","Metallurgical and Materials Engineering (5 Years, Bachelor and Master of Technology (Dual Degree))",HS,OBC-NCL,Gender-Neutral,10548,12007
1,"National Institute of Technology, Rourkela","Metallurgical and Materials Engineering (5 Years, Bachelor and Master of Technology (Dual Degree))",HS,SC,Gender-Neutral,5524,5524
1,"National Institute of Technology, Rourkela","Metallurgical and Materials Engineering (5 Years, Bachelor and Master of Technology (Dual Degree))",OS,General,Gender-Neutral,19540,21239
1,"National Institute of Technology, Rourkela","Metallurgical and Materials Engineering (5 Years, Bachelor and Master of Technology (Dual Degree))",OS,OBC-NCL,Gender-Neutral,7711,7711
1,"National Institute of Technology, Rourkela","Metallurgical and Materials Engineering (5 Years, Bachelor and Master of Technology (Dual Degree))",OS,SC,Gender-Neutral,4583,4583
1,"National Institute of Technology, Rourkela","Mining Engineering (4 Years, Bachelor of Technology)",HS,General,Gender-Neutral,22396,28472
1,"National Institute of Technology, Rourkela","Mining Engineering (4 Years, Bachelor of Technology)",HS,General,Female-only (including Supernumerary),25103,35257
1,"National Institute of Technology, Rourkela","Mining Engineering (4 Years, Bachelor of Technology)",HS,OBC-NCL,Female-only (including Supernumerary),17322,17322
1,"National Institute of Technology, Rourkela","Mining Engineering (4 Years, Bachelor of Technology)",HS,OBC-NCL,Gender-Neutral,7238,9569
1,"National Institute of Technology, Rourkela","Mining Engineering (4 Years, Bachelor of Technology)",HS,SC,Gender-Neutral,3496,4607
1,"National Institute of Technology, Rourkela","Mining Engineering (4 Years, Bachelor of Technology)",HS,ST,Gender-Neutral,1138,1138
1,"National Institute of Technology, Rourkela","Mining Engineering (4 Years, Bachelor of Technology)",OS,General,Female-only (including Supernumerary),27837,28828
1,"National Institute of Technology, Rourkela","Mining Engineering (4 Years, Bachelor of Technology)",OS,General,Gender-Neutral,18816,20698
1,"National Institute of Technology, Rourkela","Mining Engineering (4 Years, Bachelor of Technology)",OS,OBC-NCL,Gender-Neutral,6282,6636
1,"National Institute of Technology, Rourkela","Mining Engineering (4 Years, Bachelor of Technology)",OS,SC,Gender-Neutral,2139,2701
1,"National Institute of Technology, Rourkela","Mining Engineering (4 Years, Bachelor of Technology)",OS,ST,Female-only (including Supernumerary),2544,2544
1,"National Institute of Technology, Rourkela","Mining Engineering (4 Years, Bachelor of Technology)",OS,ST,Gender-Neutral,1251,1251
1,"National Institute of Technology, Rourkela","Mining Engineering (5 Years, Bachelor and Master of Technology (Dual Degree))",HS,General,Gender-Neutral,30704,32362
1,"National Institute of Technology, Rourkela","Mining Engineering (5 Years, Bachelor and Master of Technology (Dual Degree))",HS,OBC-NCL,Gender-Neutral,11866,11866
1,"National Institute of Technology, Rourkela","Mining Engineering (5 Years, Bachelor and Master of Technology (Dual Degree))",HS,SC,Gender-Neutral,6292,6292
1,"National Institute of Technology, Rourkela","Mining Engineering (5 Years, Bachelor and Master of Technology (Dual Degree))",OS,General,Gender-Neutral,21579,24749
1,"National Institute of Technology, Rourkela","Mining Engineering (5 Years, Bachelor and Master of Technology (Dual Degree))",OS,OBC-NCL,Gender-Neutral,7443,7443
1,"National Institute of Technology, Rourkela","Mining Engineering (5 Years, Bachelor and Master of Technology (Dual Degree))",OS,SC,Gender-Neutral,4710,4710
1,"National Institute of Technology, Rourkela","Mining Engineering (5 Years, Bachelor and Master of Technology (Dual Degree))",OS,ST,Gender-Neutral,1311,1311
1,"National Institute of Technology, Rourkela","Physics (5 Years, Integrated Master of Science)",HS,General,Gender-Neutral,16809,31043
1,"National Institute of Technology, Rourkela","Physics (5 Years, Integrated Master of Science)",HS,OBC-NCL,Gender-Neutral,8887,11272
1,"National Institute of Technology, Rourkela","Physics (5 Years, Integrated Master of Science)",HS,SC,Gender-Neutral,3562,3562
1,"National Institute of Technology, Rourkela","Physics (5 Years, Integrated Master of Science)",HS,ST,Gender-Neutral,4276,4276
1,"National Institute of Technology, Rourkela","Physics (5 Years, Integrated Master of Science)",OS,General,Gender-Neutral,2786,5479
1,"National Institute of Technology, Rourkela","Physics (5 Years, Integrated Master of Science)",OS,OBC-NCL,Gender-Neutral,4469,6782
1,"National Institute of Technology, Rourkela","Physics (5 Years, Integrated Master of Science)",OS,SC,Gender-Neutral,1572,1572
1,"National Institute of Technology, Rourkela","Physics (5 Years, Integrated Master of Science)",OS,ST,Gender-Neutral,1281,1281
1,"National Institute of Technology, Silchar","Civil Engineering (4 Years, Bachelor of Technology)",HS,General,Gender-Neutral,42668,58484
1,"National Institute of Technology, Silchar","Civil Engineering (4 Years, Bachelor of Technology)",HS,General,Female-only (including Supernumerary),41154,58345
1,"National Institute of Technology, Silchar","Civil Engineering (4 Years, Bachelor of Technology)",HS,General PwD,Gender-Neutral,375,375
1,"National Institute of Technology, Silchar","Civil Engineering (4 Years, Bachelor of Technology)",HS,OBC-NCL,Gender-Neutral,17683,30998
1,"National Institute of Technology, Silchar","Civil Engineering (4 Years, Bachelor of Technology)",HS,OBC-NCL,Female-only (including Supernumerary),23303,34615
1,"National Institute of Technology, Silchar","Civil Engineering (4 Years, Bachelor of Technology)",HS,OBC-NCL(PwD),Gender-Neutral,281,281
1,"National Institute of Technology, Silchar","Civil Engineering (4 Years, Bachelor of Technology)",HS,SC,Female-only (including Supernumerary),7068,7068
1,"National Institute of Technology, Silchar","Civil Engineering (4 Years, Bachelor of Technology)",HS,SC,Gender-Neutral,3615,9488
1,"National Institute of Technology, Silchar","Civil Engineering (4 Years, Bachelor of Technology)",HS,SC PwD,Gender-Neutral,181,181
1,"National Institute of Technology, Silchar","Civil Engineering (4 Years, Bachelor of Technology)",HS,ST,Gender-Neutral,1473,2312
1,"National Institute of Technology, Silchar","Civil Engineering (4 Years, Bachelor of Technology)",HS,ST,Female-only (including Supernumerary),1679,1679
1,"National Institute of Technology, Silchar","Civil Engineering (4 Years, Bachelor of Technology)",OS,General,Gender-Neutral,18164,24402
1,"National Institute of Technology, Silchar","Civil Engineering (4 Years, Bachelor of Technology)",OS,General,Female-only (including Supernumerary),22799,27966
1,"National Institute of Technology, Silchar","Civil Engineering (4 Years, Bachelor of Technology)",OS,General PwD,Gender-Neutral,597,597
1,"National Institute of Technology, Silchar","Civil Engineering (4 Years, Bachelor of Technology)",OS,OBC-NCL,Female-only (including Supernumerary),10149,10687
1,"National Institute of Technology, Silchar","Civil Engineering (4 Years, Bachelor of Technology)",OS,OBC-NCL,Gender-Neutral,6034,7142
1,"National Institute of Technology, Silchar","Civil Engineering (4 Years, Bachelor of Technology)",OS,SC,Gender-Neutral,3336,3795
1,"National Institute of Technology, Silchar","Civil Engineering (4 Years, Bachelor of Technology)",OS,SC,Female-only (including Supernumerary),5250,5250
1,"National Institute of Technology, Silchar","Civil Engineering (4 Years, Bachelor of Technology)",OS,ST,Female-only (including Supernumerary),1478,1478
1,"National Institute of Technology, Silchar","Civil Engineering (4 Years, Bachelor of Technology)",OS,ST,Gender-Neutral,654,982
1,"National Institute of Technology, Silchar","Computer Science and Engineering (4 Years, Bachelor of Technology)",HS,General,Gender-Neutral,8682,22428
1,"National Institute of Technology, Silchar","Computer Science and Engineering (4 Years, Bachelor of Technology)",HS,General,Female-only (including Supernumerary),15217,33648
1,"National Institute of Technology, Silchar","Computer Science and Engineering (4 Years, Bachelor of Technology)",HS,General PwD,Gender-Neutral,983,983
1,"National Institute of Technology, Silchar","Computer Science and Engineering (4 Years, Bachelor of Technology)",HS,OBC-NCL,Female-only (including Supernumerary),13004,16943
1,"National Institute of Technology, Silchar","Computer Science and Engineering (4 Years, Bachelor of Technology)",HS,OBC-NCL,Gender-Neutral,6609,16317
1,"National Institute of Technology, Silchar","Computer Science and Engineering (4 Years, Bachelor of Technology)",HS,SC,Gender-Neutral,2052,4220
1,"National Institute of Technology, Silchar","Computer Science and Engineering (4 Years, Bachelor of Technology)",HS,SC,Female-only (including Supernumerary),3898,3898
1,"National Institute of Technology, Silchar","Computer Science and Engineering (4 Years, Bachelor of Technology)",HS,SC PwD,Gender-Neutral,81,81
1,"National Institute of Technology, Silchar","Computer Science and Engineering (4 Years, Bachelor of Technology)",HS,ST,Gender-Neutral,351,1246
1,"National Institute of Technology, Silchar","Computer Science and Engineering (4 Years, Bachelor of Technology)",HS,ST,Female-only (including Supernumerary),840,840
1,"National Institute of Technology, Silchar","Computer Science and Engineering (4 Years, Bachelor of Technology)",OS,General,Gender-Neutral,3213,10342
1,"National Institute of Technology, Silchar","Computer Science and Engineering (4 Years, Bachelor of Technology)",OS,General,Female-only (including Supernumerary),7443,15512
1,"National Institute of Technology, Silchar","Computer Science and Engineering (4 Years, Bachelor of Technology)",OS,General PwD,Gender-Neutral,144,144
1,"National Institute of Technology, Silchar","Computer Science and Engineering (4 Years, Bachelor of Technology)",OS,OBC-NCL,Female-only (including Supernumerary),5574,6831
1,"National Institute of Technology, Silchar","Computer Science and Engineering (4 Years, Bachelor of Technology)",OS,OBC-NCL,Gender-Neutral,2239,3589
1,"National Institute of Technology, Silchar","Computer Science and Engineering (4 Years, Bachelor of Technology)",OS,OBC-NCL(PwD),Gender-Neutral,138,138
1,"National Institute of Technology, Silchar","Computer Science and Engineering (4 Years, Bachelor of Technology)",OS,SC,Female-only (including Supernumerary),2374,2374
1,"National Institute of Technology, Silchar","Computer Science and Engineering (4 Years, Bachelor of Technology)",OS,SC,Gender-Neutral,967,1892
1,"National Institute of Technology, Silchar","Computer Science and Engineering (4 Years, Bachelor of Technology)",OS,ST,Gender-Neutral,643,897
1,"National Institute of Technology, Silchar","Computer Science and Engineering (4 Years, Bachelor of Technology)",OS,ST,Female-only (including Supernumerary),1979,1979
1,"National Institute of Technology, Silchar","Electrical Engineering (4 Years, Bachelor of Technology)",HS,General,Female-only (including Supernumerary),55723,60966
1,"National Institute of Technology, Silchar","Electrical Engineering (4 Years, Bachelor of Technology)",HS,General,Gender-Neutral,29674,51711
1,"National Institute of Technology, Silchar","Electrical Engineering (4 Years, Bachelor of Technology)",HS,General PwD,Gender-Neutral,1652,1652
1,"National Institute of Technology, Silchar","Electrical Engineering (4 Years, Bachelor of Technology)",HS,OBC-NCL,Female-only (including Supernumerary),25916,27195
1,"National Institute of Technology, Silchar","Electrical Engineering (4 Years, Bachelor of Technology)",HS,OBC-NCL,Gender-Neutral,17186,28065
1,"National Institute of Technology, Silchar","Electrical Engineering (4 Years, Bachelor of Technology)",HS,OBC-NCL(PwD),Gender-Neutral,1114,1114
1,"National Institute of Technology, Silchar","Electrical Engineering (4 Years, Bachelor of Technology)",HS,SC,Gender-Neutral,4303,8074
1,"National Institute of Technology, Silchar","Electrical Engineering (4 Years, Bachelor of Technology)",HS,SC,Female-only (including Supernumerary),4756,4756
1,"National Institute of Technology, Silchar","Electrical Engineering (4 Years, Bachelor of Technology)",HS,ST,Female-only (including Supernumerary),4616,4616
1,"National Institute of Technology, Silchar","Electrical Engineering (4 Years, Bachelor of Technology)",HS,ST,Gender-Neutral,2455,2957
1,"National Institute of Technology, Silchar","Electrical Engineering (4 Years, Bachelor of Technology)",OS,General,Female-only (including Supernumerary),19426,22164
1,"National Institute of Technology, Silchar","Electrical Engineering (4 Years, Bachelor of Technology)",OS,General,Gender-Neutral,10504,18574
1,"National Institute of Technology, Silchar","Electrical Engineering (4 Years, Bachelor of Technology)",OS,General PwD,Gender-Neutral,924,1020
1,"National Institute of Technology, Silchar","Electrical Engineering (4 Years, Bachelor of Technology)",OS,OBC-NCL,Gender-Neutral,4516,6075
1,"National Institute of Technology, Silchar","Electrical Engineering (4 Years, Bachelor of Technology)",OS,OBC-NCL,Female-only (including Supernumerary),9963,10092
1,"National Institute of Technology, Silchar","Electrical Engineering (4 Years, Bachelor of Technology)",OS,SC,Gender-Neutral,1950,3461
1,"National Institute of Technology, Silchar","Electrical Engineering (4 Years, Bachelor of Technology)",OS,SC,Female-only (including Supernumerary),4785,4785
1,"National Institute of Technology, Silchar","Electrical Engineering (4 Years, Bachelor of Technology)",OS,ST,Gender-Neutral,1132,1369
1,"National Institute of Technology, Silchar","Electrical Engineering (4 Years, Bachelor of Technology)",OS,ST,Female-only (including Supernumerary),2716,2716
1,"National Institute of Technology, Silchar","Electronics and Communication Engineering (4 Years, Bachelor of Technology)",HS,General,Gender-Neutral,22861,41299
1,"National Institute of Technology, Silchar","Electronics and Communication Engineering (4 Years, Bachelor of Technology)",HS,General,Female-only (including Supernumerary),34910,46084
1,"National Institute of Technology, Silchar","Electronics and Communication Engineering (4 Years, Bachelor of Technology)",HS,General PwD,Gender-Neutral,2175,2175
1,"National Institute of Technology, Silchar","Electronics and Communication Engineering (4 Years, Bachelor of Technology)",HS,OBC-NCL,Female-only (including Supernumerary),16165,21228
1,"National Institute of Technology, Silchar","Electronics and Communication Engineering (4 Years, Bachelor of Technology)",HS,OBC-NCL,Gender-Neutral,14791,22319
1,"National Institute of Technology, Silchar","Electronics and Communication Engineering (4 Years, Bachelor of Technology)",HS,OBC-NCL(PwD),Gender-Neutral,1269,1269
1,"National Institute of Technology, Silchar","Electronics and Communication Engineering (4 Years, Bachelor of Technology)",HS,SC,Female-only (including Supernumerary),4670,4670
1,"National Institute of Technology, Silchar","Electronics and Communication Engineering (4 Years, Bachelor of Technology)",HS,SC,Gender-Neutral,5252,7694
1,"National Institute of Technology, Silchar","Electronics and Communication Engineering (4 Years, Bachelor of Technology)",HS,ST,Gender-Neutral,1093,2126
1,"National Institute of Technology, Silchar","Electronics and Communication Engineering (4 Years, Bachelor of Technology)",HS,ST,Female-only (including Supernumerary),2002,2002
1,"National Institute of Technology, Silchar","Electronics and Communication Engineering (4 Years, Bachelor of Technology)",OS,General,Female-only (including Supernumerary),16880,19205
1,"National Institute of Technology, Silchar","Electronics and Communication Engineering (4 Years, Bachelor of Technology)",OS,General,Gender-Neutral,9000,14226
1,"National Institute of Technology, Silchar","Electronics and Communication Engineering (4 Years, Bachelor of Technology)",OS,General PwD,Gender-Neutral,437,795
1,"National Institute of Technology, Silchar","Electronics and Communication Engineering (4 Years, Bachelor of Technology)",OS,OBC-NCL,Gender-Neutral,3790,5119
1,"National Institute of Technology, Silchar","Electronics and Communication Engineering (4 Years, Bachelor of Technology)",OS,OBC-NCL,Female-only (including Supernumerary),7451,7451
1,"National Institute of Technology, Silchar","Electronics and Communication Engineering (4 Years, Bachelor of Technology)",OS,OBC-NCL(PwD),Female-only (including Supernumerary),838,838
1,"National Institute of Technology, Silchar","Electronics and Communication Engineering (4 Years, Bachelor of Technology)",OS,SC,Female-only (including Supernumerary),2630,2630
1,"National Institute of Technology, Silchar","Electronics and Communication Engineering (4 Years, Bachelor of Technology)",OS,SC,Gender-Neutral,2282,2872
1,"National Institute of Technology, Silchar","Electronics and Communication Engineering (4 Years, Bachelor of Technology)",OS,ST,Gender-Neutral,1058,1481
1,"National Institute of Technology, Silchar","Electronics and Communication Engineering (4 Years, Bachelor of Technology)",OS,ST,Female-only (including Supernumerary),2301,2301
1,"National Institute of Technology, Silchar","Electronics and Instrumentation Engineering (4 Years, Bachelor of Technology)",HS,General,Gender-Neutral,41785,59851
1,"National Institute of Technology, Silchar","Electronics and Instrumentation Engineering (4 Years, Bachelor of Technology)",HS,General,Female-only (including Supernumerary),60732,64341
1,"National Institute of Technology, Silchar","Electronics and Instrumentation Engineering (4 Years, Bachelor of Technology)",HS,OBC-NCL,Female-only (including Supernumerary),31203,31203
1,"National Institute of Technology, Silchar","Electronics and Instrumentation Engineering (4 Years, Bachelor of Technology)",HS,OBC-NCL,Gender-Neutral,23811,33065
1,"National Institute of Technology, Silchar","Electronics and Instrumentation Engineering (4 Years, Bachelor of Technology)",HS,SC,Female-only (including Supernumerary),9277,9277
1,"National Institute of Technology, Silchar","Electronics and Instrumentation Engineering (4 Years, Bachelor of Technology)",HS,SC,Gender-Neutral,7004,8379
1,"National Institute of Technology, Silchar","Electronics and Instrumentation Engineering (4 Years, Bachelor of Technology)",HS,ST,Gender-Neutral,2971,2971
1,"National Institute of Technology, Silchar","Electronics and Instrumentation Engineering (4 Years, Bachelor of Technology)",HS,ST,Female-only (including Supernumerary),3660,3660
1,"National Institute of Technology, Silchar","Electronics and Instrumentation Engineering (4 Years, Bachelor of Technology)",OS,General,Gender-Neutral,10389,20313
1,"National Institute of Technology, Silchar","Electronics and Instrumentation Engineering (4 Years, Bachelor of Technology)",OS,General,Female-only (including Supernumerary),20063,20063
1,"National Institute of Technology, Silchar","Electronics and Instrumentation Engineering (4 Years, Bachelor of Technology)",OS,General PwD,Gender-Neutral,837,837
1,"National Institute of Technology, Silchar","Electronics and Instrumentation Engineering (4 Years, Bachelor of Technology)",OS,OBC-NCL,Female-only (including Supernumerary),11470,11470
1,"National Institute of Technology, Silchar","Electronics and Instrumentation Engineering (4 Years, Bachelor of Technology)",OS,OBC-NCL,Gender-Neutral,6277,7460
1,"National Institute of Technology, Silchar","Electronics and Instrumentation Engineering (4 Years, Bachelor of Technology)",OS,OBC-NCL(PwD),Gender-Neutral,510,510
1,"National Institute of Technology, Silchar","Electronics and Instrumentation Engineering (4 Years, Bachelor of Technology)",OS,SC,Gender-Neutral,3663,4588
1,"National Institute of Technology, Silchar","Electronics and Instrumentation Engineering (4 Years, Bachelor of Technology)",OS,SC,Female-only (including Supernumerary),6202,6202
1,"National Institute of Technology, Silchar","Electronics and Instrumentation Engineering (4 Years, Bachelor of Technology)",OS,ST,Female-only (including Supernumerary),3975,3975
1,"National Institute of Technology, Silchar","Electronics and Instrumentation Engineering (4 Years, Bachelor of Technology)",OS,ST,Gender-Neutral,1705,1705
1,"National Institute of Technology, Silchar","Mechanical Engineering (4 Years, Bachelor of Technology)",HS,General,Female-only (including Supernumerary),35056,58245
1,"National Institute of Technology, Silchar","Mechanical Engineering (4 Years, Bachelor of Technology)",HS,General,Gender-Neutral,9195,38234
1,"National Institute of Technology, Silchar","Mechanical Engineering (4 Years, Bachelor of Technology)",HS,General PwD,Female-only (including Supernumerary),2809,2809
1,"National Institute of Technology, Silchar","Mechanical Engineering (4 Years, Bachelor of Technology)",HS,General PwD,Gender-Neutral,724,724
1,"National Institute of Technology, Silchar","Mechanical Engineering (4 Years, Bachelor of Technology)",HS,OBC-NCL,Female-only (including Supernumerary),19980,20335
1,"National Institute of Technology, Silchar","Mechanical Engineering (4 Years, Bachelor of Technology)",HS,OBC-NCL,Gender-Neutral,9832,24841
1,"National Institute of Technology, Silchar","Mechanical Engineering (4 Years, Bachelor of Technology)",HS,OBC-NCL(PwD),Gender-Neutral,886,886
1,"National Institute of Technology, Silchar","Mechanical Engineering (4 Years, Bachelor of Technology)",HS,SC,Female-only (including Supernumerary),3031,3031
1,"National Institute of Technology, Silchar","Mechanical Engineering (4 Years, Bachelor of Technology)",HS,SC,Gender-Neutral,2896,5874
1,"National Institute of Technology, Silchar","Mechanical Engineering (4 Years, Bachelor of Technology)",HS,ST,Female-only (including Supernumerary),2392,2392
1,"National Institute of Technology, Silchar","Mechanical Engineering (4 Years, Bachelor of Technology)",HS,ST,Gender-Neutral,1616,2295
1,"National Institute of Technology, Silchar","Mechanical Engineering (4 Years, Bachelor of Technology)",OS,General,Female-only (including Supernumerary),22517,25752
1,"National Institute of Technology, Silchar","Mechanical Engineering (4 Years, Bachelor of Technology)",OS,General,Gender-Neutral,11293,19000
1,"National Institute of Technology, Silchar","Mechanical Engineering (4 Years, Bachelor of Technology)",OS,General PwD,Gender-Neutral,577,829
1,"National Institute of Technology, Silchar","Mechanical Engineering (4 Years, Bachelor of Technology)",OS,OBC-NCL,Female-only (including Supernumerary),10104,10829
1,"National Institute of Technology, Silchar","Mechanical Engineering (4 Years, Bachelor of Technology)",OS,OBC-NCL,Gender-Neutral,4484,5998
1,"National Institute of Technology, Silchar","Mechanical Engineering (4 Years, Bachelor of Technology)",OS,SC,Gender-Neutral,2751,3371
1,"National Institute of Technology, Silchar","Mechanical Engineering (4 Years, Bachelor of Technology)",OS,SC,Female-only (including Supernumerary),5516,5516
1,"National Institute of Technology, Silchar","Mechanical Engineering (4 Years, Bachelor of Technology)",OS,ST,Gender-Neutral,925,1453
1,"National Institute of Technology, Silchar","Mechanical Engineering (4 Years, Bachelor of Technology)",OS,ST,Female-only (including Supernumerary),3881,3881
1,"National Institute of Technology, Srinagar","Chemical Engineering (4 Years, Bachelor of Technology)",HS,General,Female-only (including Supernumerary),100492,128683
1,"National Institute of Technology, Srinagar","Chemical Engineering (4 Years, Bachelor of Technology)",HS,General,Gender-Neutral,36621,67862
1,"National Institute of Technology, Srinagar","Chemical Engineering (4 Years, Bachelor of Technology)",HS,General PwD,Gender-Neutral,1219,1219
1,"National Institute of Technology, Srinagar","Chemical Engineering (4 Years, Bachelor of Technology)",HS,OBC-NCL,Gender-Neutral,31732,222189
1,"National Institute of Technology, Srinagar","Chemical Engineering (4 Years, Bachelor of Technology)",HS,OBC-NCL,Female-only (including Supernumerary),375764,375764
1,"National Institute of Technology, Srinagar","Chemical Engineering (4 Years, Bachelor of Technology)",HS,SC,Gender-Neutral,10404,17986
1,"National Institute of Technology, Srinagar","Chemical Engineering (4 Years, Bachelor of Technology)",HS,SC,Female-only (including Supernumerary),18799,18799
1,"National Institute of Technology, Srinagar","Chemical Engineering (4 Years, Bachelor of Technology)",HS,ST,Gender-Neutral,2580,2613
1,"National Institute of Technology, Srinagar","Chemical Engineering (4 Years, Bachelor of Technology)",HS,ST,Female-only (including Supernumerary),7635,7635
1,"National Institute of Technology, Srinagar","Chemical Engineering (4 Years, Bachelor of Technology)",OS,General,Female-only (including Supernumerary),34220,35444
1,"National Institute of Technology, Srinagar","Chemical Engineering (4 Years, Bachelor of Technology)",OS,General,Gender-Neutral,17013,31538
1,"National Institute of Technology, Srinagar","Chemical Engineering (4 Years, Bachelor of Technology)",OS,General PwD,Gender-Neutral,1046,1046
1,"National Institute of Technology, Srinagar","Chemical Engineering (4 Years, Bachelor of Technology)",OS,OBC-NCL,Gender-Neutral,8612,9673
1,"National Institute of Technology, Srinagar","Chemical Engineering (4 Years, Bachelor of Technology)",OS,OBC-NCL,Female-only (including Supernumerary),13635,13744
1,"National Institute of Technology, Srinagar","Chemical Engineering (4 Years, Bachelor of Technology)",OS,OBC-NCL(PwD),Gender-Neutral,676,676
1,"National Institute of Technology, Srinagar","Chemical Engineering (4 Years, Bachelor of Technology)",OS,SC,Female-only (including Supernumerary),6241,6241
1,"National Institute of Technology, Srinagar","Chemical Engineering (4 Years, Bachelor of Technology)",OS,SC,Gender-Neutral,5174,5564
1,"National Institute of Technology, Srinagar","Chemical Engineering (4 Years, Bachelor of Technology)",OS,ST,Female-only (including Supernumerary),2779,2779
1,"National Institute of Technology, Srinagar","Chemical Engineering (4 Years, Bachelor of Technology)",OS,ST,Gender-Neutral,2622,2626
1,"National Institute of Technology, Srinagar","Civil Engineering (4 Years, Bachelor of Technology)",HS,General,Gender-Neutral,13909,46303
1,"National Institute of Technology, Srinagar","Civil Engineering (4 Years, Bachelor of Technology)",HS,General,Female-only (including Supernumerary),43552,76846
1,"National Institute of Technology, Srinagar","Civil Engineering (4 Years, Bachelor of Technology)",HS,General PwD,Gender-Neutral,95,661
1,"National Institute of Technology, Srinagar","Civil Engineering (4 Years, Bachelor of Technology)",HS,OBC-NCL,Gender-Neutral,15924,55577
1,"National Institute of Technology, Srinagar","Civil Engineering (4 Years, Bachelor of Technology)",HS,OBC-NCL,Female-only (including Supernumerary),31737,62629
1,"National Institute of Technology, Srinagar","Civil Engineering (4 Years, Bachelor of Technology)",HS,OBC-NCL(PwD),Gender-Neutral,478,478
1,"National Institute of Technology, Srinagar","Civil Engineering (4 Years, Bachelor of Technology)",HS,SC,Gender-Neutral,3044,9420
1,"National Institute of Technology, Srinagar","Civil Engineering (4 Years, Bachelor of Technology)",HS,SC,Female-only (including Supernumerary),11686,14954
1,"National Institute of Technology, Srinagar","Civil Engineering (4 Years, Bachelor of Technology)",HS,ST,Female-only (including Supernumerary),3184,3184
1,"National Institute of Technology, Srinagar","Civil Engineering (4 Years, Bachelor of Technology)",HS,ST,Gender-Neutral,1030,1530
1,"National Institute of Technology, Srinagar","Civil Engineering (4 Years, Bachelor of Technology)",OS,General,Gender-Neutral,27017,32541
1,"National Institute of Technology, Srinagar","Civil Engineering (4 Years, Bachelor of Technology)",OS,General,Female-only (including Supernumerary),36422,38656
1,"National Institute of Technology, Srinagar","Civil Engineering (4 Years, Bachelor of Technology)",OS,General PwD,Gender-Neutral,1127,1164
1,"National Institute of Technology, Srinagar","Civil Engineering (4 Years, Bachelor of Technology)",OS,OBC-NCL,Female-only (including Supernumerary),14025,14404
1,"National Institute of Technology, Srinagar","Civil Engineering (4 Years, Bachelor of Technology)",OS,OBC-NCL,Gender-Neutral,8521,9974
1,"National Institute of Technology, Srinagar","Civil Engineering (4 Years, Bachelor of Technology)",OS,OBC-NCL(PwD),Gender-Neutral,475,475
1,"National Institute of Technology, Srinagar","Civil Engineering (4 Years, Bachelor of Technology)",OS,SC,Gender-Neutral,4064,5103
1,"National Institute of Technology, Srinagar","Civil Engineering (4 Years, Bachelor of Technology)",OS,SC,Female-only (including Supernumerary),5193,5193
1,"National Institute of Technology, Srinagar","Civil Engineering (4 Years, Bachelor of Technology)",OS,SC PwD,Gender-Neutral,189,189
1,"National Institute of Technology, Srinagar","Civil Engineering (4 Years, Bachelor of Technology)",OS,ST,Female-only (including Supernumerary),2114,2114
1,"National Institute of Technology, Srinagar","Civil Engineering (4 Years, Bachelor of Technology)",OS,ST,Gender-Neutral,1374,1480
1,"National Institute of Technology, Srinagar","Computer Science and Engineering (4 Years, Bachelor of Technology)",HS,General,Gender-Neutral,24793,35267
1,"National Institute of Technology, Srinagar","Computer Science and Engineering (4 Years, Bachelor of Technology)",HS,General,Female-only (including Supernumerary),44767,53356
1,"National Institute of Technology, Srinagar","Computer Science and Engineering (4 Years, Bachelor of Technology)",HS,General PwD,Gender-Neutral,832,832
1,"National Institute of Technology, Srinagar","Computer Science and Engineering (4 Years, Bachelor of Technology)",HS,OBC-NCL,Female-only (including Supernumerary),24433,24433
1,"National Institute of Technology, Srinagar","Computer Science and Engineering (4 Years, Bachelor of Technology)",HS,OBC-NCL,Gender-Neutral,10056,30847
1,"National Institute of Technology, Srinagar","Computer Science and Engineering (4 Years, Bachelor of Technology)",HS,SC,Gender-Neutral,8646,9108
1,"National Institute of Technology, Srinagar","Computer Science and Engineering (4 Years, Bachelor of Technology)",HS,SC,Female-only (including Supernumerary),12413,12413
1,"National Institute of Technology, Srinagar","Computer Science and Engineering (4 Years, Bachelor of Technology)",HS,ST,Female-only (including Supernumerary),3905,3905
1,"National Institute of Technology, Srinagar","Computer Science and Engineering (4 Years, Bachelor of Technology)",HS,ST,Gender-Neutral,495,1040
1,"National Institute of Technology, Srinagar","Computer Science and Engineering (4 Years, Bachelor of Technology)",OS,General,Gender-Neutral,9065,18011
1,"National Institute of Technology, Srinagar","Computer Science and Engineering (4 Years, Bachelor of Technology)",OS,General,Female-only (including Supernumerary),18894,21679
1,"National Institute of Technology, Srinagar","Computer Science and Engineering (4 Years, Bachelor of Technology)",OS,General PwD,Gender-Neutral,446,446
1,"National Institute of Technology, Srinagar","Computer Science and Engineering (4 Years, Bachelor of Technology)",OS,OBC-NCL,Female-only (including Supernumerary),9680,9680
1,"National Institute of Technology, Srinagar","Computer Science and Engineering (4 Years, Bachelor of Technology)",OS,OBC-NCL,Gender-Neutral,4881,5987
1,"National Institute of Technology, Srinagar","Computer Science and Engineering (4 Years, Bachelor of Technology)",OS,SC,Female-only (including Supernumerary),3507,3507
1,"National Institute of Technology, Srinagar","Computer Science and Engineering (4 Years, Bachelor of Technology)",OS,SC,Gender-Neutral,2821,3239
1,"National Institute of Technology, Srinagar","Computer Science and Engineering (4 Years, Bachelor of Technology)",OS,ST,Gender-Neutral,1337,1337
1,"National Institute of Technology, Srinagar","Electrical Engineering (4 Years, Bachelor of Technology)",HS,General,Female-only (including Supernumerary),27574,80180
1,"National Institute of Technology, Srinagar","Electrical Engineering (4 Years, Bachelor of Technology)",HS,General,Gender-Neutral,35260,57907
1,"National Institute of Technology, Srinagar","Electrical Engineering (4 Years, Bachelor of Technology)",HS,General PwD,Gender-Neutral,720,720
1,"National Institute of Technology, Srinagar","Electrical Engineering (4 Years, Bachelor of Technology)",HS,OBC-NCL,Female-only (including Supernumerary),125944,187579
1,"National Institute of Technology, Srinagar","Electrical Engineering (4 Years, Bachelor of Technology)",HS,OBC-NCL,Gender-Neutral,57572,88290
1,"National Institute of Technology, Srinagar","Electrical Engineering (4 Years, Bachelor of Technology)",HS,SC,Female-only (including Supernumerary),14979,14979
1,"National Institute of Technology, Srinagar","Electrical Engineering (4 Years, Bachelor of Technology)",HS,SC,Gender-Neutral,3581,13773
1,"National Institute of Technology, Srinagar","Electrical Engineering (4 Years, Bachelor of Technology)",HS,ST,Female-only (including Supernumerary),1920,1920
1,"National Institute of Technology, Srinagar","Electrical Engineering (4 Years, Bachelor of Technology)",HS,ST,Gender-Neutral,1629,1685
1,"National Institute of Technology, Srinagar","Electrical Engineering (4 Years, Bachelor of Technology)",OS,General,Gender-Neutral,23227,29625
1,"National Institute of Technology, Srinagar","Electrical Engineering (4 Years, Bachelor of Technology)",OS,General,Female-only (including Supernumerary),27127,31082
1,"National Institute of Technology, Srinagar","Electrical Engineering (4 Years, Bachelor of Technology)",OS,General PwD,Gender-Neutral,1320,1320
1,"National Institute of Technology, Srinagar","Electrical Engineering (4 Years, Bachelor of Technology)",OS,OBC-NCL,Female-only (including Supernumerary),13743,13822
1,"National Institute of Technology, Srinagar","Electrical Engineering (4 Years, Bachelor of Technology)",OS,OBC-NCL,Gender-Neutral,7866,8980
1,"National Institute of Technology, Srinagar","Electrical Engineering (4 Years, Bachelor of Technology)",OS,OBC-NCL(PwD),Gender-Neutral,621,621
1,"National Institute of Technology, Srinagar","Electrical Engineering (4 Years, Bachelor of Technology)",OS,SC,Female-only (including Supernumerary),5935,5935
1,"National Institute of Technology, Srinagar","Electrical Engineering (4 Years, Bachelor of Technology)",OS,SC,Gender-Neutral,3174,4865
1,"National Institute of Technology, Srinagar","Electrical Engineering (4 Years, Bachelor of Technology)",OS,SC PwD,Gender-Neutral,242,242
1,"National Institute of Technology, Srinagar","Electrical Engineering (4 Years, Bachelor of Technology)",OS,ST,Gender-Neutral,1493,1740
1,"National Institute of Technology, Srinagar","Electronics and Communication Engineering (4 Years, Bachelor of Technology)",HS,General,Female-only (including Supernumerary),54896,95517
1,"National Institute of Technology, Srinagar","Electronics and Communication Engineering (4 Years, Bachelor of Technology)",HS,General,Gender-Neutral,41326,61583
1,"National Institute of Technology, Srinagar","Electronics and Communication Engineering (4 Years, Bachelor of Technology)",HS,General PwD,Gender-Neutral,1035,1035
1,"National Institute of Technology, Srinagar","Electronics and Communication Engineering (4 Years, Bachelor of Technology)",HS,OBC-NCL,Female-only (including Supernumerary),62646,86003
1,"National Institute of Technology, Srinagar","Electronics and Communication Engineering (4 Years, Bachelor of Technology)",HS,OBC-NCL,Gender-Neutral,39739,144515
1,"National Institute of Technology, Srinagar","Electronics and Communication Engineering (4 Years, Bachelor of Technology)",HS,SC,Gender-Neutral,9001,13994
1,"National Institute of Technology, Srinagar","Electronics and Communication Engineering (4 Years, Bachelor of Technology)",HS,SC,Female-only (including Supernumerary),13276,13276
1,"National Institute of Technology, Srinagar","Electronics and Communication Engineering (4 Years, Bachelor of Technology)",HS,ST,Gender-Neutral,1773,1875
1,"National Institute of Technology, Srinagar","Electronics and Communication Engineering (4 Years, Bachelor of Technology)",HS,ST,Female-only (including Supernumerary),4472,4472
1,"National Institute of Technology, Srinagar","Electronics and Communication Engineering (4 Years, Bachelor of Technology)",OS,General,Gender-Neutral,18544,26935
1,"National Institute of Technology, Srinagar","Electronics and Communication Engineering (4 Years, Bachelor of Technology)",OS,General,Female-only (including Supernumerary),27941,29663
1,"National Institute of Technology, Srinagar","Electronics and Communication Engineering (4 Years, Bachelor of Technology)",OS,General PwD,Gender-Neutral,987,987
1,"National Institute of Technology, Srinagar","Electronics and Communication Engineering (4 Years, Bachelor of Technology)",OS,OBC-NCL,Female-only (including Supernumerary),13383,13459
1,"National Institute of Technology, Srinagar","Electronics and Communication Engineering (4 Years, Bachelor of Technology)",OS,OBC-NCL,Gender-Neutral,7048,8140
1,"National Institute of Technology, Srinagar","Electronics and Communication Engineering (4 Years, Bachelor of Technology)",OS,OBC-NCL(PwD),Gender-Neutral,535,535
1,"National Institute of Technology, Srinagar","Electronics and Communication Engineering (4 Years, Bachelor of Technology)",OS,SC,Female-only (including Supernumerary),6956,6956
1,"National Institute of Technology, Srinagar","Electronics and Communication Engineering (4 Years, Bachelor of Technology)",OS,SC,Gender-Neutral,4903,5105
1,"National Institute of Technology, Srinagar","Electronics and Communication Engineering (4 Years, Bachelor of Technology)",OS,ST,Female-only (including Supernumerary),3605,3605
1,"National Institute of Technology, Srinagar","Electronics and Communication Engineering (4 Years, Bachelor of Technology)",OS,ST,Gender-Neutral,2338,2388
1,"National Institute of Technology, Srinagar","Information Technology (4 Years, Bachelor of Technology)",HS,General,Female-only (including Supernumerary),66469,95742
1,"National Institute of Technology, Srinagar","Information Technology (4 Years, Bachelor of Technology)",HS,General,Gender-Neutral,36414,64333
1,"National Institute of Technology, Srinagar","Information Technology (4 Years, Bachelor of Technology)",HS,General PwD,Gender-Neutral,1038,1038
1,"National Institute of Technology, Srinagar","Information Technology (4 Years, Bachelor of Technology)",HS,OBC-NCL,Female-only (including Supernumerary),66758,66758
1,"National Institute of Technology, Srinagar","Information Technology (4 Years, Bachelor of Technology)",HS,OBC-NCL,Gender-Neutral,48205,160010
1,"National Institute of Technology, Srinagar","Information Technology (4 Years, Bachelor of Technology)",HS,SC,Gender-Neutral,7918,16714
1,"National Institute of Technology, Srinagar","Information Technology (4 Years, Bachelor of Technology)",HS,SC,Female-only (including Supernumerary),19478,19478
1,"National Institute of Technology, Srinagar","Information Technology (4 Years, Bachelor of Technology)",HS,ST,Gender-Neutral,2176,2274
1,"National Institute of Technology, Srinagar","Information Technology (4 Years, Bachelor of Technology)",OS,General,Female-only (including Supernumerary),24492,29009
1,"National Institute of Technology, Srinagar","Information Technology (4 Years, Bachelor of Technology)",OS,General,Gender-Neutral,11569,24370
1,"National Institute of Technology, Srinagar","Information Technology (4 Years, Bachelor of Technology)",OS,General PwD,Gender-Neutral,332,332
1,"National Institute of Technology, Srinagar","Information Technology (4 Years, Bachelor of Technology)",OS,OBC-NCL,Female-only (including Supernumerary),10967,10967
1,"National Institute of Technology, Srinagar","Information Technology (4 Years, Bachelor of Technology)",OS,OBC-NCL,Gender-Neutral,6911,7734
1,"National Institute of Technology, Srinagar","Information Technology (4 Years, Bachelor of Technology)",OS,SC,Gender-Neutral,3753,4721
1,"National Institute of Technology, Srinagar","Information Technology (4 Years, Bachelor of Technology)",OS,SC,Female-only (including Supernumerary),6543,6543
1,"National Institute of Technology, Srinagar","Information Technology (4 Years, Bachelor of Technology)",OS,ST,Gender-Neutral,2437,2437
1,"National Institute of Technology, Srinagar","Information Technology (4 Years, Bachelor of Technology)",OS,ST,Female-only (including Supernumerary),3894,3894
1,"National Institute of Technology, Srinagar","Mechanical Engineering (4 Years, Bachelor of Technology)",HS,General,Female-only (including Supernumerary),83709,108161
1,"National Institute of Technology, Srinagar","Mechanical Engineering (4 Years, Bachelor of Technology)",HS,General,Gender-Neutral,31334,58740
1,"National Institute of Technology, Srinagar","Mechanical Engineering (4 Years, Bachelor of Technology)",HS,General PwD,Gender-Neutral,897,897
1,"National Institute of Technology, Srinagar","Mechanical Engineering (4 Years, Bachelor of Technology)",HS,OBC-NCL,Gender-Neutral,34631,148091
1,"National Institute of Technology, Srinagar","Mechanical Engineering (4 Years, Bachelor of Technology)",HS,SC,Gender-Neutral,10186,15915
1,"National Institute of Technology, Srinagar","Mechanical Engineering (4 Years, Bachelor of Technology)",HS,SC,Female-only (including Supernumerary),15476,15476
1,"National Institute of Technology, Srinagar","Mechanical Engineering (4 Years, Bachelor of Technology)",HS,ST,Female-only (including Supernumerary),5315,5315
1,"National Institute of Technology, Srinagar","Mechanical Engineering (4 Years, Bachelor of Technology)",HS,ST,Gender-Neutral,1993,2174
1,"National Institute of Technology, Srinagar","Mechanical Engineering (4 Years, Bachelor of Technology)",OS,General,Gender-Neutral,20675,28444
1,"National Institute of Technology, Srinagar","Mechanical Engineering (4 Years, Bachelor of Technology)",OS,General,Female-only (including Supernumerary),33808,36321
1,"National Institute of Technology, Srinagar","Mechanical Engineering (4 Years, Bachelor of Technology)",OS,General PwD,Gender-Neutral,1422,1422
1,"National Institute of Technology, Srinagar","Mechanical Engineering (4 Years, Bachelor of Technology)",OS,OBC-NCL,Female-only (including Supernumerary),13674,13674
1,"National Institute of Technology, Srinagar","Mechanical Engineering (4 Years, Bachelor of Technology)",OS,OBC-NCL,Gender-Neutral,7257,8360
1,"National Institute of Technology, Srinagar","Mechanical Engineering (4 Years, Bachelor of Technology)",OS,OBC-NCL(PwD),Gender-Neutral,547,547
1,"National Institute of Technology, Srinagar","Mechanical Engineering (4 Years, Bachelor of Technology)",OS,SC,Gender-Neutral,3516,4699
1,"National Institute of Technology, Srinagar","Mechanical Engineering (4 Years, Bachelor of Technology)",OS,SC,Female-only (including Supernumerary),7378,7378
1,"National Institute of Technology, Srinagar","Mechanical Engineering (4 Years, Bachelor of Technology)",OS,ST,Gender-Neutral,1927,2045
1,"National Institute of Technology, Srinagar","Metallurgical and Materials Engineering (4 Years, Bachelor of Technology)",HS,General,Gender-Neutral,65807,78264
1,"National Institute of Technology, Srinagar","Metallurgical and Materials Engineering (4 Years, Bachelor of Technology)",HS,General,Female-only (including Supernumerary),121913,141953
1,"National Institute of Technology, Srinagar","Metallurgical and Materials Engineering (4 Years, Bachelor of Technology)",HS,General PwD,Gender-Neutral,1074,1074
1,"National Institute of Technology, Srinagar","Metallurgical and Materials Engineering (4 Years, Bachelor of Technology)",HS,OBC-NCL,Gender-Neutral,72545,391621
1,"National Institute of Technology, Srinagar","Metallurgical and Materials Engineering (4 Years, Bachelor of Technology)",HS,SC,Gender-Neutral,16808,24427
1,"National Institute of Technology, Srinagar","Metallurgical and Materials Engineering (4 Years, Bachelor of Technology)",HS,SC,Female-only (including Supernumerary),34446,34446
1,"National Institute of Technology, Srinagar","Metallurgical and Materials Engineering (4 Years, Bachelor of Technology)",HS,ST,Gender-Neutral,2720,3400
1,"National Institute of Technology, Srinagar","Metallurgical and Materials Engineering (4 Years, Bachelor of Technology)",OS,General,Gender-Neutral,32031,34520
1,"National Institute of Technology, Srinagar","Metallurgical and Materials Engineering (4 Years, Bachelor of Technology)",OS,General,Female-only (including Supernumerary),34004,39169
1,"National Institute of Technology, Srinagar","Metallurgical and Materials Engineering (4 Years, Bachelor of Technology)",OS,General PwD,Gender-Neutral,1417,1417
1,"National Institute of Technology, Srinagar","Metallurgical and Materials Engineering (4 Years, Bachelor of Technology)",OS,OBC-NCL,Gender-Neutral,9681,10257
1,"National Institute of Technology, Srinagar","Metallurgical and Materials Engineering (4 Years, Bachelor of Technology)",OS,OBC-NCL,Female-only (including Supernumerary),13848,13848
1,"National Institute of Technology, Srinagar","Metallurgical and Materials Engineering (4 Years, Bachelor of Technology)",OS,SC,Gender-Neutral,5605,5942
1,"National Institute of Technology, Srinagar","Metallurgical and Materials Engineering (4 Years, Bachelor of Technology)",OS,SC,Female-only (including Supernumerary),8067,8067
1,"National Institute of Technology, Srinagar","Metallurgical and Materials Engineering (4 Years, Bachelor of Technology)",OS,ST,Female-only (including Supernumerary),3883,3883
1,"National Institute of Technology, Srinagar","Metallurgical and Materials Engineering (4 Years, Bachelor of Technology)",OS,ST,Gender-Neutral,2799,2877
1,"National Institute of Technology, Tiruchirappalli","Architecture (5 Years, Bachelor of Architecture)",HS,General,Gender-Neutral,765,1214
1,"National Institute of Technology, Tiruchirappalli","Architecture (5 Years, Bachelor of Architecture)",HS,General,Female-only (including Supernumerary),303,987
1,"National Institute of Technology, Tiruchirappalli","Architecture (5 Years, Bachelor of Architecture)",HS,OBC-NCL,Gender-Neutral,280,359
1,"National Institute of Technology, Tiruchirappalli","Architecture (5 Years, Bachelor of Architecture)",HS,OBC-NCL,Female-only (including Supernumerary),503,503
1,"National Institute of Technology, Tiruchirappalli","Architecture (5 Years, Bachelor of Architecture)",HS,SC,Gender-Neutral,117,118
1,"National Institute of Technology, Tiruchirappalli","Architecture (5 Years, Bachelor of Architecture)",HS,SC,Female-only (including Supernumerary),83,83
1,"National Institute of Technology, Tiruchirappalli","Architecture (5 Years, Bachelor of Architecture)",HS,SC PwD,Gender-Neutral,1,1
1,"National Institute of Technology, Tiruchirappalli","Architecture (5 Years, Bachelor of Architecture)",HS,ST,Gender-Neutral,274,596
1,"National Institute of Technology, Tiruchirappalli","Architecture (5 Years, Bachelor of Architecture)",OS,General,Female-only (including Supernumerary),308,493
1,"National Institute of Technology, Tiruchirappalli","Architecture (5 Years, Bachelor of Architecture)",OS,General,Gender-Neutral,436,501
1,"National Institute of Technology, Tiruchirappalli","Architecture (5 Years, Bachelor of Architecture)",OS,General PwD,Gender-Neutral,17,17
1,"National Institute of Technology, Tiruchirappalli","Architecture (5 Years, Bachelor of Architecture)",OS,OBC-NCL,Gender-Neutral,156,193
1,"National Institute of Technology, Tiruchirappalli","Architecture (5 Years, Bachelor of Architecture)",OS,OBC-NCL,Female-only (including Supernumerary),108,108
1,"National Institute of Technology, Tiruchirappalli","Architecture (5 Years, Bachelor of Architecture)",OS,OBC-NCL(PwD),Gender-Neutral,8,8
1,"National Institute of Technology, Tiruchirappalli","Architecture (5 Years, Bachelor of Architecture)",OS,SC,Gender-Neutral,69,128
1,"National Institute of Technology, Tiruchirappalli","Architecture (5 Years, Bachelor of Architecture)",OS,SC,Female-only (including Supernumerary),72,72
1,"National Institute of Technology, Tiruchirappalli","Architecture (5 Years, Bachelor of Architecture)",OS,ST,Gender-Neutral,23,23
1,"National Institute of Technology, Tiruchirappalli","Architecture (5 Years, Bachelor of Architecture)",OS,ST,Female-only (including Supernumerary),62,62
1,"National Institute of Technology, Tiruchirappalli","Chemical Engineering (4 Years, Bachelor of Technology)",HS,General,Gender-Neutral,9569,14464
1,"National Institute of Technology, Tiruchirappalli","Chemical Engineering (4 Years, Bachelor of Technology)",HS,General,Female-only (including Supernumerary),7607,14994
1,"National Institute of Technology, Tiruchirappalli","Chemical Engineering (4 Years, Bachelor of Technology)",HS,General PwD,Gender-Neutral,1979,1979
1,"National Institute of Technology, Tiruchirappalli","Chemical Engineering (4 Years, Bachelor of Technology)",HS,OBC-NCL,Female-only (including Supernumerary),6750,7002
1,"National Institute of Technology, Tiruchirappalli","Chemical Engineering (4 Years, Bachelor of Technology)",HS,OBC-NCL,Gender-Neutral,3373,4714
1,"National Institute of Technology, Tiruchirappalli","Chemical Engineering (4 Years, Bachelor of Technology)",HS,SC,Gender-Neutral,2898,4669
1,"National Institute of Technology, Tiruchirappalli","Chemical Engineering (4 Years, Bachelor of Technology)",HS,SC,Female-only (including Supernumerary),4759,4759
1,"National Institute of Technology, Tiruchirappalli","Chemical Engineering (4 Years, Bachelor of Technology)",HS,ST,Female-only (including Supernumerary),9588,9588
1,"National Institute of Technology, Tiruchirappalli","Chemical Engineering (4 Years, Bachelor of Technology)",HS,ST,Gender-Neutral,267,4617
1,"National Institute of Technology, Tiruchirappalli","Chemical Engineering (4 Years, Bachelor of Technology)",OS,General,Female-only (including Supernumerary),9064,10834
1,"National Institute of Technology, Tiruchirappalli","Chemical Engineering (4 Years, Bachelor of Technology)",OS,General,Gender-Neutral,5977,8983
1,"National Institute of Technology, Tiruchirappalli","Chemical Engineering (4 Years, Bachelor of Technology)",OS,General PwD,Gender-Neutral,159,159
1,"National Institute of Technology, Tiruchirappalli","Chemical Engineering (4 Years, Bachelor of Technology)",OS,OBC-NCL,Gender-Neutral,2293,3046
1,"National Institute of Technology, Tiruchirappalli","Chemical Engineering (4 Years, Bachelor of Technology)",OS,OBC-NCL,Female-only (including Supernumerary),3335,4106
1,"National Institute of Technology, Tiruchirappalli","Chemical Engineering (4 Years, Bachelor of Technology)",OS,SC,Female-only (including Supernumerary),1953,1953
1,"National Institute of Technology, Tiruchirappalli","Chemical Engineering (4 Years, Bachelor of Technology)",OS,SC,Gender-Neutral,998,1134
1,"National Institute of Technology, Tiruchirappalli","Chemical Engineering (4 Years, Bachelor of Technology)",OS,ST,Gender-Neutral,334,374
1,"National Institute of Technology, Tiruchirappalli","Civil Engineering (4 Years, Bachelor of Technology)",HS,General,Gender-Neutral,6760,21894
1,"National Institute of Technology, Tiruchirappalli","Civil Engineering (4 Years, Bachelor of Technology)",HS,General,Female-only (including Supernumerary),15531,18219
1,"National Institute of Technology, Tiruchirappalli","Civil Engineering (4 Years, Bachelor of Technology)",HS,General PwD,Gender-Neutral,784,784
1,"National Institute of Technology, Tiruchirappalli","Civil Engineering (4 Years, Bachelor of Technology)",HS,OBC-NCL,Female-only (including Supernumerary),7037,7858
1,"National Institute of Technology, Tiruchirappalli","Civil Engineering (4 Years, Bachelor of Technology)",HS,OBC-NCL,Gender-Neutral,5075,7030
1,"National Institute of Technology, Tiruchirappalli","Civil Engineering (4 Years, Bachelor of Technology)",HS,SC,Gender-Neutral,2404,3734
1,"National Institute of Technology, Tiruchirappalli","Civil Engineering (4 Years, Bachelor of Technology)",HS,SC,Female-only (including Supernumerary),2180,2180
1,"National Institute of Technology, Tiruchirappalli","Civil Engineering (4 Years, Bachelor of Technology)",HS,ST,Gender-Neutral,2568,6986
1,"National Institute of Technology, Tiruchirappalli","Civil Engineering (4 Years, Bachelor of Technology)",OS,General,Female-only (including Supernumerary),5323,8447
1,"National Institute of Technology, Tiruchirappalli","Civil Engineering (4 Years, Bachelor of Technology)",OS,General,Gender-Neutral,2373,9356
1,"National Institute of Technology, Tiruchirappalli","Civil Engineering (4 Years, Bachelor of Technology)",OS,General PwD,Gender-Neutral,163,163
1,"National Institute of Technology, Tiruchirappalli","Civil Engineering (4 Years, Bachelor of Technology)",OS,OBC-NCL,Gender-Neutral,1850,2753
1,"National Institute of Technology, Tiruchirappalli","Civil Engineering (4 Years, Bachelor of Technology)",OS,OBC-NCL,Female-only (including Supernumerary),3222,3701
1,"National Institute of Technology, Tiruchirappalli","Civil Engineering (4 Years, Bachelor of Technology)",OS,SC,Gender-Neutral,841,1265
1,"National Institute of Technology, Tiruchirappalli","Civil Engineering (4 Years, Bachelor of Technology)",OS,SC,Female-only (including Supernumerary),665,665
1,"National Institute of Technology, Tiruchirappalli","Civil Engineering (4 Years, Bachelor of Technology)",OS,ST,Gender-Neutral,148,242
1,"National Institute of Technology, Tiruchirappalli","Civil Engineering (4 Years, Bachelor of Technology)",OS,ST,Female-only (including Supernumerary),382,382
1,"National Institute of Technology, Tiruchirappalli","Civil Engineering (4 Years, Bachelor of Technology)",OS,ST PwD,Gender-Neutral,11,11
1,"National Institute of Technology, Tiruchirappalli","Computer Science and Engineering (4 Years, Bachelor of Technology)",HS,General,Gender-Neutral,982,3219
1,"National Institute of Technology, Tiruchirappalli","Computer Science and Engineering (4 Years, Bachelor of Technology)",HS,General,Female-only (including Supernumerary),1793,4566
1,"National Institute of Technology, Tiruchirappalli","Computer Science and Engineering (4 Years, Bachelor of Technology)",HS,General PwD,Gender-Neutral,319,319
1,"National Institute of Technology, Tiruchirappalli","Computer Science and Engineering (4 Years, Bachelor of Technology)",HS,General PwD,Female-only (including Supernumerary),348,348
1,"National Institute of Technology, Tiruchirappalli","Computer Science and Engineering (4 Years, Bachelor of Technology)",HS,OBC-NCL,Female-only (including Supernumerary),1087,2486
1,"National Institute of Technology, Tiruchirappalli","Computer Science and Engineering (4 Years, Bachelor of Technology)",HS,OBC-NCL,Gender-Neutral,538,1161
1,"National Institute of Technology, Tiruchirappalli","Computer Science and Engineering (4 Years, Bachelor of Technology)",HS,OBC-NCL(PwD),Gender-Neutral,109,109
1,"National Institute of Technology, Tiruchirappalli","Computer Science and Engineering (4 Years, Bachelor of Technology)",HS,SC,Gender-Neutral,672,1624
1,"National Institute of Technology, Tiruchirappalli","Computer Science and Engineering (4 Years, Bachelor of Technology)",HS,SC,Female-only (including Supernumerary),1275,1275
1,"National Institute of Technology, Tiruchirappalli","Computer Science and Engineering (4 Years, Bachelor of Technology)",HS,ST,Female-only (including Supernumerary),2446,2446
1,"National Institute of Technology, Tiruchirappalli","Computer Science and Engineering (4 Years, Bachelor of Technology)",HS,ST,Gender-Neutral,143,3283
1,"National Institute of Technology, Tiruchirappalli","Computer Science and Engineering (4 Years, Bachelor of Technology)",OS,General,Gender-Neutral,227,913
1,"National Institute of Technology, Tiruchirappalli","Computer Science and Engineering (4 Years, Bachelor of Technology)",OS,General,Female-only (including Supernumerary),879,1544
1,"National Institute of Technology, Tiruchirappalli","Computer Science and Engineering (4 Years, Bachelor of Technology)",OS,General PwD,Gender-Neutral,23,23
1,"National Institute of Technology, Tiruchirappalli","Computer Science and Engineering (4 Years, Bachelor of Technology)",OS,OBC-NCL,Female-only (including Supernumerary),439,447
1,"National Institute of Technology, Tiruchirappalli","Computer Science and Engineering (4 Years, Bachelor of Technology)",OS,OBC-NCL,Gender-Neutral,120,292
1,"National Institute of Technology, Tiruchirappalli","Computer Science and Engineering (4 Years, Bachelor of Technology)",OS,OBC-NCL(PwD),Gender-Neutral,10,10
1,"National Institute of Technology, Tiruchirappalli","Computer Science and Engineering (4 Years, Bachelor of Technology)",OS,SC,Female-only (including Supernumerary),218,218
1,"National Institute of Technology, Tiruchirappalli","Computer Science and Engineering (4 Years, Bachelor of Technology)",OS,SC,Gender-Neutral,63,139
1,"National Institute of Technology, Tiruchirappalli","Computer Science and Engineering (4 Years, Bachelor of Technology)",OS,ST,Gender-Neutral,43,82
1,"National Institute of Technology, Tiruchirappalli","Electrical and Electronics Engineering (4 Years, Bachelor of Technology)",HS,General,Gender-Neutral,3098,7582
1,"National Institute of Technology, Tiruchirappalli","Electrical and Electronics Engineering (4 Years, Bachelor of Technology)",HS,General,Female-only (including Supernumerary),9185,13200
1,"National Institute of Technology, Tiruchirappalli","Electrical and Electronics Engineering (4 Years, Bachelor of Technology)",HS,General PwD,Gender-Neutral,379,379
1,"National Institute of Technology, Tiruchirappalli","Electrical and Electronics Engineering (4 Years, Bachelor of Technology)",HS,OBC-NCL,Female-only (including Supernumerary),2983,4578
1,"National Institute of Technology, Tiruchirappalli","Electrical and Electronics Engineering (4 Years, Bachelor of Technology)",HS,OBC-NCL,Gender-Neutral,1609,2848
1,"National Institute of Technology, Tiruchirappalli","Electrical and Electronics Engineering (4 Years, Bachelor of Technology)",HS,OBC-NCL(PwD),Gender-Neutral,134,134
1,"National Institute of Technology, Tiruchirappalli","Electrical and Electronics Engineering (4 Years, Bachelor of Technology)",HS,SC,Female-only (including Supernumerary),2197,2197
1,"National Institute of Technology, Tiruchirappalli","Electrical and Electronics Engineering (4 Years, Bachelor of Technology)",HS,SC,Gender-Neutral,271,2339
1,"National Institute of Technology, Tiruchirappalli","Electrical and Electronics Engineering (4 Years, Bachelor of Technology)",HS,ST,Gender-Neutral,6271,7402
1,"National Institute of Technology, Tiruchirappalli","Electrical and Electronics Engineering (4 Years, Bachelor of Technology)",OS,General,Gender-Neutral,730,2866
1,"National Institute of Technology, Tiruchirappalli","Electrical and Electronics Engineering (4 Years, Bachelor of Technology)",OS,General,Female-only (including Supernumerary),2579,5547
1,"National Institute of Technology, Tiruchirappalli","Electrical and Electronics Engineering (4 Years, Bachelor of Technology)",OS,General PwD,Gender-Neutral,115,115
1,"National Institute of Technology, Tiruchirappalli","Electrical and Electronics Engineering (4 Years, Bachelor of Technology)",OS,OBC-NCL,Female-only (including Supernumerary),1108,2147
1,"National Institute of Technology, Tiruchirappalli","Electrical and Electronics Engineering (4 Years, Bachelor of Technology)",OS,OBC-NCL,Gender-Neutral,612,1140
1,"National Institute of Technology, Tiruchirappalli","Electrical and Electronics Engineering (4 Years, Bachelor of Technology)",OS,SC,Female-only (including Supernumerary),1009,1009
1,"National Institute of Technology, Tiruchirappalli","Electrical and Electronics Engineering (4 Years, Bachelor of Technology)",OS,SC,Gender-Neutral,269,515
1,"National Institute of Technology, Tiruchirappalli","Electrical and Electronics Engineering (4 Years, Bachelor of Technology)",OS,ST,Female-only (including Supernumerary),488,488
1,"National Institute of Technology, Tiruchirappalli","Electrical and Electronics Engineering (4 Years, Bachelor of Technology)",OS,ST,Gender-Neutral,191,219
1,"National Institute of Technology, Tiruchirappalli","Electronics and Communication Engineering (4 Years, Bachelor of Technology)",HS,General,Gender-Neutral,2473,5423
1,"National Institute of Technology, Tiruchirappalli","Electronics and Communication Engineering (4 Years, Bachelor of Technology)",HS,General,Female-only (including Supernumerary),4607,8531
1,"National Institute of Technology, Tiruchirappalli","Electronics and Communication Engineering (4 Years, Bachelor of Technology)",HS,General PwD,Gender-Neutral,481,481
1,"National Institute of Technology, Tiruchirappalli","Electronics and Communication Engineering (4 Years, Bachelor of Technology)",HS,OBC-NCL,Gender-Neutral,980,2130
1,"National Institute of Technology, Tiruchirappalli","Electronics and Communication Engineering (4 Years, Bachelor of Technology)",HS,OBC-NCL,Female-only (including Supernumerary),2521,2566
1,"National Institute of Technology, Tiruchirappalli","Electronics and Communication Engineering (4 Years, Bachelor of Technology)",HS,SC,Gender-Neutral,1511,2147
1,"National Institute of Technology, Tiruchirappalli","Electronics and Communication Engineering (4 Years, Bachelor of Technology)",HS,SC,Female-only (including Supernumerary),1093,1093
1,"National Institute of Technology, Tiruchirappalli","Electronics and Communication Engineering (4 Years, Bachelor of Technology)",HS,ST,Gender-Neutral,3697,5470
1,"National Institute of Technology, Tiruchirappalli","Electronics and Communication Engineering (4 Years, Bachelor of Technology)",OS,General,Gender-Neutral,1066,2052
1,"National Institute of Technology, Tiruchirappalli","Electronics and Communication Engineering (4 Years, Bachelor of Technology)",OS,General,Female-only (including Supernumerary),1598,2442
1,"National Institute of Technology, Tiruchirappalli","Electronics and Communication Engineering (4 Years, Bachelor of Technology)",OS,General PwD,Gender-Neutral,65,65
1,"National Institute of Technology, Tiruchirappalli","Electronics and Communication Engineering (4 Years, Bachelor of Technology)",OS,OBC-NCL,Female-only (including Supernumerary),609,1078
1,"National Institute of Technology, Tiruchirappalli","Electronics and Communication Engineering (4 Years, Bachelor of Technology)",OS,OBC-NCL,Gender-Neutral,393,703
1,"National Institute of Technology, Tiruchirappalli","Electronics and Communication Engineering (4 Years, Bachelor of Technology)",OS,OBC-NCL(PwD),Gender-Neutral,32,32
1,"National Institute of Technology, Tiruchirappalli","Electronics and Communication Engineering (4 Years, Bachelor of Technology)",OS,SC,Gender-Neutral,313,451
1,"National Institute of Technology, Tiruchirappalli","Electronics and Communication Engineering (4 Years, Bachelor of Technology)",OS,SC PwD,Female-only (including Supernumerary),99,99
1,"National Institute of Technology, Tiruchirappalli","Electronics and Communication Engineering (4 Years, Bachelor of Technology)",OS,ST,Female-only (including Supernumerary),460,460
1,"National Institute of Technology, Tiruchirappalli","Electronics and Communication Engineering (4 Years, Bachelor of Technology)",OS,ST,Gender-Neutral,90,147
1,"National Institute of Technology, Tiruchirappalli","Instrumentation and Control Engineering (4 Years, Bachelor of Technology)",HS,General,Gender-Neutral,8764,14262
1,"National Institute of Technology, Tiruchirappalli","Instrumentation and Control Engineering (4 Years, Bachelor of Technology)",HS,General,Female-only (including Supernumerary),14491,16437
1,"National Institute of Technology, Tiruchirappalli","Instrumentation and Control Engineering (4 Years, Bachelor of Technology)",HS,General PwD,Gender-Neutral,944,944
1,"National Institute of Technology, Tiruchirappalli","Instrumentation and Control Engineering (4 Years, Bachelor of Technology)",HS,OBC-NCL,Female-only (including Supernumerary),4990,7283
1,"National Institute of Technology, Tiruchirappalli","Instrumentation and Control Engineering (4 Years, Bachelor of Technology)",HS,OBC-NCL,Gender-Neutral,3182,4715
1,"National Institute of Technology, Tiruchirappalli","Instrumentation and Control Engineering (4 Years, Bachelor of Technology)",HS,SC,Gender-Neutral,2943,4921
1,"National Institute of Technology, Tiruchirappalli","Instrumentation and Control Engineering (4 Years, Bachelor of Technology)",HS,SC,Female-only (including Supernumerary),4867,4867
1,"National Institute of Technology, Tiruchirappalli","Instrumentation and Control Engineering (4 Years, Bachelor of Technology)",HS,ST,Female-only (including Supernumerary),8543,8543
1,"National Institute of Technology, Tiruchirappalli","Instrumentation and Control Engineering (4 Years, Bachelor of Technology)",HS,ST,Gender-Neutral,5286,12887
1,"National Institute of Technology, Tiruchirappalli","Instrumentation and Control Engineering (4 Years, Bachelor of Technology)",OS,General,Gender-Neutral,3998,9326
1,"National Institute of Technology, Tiruchirappalli","Instrumentation and Control Engineering (4 Years, Bachelor of Technology)",OS,General,Female-only (including Supernumerary),6197,8825
1,"National Institute of Technology, Tiruchirappalli","Instrumentation and Control Engineering (4 Years, Bachelor of Technology)",OS,General PwD,Gender-Neutral,270,270
1,"National Institute of Technology, Tiruchirappalli","Instrumentation and Control Engineering (4 Years, Bachelor of Technology)",OS,OBC-NCL,Gender-Neutral,2401,3740
1,"National Institute of Technology, Tiruchirappalli","Instrumentation and Control Engineering (4 Years, Bachelor of Technology)",OS,OBC-NCL,Female-only (including Supernumerary),5294,5766
1,"National Institute of Technology, Tiruchirappalli","Instrumentation and Control Engineering (4 Years, Bachelor of Technology)",OS,OBC-NCL(PwD),Gender-Neutral,208,208
1,"National Institute of Technology, Tiruchirappalli","Instrumentation and Control Engineering (4 Years, Bachelor of Technology)",OS,SC,Female-only (including Supernumerary),1925,1925
1,"National Institute of Technology, Tiruchirappalli","Instrumentation and Control Engineering (4 Years, Bachelor of Technology)",OS,SC,Gender-Neutral,1457,2463
1,"National Institute of Technology, Tiruchirappalli","Instrumentation and Control Engineering (4 Years, Bachelor of Technology)",OS,ST,Gender-Neutral,870,1283
1,"National Institute of Technology, Tiruchirappalli","Mechanical Engineering (4 Years, Bachelor of Technology)",HS,General,Gender-Neutral,1053,8829
1,"National Institute of Technology, Tiruchirappalli","Mechanical Engineering (4 Years, Bachelor of Technology)",HS,General,Female-only (including Supernumerary),6051,16589
1,"National Institute of Technology, Tiruchirappalli","Mechanical Engineering (4 Years, Bachelor of Technology)",HS,General PwD,Gender-Neutral,311,311
1,"National Institute of Technology, Tiruchirappalli","Mechanical Engineering (4 Years, Bachelor of Technology)",HS,OBC-NCL,Female-only (including Supernumerary),3957,4874
1,"National Institute of Technology, Tiruchirappalli","Mechanical Engineering (4 Years, Bachelor of Technology)",HS,OBC-NCL,Gender-Neutral,1780,3262
1,"National Institute of Technology, Tiruchirappalli","Mechanical Engineering (4 Years, Bachelor of Technology)",HS,OBC-NCL(PwD),Gender-Neutral,207,207
1,"National Institute of Technology, Tiruchirappalli","Mechanical Engineering (4 Years, Bachelor of Technology)",HS,SC,Gender-Neutral,599,2545
1,"National Institute of Technology, Tiruchirappalli","Mechanical Engineering (4 Years, Bachelor of Technology)",HS,SC,Female-only (including Supernumerary),3678,3678
1,"National Institute of Technology, Tiruchirappalli","Mechanical Engineering (4 Years, Bachelor of Technology)",HS,SC PwD,Gender-Neutral,57,57
1,"National Institute of Technology, Tiruchirappalli","Mechanical Engineering (4 Years, Bachelor of Technology)",HS,ST,Female-only (including Supernumerary),11898,11898
1,"National Institute of Technology, Tiruchirappalli","Mechanical Engineering (4 Years, Bachelor of Technology)",HS,ST,Gender-Neutral,1053,4288
1,"National Institute of Technology, Tiruchirappalli","Mechanical Engineering (4 Years, Bachelor of Technology)",OS,General,Gender-Neutral,877,3303
1,"National Institute of Technology, Tiruchirappalli","Mechanical Engineering (4 Years, Bachelor of Technology)",OS,General,Female-only (including Supernumerary),4864,6221
1,"National Institute of Technology, Tiruchirappalli","Mechanical Engineering (4 Years, Bachelor of Technology)",OS,General PwD,Gender-Neutral,30,30
1,"National Institute of Technology, Tiruchirappalli","Mechanical Engineering (4 Years, Bachelor of Technology)",OS,General PwD,Female-only (including Supernumerary),738,738
1,"National Institute of Technology, Tiruchirappalli","Mechanical Engineering (4 Years, Bachelor of Technology)",OS,OBC-NCL,Gender-Neutral,647,1246
1,"National Institute of Technology, Tiruchirappalli","Mechanical Engineering (4 Years, Bachelor of Technology)",OS,OBC-NCL,Female-only (including Supernumerary),3094,4411
1,"National Institute of Technology, Tiruchirappalli","Mechanical Engineering (4 Years, Bachelor of Technology)",OS,SC,Female-only (including Supernumerary),1198,1198
1,"National Institute of Technology, Tiruchirappalli","Mechanical Engineering (4 Years, Bachelor of Technology)",OS,SC,Gender-Neutral,220,481
1,"National Institute of Technology, Tiruchirappalli","Mechanical Engineering (4 Years, Bachelor of Technology)",OS,SC PwD,Gender-Neutral,5,5
1,"National Institute of Technology, Tiruchirappalli","Mechanical Engineering (4 Years, Bachelor of Technology)",OS,ST,Gender-Neutral,58,134
1,"National Institute of Technology, Tiruchirappalli","Mechanical Engineering (4 Years, Bachelor of Technology)",OS,ST,Female-only (including Supernumerary),734,734
1,"National Institute of Technology, Tiruchirappalli","Metallurgical and Materials Engineering (4 Years, Bachelor of Technology)",HS,General,Gender-Neutral,13648,22444
1,"National Institute of Technology, Tiruchirappalli","Metallurgical and Materials Engineering (4 Years, Bachelor of Technology)",HS,General,Female-only (including Supernumerary),18703,26003
1,"National Institute of Technology, Tiruchirappalli","Metallurgical and Materials Engineering (4 Years, Bachelor of Technology)",HS,General PwD,Gender-Neutral,1274,1274
1,"National Institute of Technology, Tiruchirappalli","Metallurgical and Materials Engineering (4 Years, Bachelor of Technology)",HS,OBC-NCL,Female-only (including Supernumerary),8318,8318
1,"National Institute of Technology, Tiruchirappalli","Metallurgical and Materials Engineering (4 Years, Bachelor of Technology)",HS,OBC-NCL,Gender-Neutral,6010,7599
1,"National Institute of Technology, Tiruchirappalli","Metallurgical and Materials Engineering (4 Years, Bachelor of Technology)",HS,SC,Gender-Neutral,4751,5292
1,"National Institute of Technology, Tiruchirappalli","Metallurgical and Materials Engineering (4 Years, Bachelor of Technology)",HS,SC,Female-only (including Supernumerary),3751,3751
1,"National Institute of Technology, Tiruchirappalli","Metallurgical and Materials Engineering (4 Years, Bachelor of Technology)",HS,ST,Gender-Neutral,7464,12305
1,"National Institute of Technology, Tiruchirappalli","Metallurgical and Materials Engineering (4 Years, Bachelor of Technology)",OS,General,Gender-Neutral,6155,14768
1,"National Institute of Technology, Tiruchirappalli","Metallurgical and Materials Engineering (4 Years, Bachelor of Technology)",OS,General,Female-only (including Supernumerary),11114,14605
1,"National Institute of Technology, Tiruchirappalli","Metallurgical and Materials Engineering (4 Years, Bachelor of Technology)",OS,OBC-NCL,Female-only (including Supernumerary),7446,7446
1,"National Institute of Technology, Tiruchirappalli","Metallurgical and Materials Engineering (4 Years, Bachelor of Technology)",OS,OBC-NCL,Gender-Neutral,5202,5575
1,"National Institute of Technology, Tiruchirappalli","Metallurgical and Materials Engineering (4 Years, Bachelor of Technology)",OS,SC,Gender-Neutral,1463,1947
1,"National Institute of Technology, Tiruchirappalli","Metallurgical and Materials Engineering (4 Years, Bachelor of Technology)",OS,SC,Female-only (including Supernumerary),3261,3261
1,"National Institute of Technology, Tiruchirappalli","Metallurgical and Materials Engineering (4 Years, Bachelor of Technology)",OS,SC PwD,Gender-Neutral,111,111
1,"National Institute of Technology, Tiruchirappalli","Metallurgical and Materials Engineering (4 Years, Bachelor of Technology)",OS,ST,Gender-Neutral,273,933
1,"National Institute of Technology, Tiruchirappalli","Production Engineering (4 Years, Bachelor of Technology)",HS,General,Female-only (including Supernumerary),17711,19158
1,"National Institute of Technology, Tiruchirappalli","Production Engineering (4 Years, Bachelor of Technology)",HS,General,Gender-Neutral,11335,19270
1,"National Institute of Technology, Tiruchirappalli","Production Engineering (4 Years, Bachelor of Technology)",HS,General PwD,Gender-Neutral,1022,1022
1,"National Institute of Technology, Tiruchirappalli","Production Engineering (4 Years, Bachelor of Technology)",HS,OBC-NCL,Female-only (including Supernumerary),6898,6898
1,"National Institute of Technology, Tiruchirappalli","Production Engineering (4 Years, Bachelor of Technology)",HS,OBC-NCL,Gender-Neutral,4669,6815
1,"National Institute of Technology, Tiruchirappalli","Production Engineering (4 Years, Bachelor of Technology)",HS,OBC-NCL(PwD),Gender-Neutral,441,441
1,"National Institute of Technology, Tiruchirappalli","Production Engineering (4 Years, Bachelor of Technology)",HS,SC,Gender-Neutral,4304,5461
1,"National Institute of Technology, Tiruchirappalli","Production Engineering (4 Years, Bachelor of Technology)",HS,SC,Female-only (including Supernumerary),5456,5456
1,"National Institute of Technology, Tiruchirappalli","Production Engineering (4 Years, Bachelor of Technology)",HS,SC PwD,Gender-Neutral,228,228
1,"National Institute of Technology, Tiruchirappalli","Production Engineering (4 Years, Bachelor of Technology)",HS,ST,Female-only (including Supernumerary),12983,12983
1,"National Institute of Technology, Tiruchirappalli","Production Engineering (4 Years, Bachelor of Technology)",HS,ST,Gender-Neutral,8284,10602
1,"National Institute of Technology, Tiruchirappalli","Production Engineering (4 Years, Bachelor of Technology)",OS,General,Female-only (including Supernumerary),15281,17752
1,"National Institute of Technology, Tiruchirappalli","Production Engineering (4 Years, Bachelor of Technology)",OS,General,Gender-Neutral,6785,13395
1,"National Institute of Technology, Tiruchirappalli","Production Engineering (4 Years, Bachelor of Technology)",OS,General PwD,Female-only (including Supernumerary),2898,2898
1,"National Institute of Technology, Tiruchirappalli","Production Engineering (4 Years, Bachelor of Technology)",OS,General PwD,Gender-Neutral,646,646
1,"National Institute of Technology, Tiruchirappalli","Production Engineering (4 Years, Bachelor of Technology)",OS,OBC-NCL,Female-only (including Supernumerary),7427,8482
1,"National Institute of Technology, Tiruchirappalli","Production Engineering (4 Years, Bachelor of Technology)",OS,OBC-NCL,Gender-Neutral,4256,5188
1,"National Institute of Technology, Tiruchirappalli","Production Engineering (4 Years, Bachelor of Technology)",OS,OBC-NCL(PwD),Gender-Neutral,450,450
1,"National Institute of Technology, Tiruchirappalli","Production Engineering (4 Years, Bachelor of Technology)",OS,SC,Gender-Neutral,2632,3066
1,"National Institute of Technology, Tiruchirappalli","Production Engineering (4 Years, Bachelor of Technology)",OS,SC,Female-only (including Supernumerary),3570,3570
1,"National Institute of Technology, Tiruchirappalli","Production Engineering (4 Years, Bachelor of Technology)",OS,ST,Gender-Neutral,755,1388
1,"National Institute of Technology, Uttarakhand","Civil Engineering (4 Years, Bachelor of Technology)",HS,General,Gender-Neutral,29237,32756
1,"National Institute of Technology, Uttarakhand","Civil Engineering (4 Years, Bachelor of Technology)",HS,General,Female-only (including Supernumerary),52656,54276
1,"National Institute of Technology, Uttarakhand","Civil Engineering (4 Years, Bachelor of Technology)",HS,General PwD,Gender-Neutral,1288,1288
1,"National Institute of Technology, Uttarakhand","Civil Engineering (4 Years, Bachelor of Technology)",HS,OBC-NCL,Gender-Neutral,12482,16045
1,"National Institute of Technology, Uttarakhand","Civil Engineering (4 Years, Bachelor of Technology)",HS,OBC-NCL,Female-only (including Supernumerary),25804,25804
1,"National Institute of Technology, Uttarakhand","Civil Engineering (4 Years, Bachelor of Technology)",HS,SC,Gender-Neutral,3546,4254
1,"National Institute of Technology, Uttarakhand","Civil Engineering (4 Years, Bachelor of Technology)",HS,ST,Gender-Neutral,2451,2451
1,"National Institute of Technology, Uttarakhand","Civil Engineering (4 Years, Bachelor of Technology)",OS,General,Gender-Neutral,21924,23763
1,"National Institute of Technology, Uttarakhand","Civil Engineering (4 Years, Bachelor of Technology)",OS,General PwD,Gender-Neutral,761,761
1,"National Institute of Technology, Uttarakhand","Civil Engineering (4 Years, Bachelor of Technology)",OS,OBC-NCL,Gender-Neutral,7153,7260
1,"National Institute of Technology, Uttarakhand","Civil Engineering (4 Years, Bachelor of Technology)",OS,SC,Female-only (including Supernumerary),6435,6435
1,"National Institute of Technology, Uttarakhand","Civil Engineering (4 Years, Bachelor of Technology)",OS,SC,Gender-Neutral,1981,1981
1,"National Institute of Technology, Uttarakhand","Civil Engineering (4 Years, Bachelor of Technology)",OS,ST,Female-only (including Supernumerary),2422,2422
1,"National Institute of Technology, Uttarakhand","Computer Science and Engineering (4 Years, Bachelor of Technology)",HS,General,Gender-Neutral,12654,22730
1,"National Institute of Technology, Uttarakhand","Computer Science and Engineering (4 Years, Bachelor of Technology)",HS,OBC-NCL,Gender-Neutral,8290,10453
1,"National Institute of Technology, Uttarakhand","Computer Science and Engineering (4 Years, Bachelor of Technology)",HS,SC,Female-only (including Supernumerary),6744,6744
1,"National Institute of Technology, Uttarakhand","Computer Science and Engineering (4 Years, Bachelor of Technology)",HS,SC,Gender-Neutral,3400,3400
1,"National Institute of Technology, Uttarakhand","Computer Science and Engineering (4 Years, Bachelor of Technology)",HS,ST,Female-only (including Supernumerary),4139,4139
1,"National Institute of Technology, Uttarakhand","Computer Science and Engineering (4 Years, Bachelor of Technology)",OS,General,Gender-Neutral,7225,11979
1,"National Institute of Technology, Uttarakhand","Computer Science and Engineering (4 Years, Bachelor of Technology)",OS,General,Female-only (including Supernumerary),13023,14584
1,"National Institute of Technology, Uttarakhand","Computer Science and Engineering (4 Years, Bachelor of Technology)",OS,OBC-NCL,Gender-Neutral,4487,4659
1,"National Institute of Technology, Uttarakhand","Computer Science and Engineering (4 Years, Bachelor of Technology)",OS,OBC-NCL,Female-only (including Supernumerary),6975,6975
1,"National Institute of Technology, Uttarakhand","Computer Science and Engineering (4 Years, Bachelor of Technology)",OS,OBC-NCL(PwD),Gender-Neutral,215,215
1,"National Institute of Technology, Uttarakhand","Computer Science and Engineering (4 Years, Bachelor of Technology)",OS,SC,Gender-Neutral,1830,2302
1,"National Institute of Technology, Uttarakhand","Computer Science and Engineering (4 Years, Bachelor of Technology)",OS,ST,Gender-Neutral,1210,1210
1,"National Institute of Technology, Uttarakhand","Electrical and Electronics Engineering (4 Years, Bachelor of Technology)",HS,General,Gender-Neutral,24726,30368
1,"National Institute of Technology, Uttarakhand","Electrical and Electronics Engineering (4 Years, Bachelor of Technology)",HS,General,Female-only (including Supernumerary),29764,40460
1,"National Institute of Technology, Uttarakhand","Electrical and Electronics Engineering (4 Years, Bachelor of Technology)",HS,OBC-NCL,Female-only (including Supernumerary),29872,29872
1,"National Institute of Technology, Uttarakhand","Electrical and Electronics Engineering (4 Years, Bachelor of Technology)",HS,OBC-NCL,Gender-Neutral,14480,18829
1,"National Institute of Technology, Uttarakhand","Electrical and Electronics Engineering (4 Years, Bachelor of Technology)",HS,SC,Gender-Neutral,4731,7146
1,"National Institute of Technology, Uttarakhand","Electrical and Electronics Engineering (4 Years, Bachelor of Technology)",HS,ST,Gender-Neutral,3268,3268
1,"National Institute of Technology, Uttarakhand","Electrical and Electronics Engineering (4 Years, Bachelor of Technology)",OS,General,Gender-Neutral,18693,20227
1,"National Institute of Technology, Uttarakhand","Electrical and Electronics Engineering (4 Years, Bachelor of Technology)",OS,OBC-NCL,Gender-Neutral,4664,6580
1,"National Institute of Technology, Uttarakhand","Electrical and Electronics Engineering (4 Years, Bachelor of Technology)",OS,SC,Gender-Neutral,2546,2546
1,"National Institute of Technology, Uttarakhand","Electrical and Electronics Engineering (4 Years, Bachelor of Technology)",OS,SC,Female-only (including Supernumerary),5326,5326
1,"National Institute of Technology, Uttarakhand","Electrical and Electronics Engineering (4 Years, Bachelor of Technology)",OS,ST,Female-only (including Supernumerary),2435,2435
1,"National Institute of Technology, Uttarakhand","Electronics and Communication Engineering (4 Years, Bachelor of Technology)",HS,General,Gender-Neutral,23017,31045
1,"National Institute of Technology, Uttarakhand","Electronics and Communication Engineering (4 Years, Bachelor of Technology)",HS,General,Female-only (including Supernumerary),23798,35367
1,"National Institute of Technology, Uttarakhand","Electronics and Communication Engineering (4 Years, Bachelor of Technology)",HS,OBC-NCL,Female-only (including Supernumerary),26852,26852
1,"National Institute of Technology, Uttarakhand","Electronics and Communication Engineering (4 Years, Bachelor of Technology)",HS,OBC-NCL,Gender-Neutral,14844,16175
1,"National Institute of Technology, Uttarakhand","Electronics and Communication Engineering (4 Years, Bachelor of Technology)",HS,SC,Gender-Neutral,3717,6353
1,"National Institute of Technology, Uttarakhand","Electronics and Communication Engineering (4 Years, Bachelor of Technology)",HS,ST,Gender-Neutral,2638,2638
1,"National Institute of Technology, Uttarakhand","Electronics and Communication Engineering (4 Years, Bachelor of Technology)",OS,General,Gender-Neutral,11075,16779
1,"National Institute of Technology, Uttarakhand","Electronics and Communication Engineering (4 Years, Bachelor of Technology)",OS,General PwD,Gender-Neutral,899,899
1,"National Institute of Technology, Uttarakhand","Electronics and Communication Engineering (4 Years, Bachelor of Technology)",OS,OBC-NCL,Gender-Neutral,5031,6255
1,"National Institute of Technology, Uttarakhand","Electronics and Communication Engineering (4 Years, Bachelor of Technology)",OS,SC,Female-only (including Supernumerary),5074,5074
1,"National Institute of Technology, Uttarakhand","Electronics and Communication Engineering (4 Years, Bachelor of Technology)",OS,SC,Gender-Neutral,2444,2444
1,"National Institute of Technology, Uttarakhand","Electronics and Communication Engineering (4 Years, Bachelor of Technology)",OS,ST,Female-only (including Supernumerary),2482,2482
1,"National Institute of Technology, Uttarakhand","Mechanical Engineering (4 Years, Bachelor of Technology)",HS,General,Gender-Neutral,24699,31175
1,"National Institute of Technology, Uttarakhand","Mechanical Engineering (4 Years, Bachelor of Technology)",HS,General PwD,Gender-Neutral,1605,1605
1,"National Institute of Technology, Uttarakhand","Mechanical Engineering (4 Years, Bachelor of Technology)",HS,OBC-NCL,Gender-Neutral,11670,12670
1,"National Institute of Technology, Uttarakhand","Mechanical Engineering (4 Years, Bachelor of Technology)",HS,SC,Female-only (including Supernumerary),7803,7803
1,"National Institute of Technology, Uttarakhand","Mechanical Engineering (4 Years, Bachelor of Technology)",HS,SC,Gender-Neutral,5387,5387
1,"National Institute of Technology, Uttarakhand","Mechanical Engineering (4 Years, Bachelor of Technology)",HS,ST,Female-only (including Supernumerary),2739,2739
1,"National Institute of Technology, Uttarakhand","Mechanical Engineering (4 Years, Bachelor of Technology)",OS,General,Female-only (including Supernumerary),25773,25789
1,"National Institute of Technology, Uttarakhand","Mechanical Engineering (4 Years, Bachelor of Technology)",OS,General,Gender-Neutral,16436,20011
1,"National Institute of Technology, Uttarakhand","Mechanical Engineering (4 Years, Bachelor of Technology)",OS,OBC-NCL,Gender-Neutral,6538,6985
1,"National Institute of Technology, Uttarakhand","Mechanical Engineering (4 Years, Bachelor of Technology)",OS,OBC-NCL,Female-only (including Supernumerary),11328,11328
1,"National Institute of Technology, Uttarakhand","Mechanical Engineering (4 Years, Bachelor of Technology)",OS,SC,Gender-Neutral,2601,2918
1,"National Institute of Technology, Uttarakhand","Mechanical Engineering (4 Years, Bachelor of Technology)",OS,ST,Gender-Neutral,1457,1507
1,"National Institute of Technology, Warangal","Bio Technology (4 Years, Bachelor of Technology)",AP,General,Female-only (including Supernumerary),16906,16906
1,"National Institute of Technology, Warangal","Bio Technology (4 Years, Bachelor of Technology)",AP,General,Gender-Neutral,18393,18417
1,"National Institute of Technology, Warangal","Bio Technology (4 Years, Bachelor of Technology)",AP,OBC-NCL,Gender-Neutral,6299,6299
1,"National Institute of Technology, Warangal","Bio Technology (4 Years, Bachelor of Technology)",AP,SC,Gender-Neutral,3648,3648
1,"National Institute of Technology, Warangal","Bio Technology (4 Years, Bachelor of Technology)",HS,General,Gender-Neutral,14798,20617
1,"National Institute of Technology, Warangal","Bio Technology (4 Years, Bachelor of Technology)",HS,General,Female-only (including Supernumerary),21540,23032
1,"National Institute of Technology, Warangal","Bio Technology (4 Years, Bachelor of Technology)",HS,General PwD,Gender-Neutral,624,624
1,"National Institute of Technology, Warangal","Bio Technology (4 Years, Bachelor of Technology)",HS,OBC-NCL,Female-only (including Supernumerary),6193,6645
1,"National Institute of Technology, Warangal","Bio Technology (4 Years, Bachelor of Technology)",HS,OBC-NCL,Gender-Neutral,5457,6874
1,"National Institute of Technology, Warangal","Bio Technology (4 Years, Bachelor of Technology)",HS,SC,Gender-Neutral,2207,3038
1,"National Institute of Technology, Warangal","Bio Technology (4 Years, Bachelor of Technology)",HS,SC,Female-only (including Supernumerary),2852,2852
1,"National Institute of Technology, Warangal","Bio Technology (4 Years, Bachelor of Technology)",HS,ST,Gender-Neutral,955,1390
1,"National Institute of Technology, Warangal","Bio Technology (4 Years, Bachelor of Technology)",OS,General,Gender-Neutral,12732,16460
1,"National Institute of Technology, Warangal","Bio Technology (4 Years, Bachelor of Technology)",OS,General,Female-only (including Supernumerary),6994,12460
1,"National Institute of Technology, Warangal","Bio Technology (4 Years, Bachelor of Technology)",OS,General PwD,Gender-Neutral,398,398
1,"National Institute of Technology, Warangal","Bio Technology (4 Years, Bachelor of Technology)",OS,OBC-NCL,Female-only (including Supernumerary),6040,7036
1,"National Institute of Technology, Warangal","Bio Technology (4 Years, Bachelor of Technology)",OS,OBC-NCL,Gender-Neutral,4485,6247
1,"National Institute of Technology, Warangal","Bio Technology (4 Years, Bachelor of Technology)",OS,SC,Gender-Neutral,2119,3589
1,"National Institute of Technology, Warangal","Bio Technology (4 Years, Bachelor of Technology)",OS,SC,Female-only (including Supernumerary),2703,2703
1,"National Institute of Technology, Warangal","Bio Technology (4 Years, Bachelor of Technology)",OS,ST,Gender-Neutral,719,1828
1,"National Institute of Technology, Warangal","Chemical Engineering (4 Years, Bachelor of Technology)",AP,General,Female-only (including Supernumerary),13298,13298
1,"National Institute of Technology, Warangal","Chemical Engineering (4 Years, Bachelor of Technology)",AP,General,Gender-Neutral,12512,13228
1,"National Institute of Technology, Warangal","Chemical Engineering (4 Years, Bachelor of Technology)",AP,OBC-NCL,Gender-Neutral,4569,4625
1,"National Institute of Technology, Warangal","Chemical Engineering (4 Years, Bachelor of Technology)",AP,SC,Gender-Neutral,2085,2085
1,"National Institute of Technology, Warangal","Chemical Engineering (4 Years, Bachelor of Technology)",AP,ST,Gender-Neutral,1289,1289
1,"National Institute of Technology, Warangal","Chemical Engineering (4 Years, Bachelor of Technology)",HS,General,Gender-Neutral,9900,13797
1,"National Institute of Technology, Warangal","Chemical Engineering (4 Years, Bachelor of Technology)",HS,General,Female-only (including Supernumerary),11211,14733
1,"National Institute of Technology, Warangal","Chemical Engineering (4 Years, Bachelor of Technology)",HS,General PwD,Gender-Neutral,615,615
1,"National Institute of Technology, Warangal","Chemical Engineering (4 Years, Bachelor of Technology)",HS,OBC-NCL,Female-only (including Supernumerary),5668,5682
1,"National Institute of Technology, Warangal","Chemical Engineering (4 Years, Bachelor of Technology)",HS,OBC-NCL,Gender-Neutral,3515,4985
1,"National Institute of Technology, Warangal","Chemical Engineering (4 Years, Bachelor of Technology)",HS,SC,Female-only (including Supernumerary),1879,1879
1,"National Institute of Technology, Warangal","Chemical Engineering (4 Years, Bachelor of Technology)",HS,SC,Gender-Neutral,2718,3010
1,"National Institute of Technology, Warangal","Chemical Engineering (4 Years, Bachelor of Technology)",HS,ST,Female-only (including Supernumerary),901,901
1,"National Institute of Technology, Warangal","Chemical Engineering (4 Years, Bachelor of Technology)",HS,ST,Gender-Neutral,668,728
1,"National Institute of Technology, Warangal","Chemical Engineering (4 Years, Bachelor of Technology)",OS,General,Female-only (including Supernumerary),12043,12791
1,"National Institute of Technology, Warangal","Chemical Engineering (4 Years, Bachelor of Technology)",OS,General,Gender-Neutral,9239,11264
1,"National Institute of Technology, Warangal","Chemical Engineering (4 Years, Bachelor of Technology)",OS,General PwD,Gender-Neutral,198,198
1,"National Institute of Technology, Warangal","Chemical Engineering (4 Years, Bachelor of Technology)",OS,OBC-NCL,Gender-Neutral,3430,4429
1,"National Institute of Technology, Warangal","Chemical Engineering (4 Years, Bachelor of Technology)",OS,OBC-NCL,Female-only (including Supernumerary),4085,4270
1,"National Institute of Technology, Warangal","Chemical Engineering (4 Years, Bachelor of Technology)",OS,OBC-NCL(PwD),Gender-Neutral,99,99
1,"National Institute of Technology, Warangal","Chemical Engineering (4 Years, Bachelor of Technology)",OS,SC,Gender-Neutral,1095,1918
1,"National Institute of Technology, Warangal","Chemical Engineering (4 Years, Bachelor of Technology)",OS,SC,Female-only (including Supernumerary),1744,1744
1,"National Institute of Technology, Warangal","Chemical Engineering (4 Years, Bachelor of Technology)",OS,ST,Gender-Neutral,481,613
1,"National Institute of Technology, Warangal","Chemical Engineering (4 Years, Bachelor of Technology)",OS,ST,Female-only (including Supernumerary),2150,2150
1,"National Institute of Technology, Warangal","Civil Engineering (4 Years, Bachelor of Technology)",AP,General,Female-only (including Supernumerary),12306,12306
1,"National Institute of Technology, Warangal","Civil Engineering (4 Years, Bachelor of Technology)",AP,General,Gender-Neutral,11309,11980
1,"National Institute of Technology, Warangal","Civil Engineering (4 Years, Bachelor of Technology)",AP,OBC-NCL,Gender-Neutral,3334,3476
1,"National Institute of Technology, Warangal","Civil Engineering (4 Years, Bachelor of Technology)",AP,SC,Gender-Neutral,1574,1574
1,"National Institute of Technology, Warangal","Civil Engineering (4 Years, Bachelor of Technology)",HS,General,Gender-Neutral,8628,12211
1,"National Institute of Technology, Warangal","Civil Engineering (4 Years, Bachelor of Technology)",HS,General,Female-only (including Supernumerary),8807,13173
1,"National Institute of Technology, Warangal","Civil Engineering (4 Years, Bachelor of Technology)",HS,General PwD,Gender-Neutral,291,291
1,"National Institute of Technology, Warangal","Civil Engineering (4 Years, Bachelor of Technology)",HS,OBC-NCL,Gender-Neutral,2634,3412
1,"National Institute of Technology, Warangal","Civil Engineering (4 Years, Bachelor of Technology)",HS,OBC-NCL,Female-only (including Supernumerary),3881,3990
1,"National Institute of Technology, Warangal","Civil Engineering (4 Years, Bachelor of Technology)",HS,SC,Female-only (including Supernumerary),1613,1613
1,"National Institute of Technology, Warangal","Civil Engineering (4 Years, Bachelor of Technology)",HS,SC,Gender-Neutral,893,1756
1,"National Institute of Technology, Warangal","Civil Engineering (4 Years, Bachelor of Technology)",HS,ST,Female-only (including Supernumerary),315,315
1,"National Institute of Technology, Warangal","Civil Engineering (4 Years, Bachelor of Technology)",HS,ST,Gender-Neutral,126,220
1,"National Institute of Technology, Warangal","Civil Engineering (4 Years, Bachelor of Technology)",OS,General,Female-only (including Supernumerary),7450,9942
1,"National Institute of Technology, Warangal","Civil Engineering (4 Years, Bachelor of Technology)",OS,General,Gender-Neutral,6632,11253
1,"National Institute of Technology, Warangal","Civil Engineering (4 Years, Bachelor of Technology)",OS,General PwD,Gender-Neutral,146,146
1,"National Institute of Technology, Warangal","Civil Engineering (4 Years, Bachelor of Technology)",OS,OBC-NCL,Female-only (including Supernumerary),3679,3773
1,"National Institute of Technology, Warangal","Civil Engineering (4 Years, Bachelor of Technology)",OS,OBC-NCL,Gender-Neutral,2379,3329
1,"National Institute of Technology, Warangal","Civil Engineering (4 Years, Bachelor of Technology)",OS,OBC-NCL(PwD),Gender-Neutral,93,93
1,"National Institute of Technology, Warangal","Civil Engineering (4 Years, Bachelor of Technology)",OS,SC,Gender-Neutral,727,1483
1,"National Institute of Technology, Warangal","Civil Engineering (4 Years, Bachelor of Technology)",OS,SC,Female-only (including Supernumerary),1521,1521
1,"National Institute of Technology, Warangal","Civil Engineering (4 Years, Bachelor of Technology)",OS,ST,Gender-Neutral,201,400
1,"National Institute of Technology, Warangal","Civil Engineering (4 Years, Bachelor of Technology)",OS,ST,Female-only (including Supernumerary),514,514
1,"National Institute of Technology, Warangal","Computer Science and Engineering (4 Years, Bachelor of Technology)",AP,General,Female-only (including Supernumerary),3040,3040
1,"National Institute of Technology, Warangal","Computer Science and Engineering (4 Years, Bachelor of Technology)",AP,General,Gender-Neutral,1435,1651
1,"National Institute of Technology, Warangal","Computer Science and Engineering (4 Years, Bachelor of Technology)",AP,OBC-NCL,Gender-Neutral,705,709
1,"National Institute of Technology, Warangal","Computer Science and Engineering (4 Years, Bachelor of Technology)",AP,OBC-NCL,Female-only (including Supernumerary),1120,1120
1,"National Institute of Technology, Warangal","Computer Science and Engineering (4 Years, Bachelor of Technology)",AP,SC,Gender-Neutral,306,306
1,"National Institute of Technology, Warangal","Computer Science and Engineering (4 Years, Bachelor of Technology)",AP,ST,Gender-Neutral,172,172
1,"National Institute of Technology, Warangal","Computer Science and Engineering (4 Years, Bachelor of Technology)",HS,General,Gender-Neutral,735,2410
1,"National Institute of Technology, Warangal","Computer Science and Engineering (4 Years, Bachelor of Technology)",HS,General,Female-only (including Supernumerary),1742,2962
1,"National Institute of Technology, Warangal","Computer Science and Engineering (4 Years, Bachelor of Technology)",HS,General PwD,Gender-Neutral,27,64
1,"National Institute of Technology, Warangal","Computer Science and Engineering (4 Years, Bachelor of Technology)",HS,OBC-NCL,Female-only (including Supernumerary),672,1028
1,"National Institute of Technology, Warangal","Computer Science and Engineering (4 Years, Bachelor of Technology)",HS,OBC-NCL,Gender-Neutral,360,748
1,"National Institute of Technology, Warangal","Computer Science and Engineering (4 Years, Bachelor of Technology)",HS,OBC-NCL(PwD),Gender-Neutral,54,54
1,"National Institute of Technology, Warangal","Computer Science and Engineering (4 Years, Bachelor of Technology)",HS,SC,Female-only (including Supernumerary),75,75
1,"National Institute of Technology, Warangal","Computer Science and Engineering (4 Years, Bachelor of Technology)",HS,SC,Gender-Neutral,200,495
1,"National Institute of Technology, Warangal","Computer Science and Engineering (4 Years, Bachelor of Technology)",HS,SC PwD,Gender-Neutral,120,120
1,"National Institute of Technology, Warangal","Computer Science and Engineering (4 Years, Bachelor of Technology)",HS,ST,Gender-Neutral,131,146
1,"National Institute of Technology, Warangal","Computer Science and Engineering (4 Years, Bachelor of Technology)",HS,ST,Female-only (including Supernumerary),248,248
1,"National Institute of Technology, Warangal","Computer Science and Engineering (4 Years, Bachelor of Technology)",OS,General,Gender-Neutral,685,1408
1,"National Institute of Technology, Warangal","Computer Science and Engineering (4 Years, Bachelor of Technology)",OS,General,Female-only (including Supernumerary),731,2746
1,"National Institute of Technology, Warangal","Computer Science and Engineering (4 Years, Bachelor of Technology)",OS,General PwD,Gender-Neutral,34,34
1,"National Institute of Technology, Warangal","Computer Science and Engineering (4 Years, Bachelor of Technology)",OS,OBC-NCL,Female-only (including Supernumerary),662,1070
1,"National Institute of Technology, Warangal","Computer Science and Engineering (4 Years, Bachelor of Technology)",OS,OBC-NCL,Gender-Neutral,329,635
1,"National Institute of Technology, Warangal","Computer Science and Engineering (4 Years, Bachelor of Technology)",OS,OBC-NCL(PwD),Gender-Neutral,11,11
1,"National Institute of Technology, Warangal","Computer Science and Engineering (4 Years, Bachelor of Technology)",OS,SC,Gender-Neutral,135,188
1,"National Institute of Technology, Warangal","Computer Science and Engineering (4 Years, Bachelor of Technology)",OS,SC,Female-only (including Supernumerary),184,184
1,"National Institute of Technology, Warangal","Computer Science and Engineering (4 Years, Bachelor of Technology)",OS,SC PwD,Gender-Neutral,16,16
1,"National Institute of Technology, Warangal","Computer Science and Engineering (4 Years, Bachelor of Technology)",OS,ST,Female-only (including Supernumerary),156,156
1,"National Institute of Technology, Warangal","Computer Science and Engineering (4 Years, Bachelor of Technology)",OS,ST,Gender-Neutral,144,168
1,"National Institute of Technology, Warangal","Electrical and Electronics Engineering (4 Years, Bachelor of Technology)",AP,General,Gender-Neutral,5168,6192
1,"National Institute of Technology, Warangal","Electrical and Electronics Engineering (4 Years, Bachelor of Technology)",AP,General,Female-only (including Supernumerary),7999,7999
1,"National Institute of Technology, Warangal","Electrical and Electronics Engineering (4 Years, Bachelor of Technology)",AP,OBC-NCL,Gender-Neutral,2106,2318
1,"National Institute of Technology, Warangal","Electrical and Electronics Engineering (4 Years, Bachelor of Technology)",AP,OBC-NCL,Female-only (including Supernumerary),2869,2869
1,"National Institute of Technology, Warangal","Electrical and Electronics Engineering (4 Years, Bachelor of Technology)",AP,SC,Gender-Neutral,1179,1179
1,"National Institute of Technology, Warangal","Electrical and Electronics Engineering (4 Years, Bachelor of Technology)",HS,General,Female-only (including Supernumerary),5223,6777
1,"National Institute of Technology, Warangal","Electrical and Electronics Engineering (4 Years, Bachelor of Technology)",HS,General,Gender-Neutral,4361,6809
1,"National Institute of Technology, Warangal","Electrical and Electronics Engineering (4 Years, Bachelor of Technology)",HS,General PwD,Gender-Neutral,131,224
1,"National Institute of Technology, Warangal","Electrical and Electronics Engineering (4 Years, Bachelor of Technology)",HS,OBC-NCL,Gender-Neutral,1452,1992
1,"National Institute of Technology, Warangal","Electrical and Electronics Engineering (4 Years, Bachelor of Technology)",HS,OBC-NCL,Female-only (including Supernumerary),2120,2671
1,"National Institute of Technology, Warangal","Electrical and Electronics Engineering (4 Years, Bachelor of Technology)",HS,OBC-NCL(PwD),Gender-Neutral,167,167
1,"National Institute of Technology, Warangal","Electrical and Electronics Engineering (4 Years, Bachelor of Technology)",HS,SC,Gender-Neutral,836,1283
1,"National Institute of Technology, Warangal","Electrical and Electronics Engineering (4 Years, Bachelor of Technology)",HS,SC,Female-only (including Supernumerary),773,973
1,"National Institute of Technology, Warangal","Electrical and Electronics Engineering (4 Years, Bachelor of Technology)",HS,SC PwD,Gender-Neutral,151,151
1,"National Institute of Technology, Warangal","Electrical and Electronics Engineering (4 Years, Bachelor of Technology)",HS,ST,Gender-Neutral,139,263
1,"National Institute of Technology, Warangal","Electrical and Electronics Engineering (4 Years, Bachelor of Technology)",HS,ST,Female-only (including Supernumerary),449,449
1,"National Institute of Technology, Warangal","Electrical and Electronics Engineering (4 Years, Bachelor of Technology)",OS,General,Female-only (including Supernumerary),5882,6940
1,"National Institute of Technology, Warangal","Electrical and Electronics Engineering (4 Years, Bachelor of Technology)",OS,General,Gender-Neutral,3235,4811
1,"National Institute of Technology, Warangal","Electrical and Electronics Engineering (4 Years, Bachelor of Technology)",OS,General PwD,Gender-Neutral,132,157
1,"National Institute of Technology, Warangal","Electrical and Electronics Engineering (4 Years, Bachelor of Technology)",OS,OBC-NCL,Gender-Neutral,1327,1778
1,"National Institute of Technology, Warangal","Electrical and Electronics Engineering (4 Years, Bachelor of Technology)",OS,OBC-NCL,Female-only (including Supernumerary),2287,2700
1,"National Institute of Technology, Warangal","Electrical and Electronics Engineering (4 Years, Bachelor of Technology)",OS,OBC-NCL(PwD),Gender-Neutral,42,42
1,"National Institute of Technology, Warangal","Electrical and Electronics Engineering (4 Years, Bachelor of Technology)",OS,SC,Gender-Neutral,590,818
1,"National Institute of Technology, Warangal","Electrical and Electronics Engineering (4 Years, Bachelor of Technology)",OS,SC,Female-only (including Supernumerary),622,622
1,"National Institute of Technology, Warangal","Electrical and Electronics Engineering (4 Years, Bachelor of Technology)",OS,SC PwD,Gender-Neutral,50,50
1,"National Institute of Technology, Warangal","Electrical and Electronics Engineering (4 Years, Bachelor of Technology)",OS,ST,Gender-Neutral,292,337
1,"National Institute of Technology, Warangal","Electrical and Electronics Engineering (4 Years, Bachelor of Technology)",OS,ST,Female-only (including Supernumerary),384,384
1,"National Institute of Technology, Warangal","Electrical and Electronics Engineering (4 Years, Bachelor of Technology)",OS,ST PwD,Gender-Neutral,28,28
1,"National Institute of Technology, Warangal","Electronics and Communication Engineering (4 Years, Bachelor of Technology)",AP,General,Female-only (including Supernumerary),4951,4951
1,"National Institute of Technology, Warangal","Electronics and Communication Engineering (4 Years, Bachelor of Technology)",AP,General,Gender-Neutral,3939,4064
1,"National Institute of Technology, Warangal","Electronics and Communication Engineering (4 Years, Bachelor of Technology)",AP,OBC-NCL,Female-only (including Supernumerary),2154,2154
1,"National Institute of Technology, Warangal","Electronics and Communication Engineering (4 Years, Bachelor of Technology)",AP,OBC-NCL,Gender-Neutral,1448,1455
1,"National Institute of Technology, Warangal","Electronics and Communication Engineering (4 Years, Bachelor of Technology)",AP,SC,Gender-Neutral,636,636
1,"National Institute of Technology, Warangal","Electronics and Communication Engineering (4 Years, Bachelor of Technology)",AP,ST,Gender-Neutral,349,349
1,"National Institute of Technology, Warangal","Electronics and Communication Engineering (4 Years, Bachelor of Technology)",HS,General,Female-only (including Supernumerary),3515,4580
1,"National Institute of Technology, Warangal","Electronics and Communication Engineering (4 Years, Bachelor of Technology)",HS,General,Gender-Neutral,787,4456
1,"National Institute of Technology, Warangal","Electronics and Communication Engineering (4 Years, Bachelor of Technology)",HS,General PwD,Gender-Neutral,71,71
1,"National Institute of Technology, Warangal","Electronics and Communication Engineering (4 Years, Bachelor of Technology)",HS,OBC-NCL,Female-only (including Supernumerary),1449,1638
1,"National Institute of Technology, Warangal","Electronics and Communication Engineering (4 Years, Bachelor of Technology)",HS,OBC-NCL,Gender-Neutral,940,1410
1,"National Institute of Technology, Warangal","Electronics and Communication Engineering (4 Years, Bachelor of Technology)",HS,OBC-NCL(PwD),Gender-Neutral,68,68
1,"National Institute of Technology, Warangal","Electronics and Communication Engineering (4 Years, Bachelor of Technology)",HS,SC,Gender-Neutral,522,910
1,"National Institute of Technology, Warangal","Electronics and Communication Engineering (4 Years, Bachelor of Technology)",HS,SC,Female-only (including Supernumerary),547,721
1,"National Institute of Technology, Warangal","Electronics and Communication Engineering (4 Years, Bachelor of Technology)",HS,ST,Gender-Neutral,117,179
1,"National Institute of Technology, Warangal","Electronics and Communication Engineering (4 Years, Bachelor of Technology)",HS,ST,Female-only (including Supernumerary),185,185
1,"National Institute of Technology, Warangal","Electronics and Communication Engineering (4 Years, Bachelor of Technology)",OS,General,Female-only (including Supernumerary),3656,4587
1,"National Institute of Technology, Warangal","Electronics and Communication Engineering (4 Years, Bachelor of Technology)",OS,General,Gender-Neutral,1708,3676
1,"National Institute of Technology, Warangal","Electronics and Communication Engineering (4 Years, Bachelor of Technology)",OS,General PwD,Gender-Neutral,72,72
1,"National Institute of Technology, Warangal","Electronics and Communication Engineering (4 Years, Bachelor of Technology)",OS,OBC-NCL,Gender-Neutral,642,1342
1,"National Institute of Technology, Warangal","Electronics and Communication Engineering (4 Years, Bachelor of Technology)",OS,OBC-NCL,Female-only (including Supernumerary),1454,1802
1,"National Institute of Technology, Warangal","Electronics and Communication Engineering (4 Years, Bachelor of Technology)",OS,OBC-NCL(PwD),Gender-Neutral,24,24
1,"National Institute of Technology, Warangal","Electronics and Communication Engineering (4 Years, Bachelor of Technology)",OS,SC,Gender-Neutral,241,618
1,"National Institute of Technology, Warangal","Electronics and Communication Engineering (4 Years, Bachelor of Technology)",OS,SC,Female-only (including Supernumerary),668,943
1,"National Institute of Technology, Warangal","Electronics and Communication Engineering (4 Years, Bachelor of Technology)",OS,ST,Female-only (including Supernumerary),296,296
1,"National Institute of Technology, Warangal","Electronics and Communication Engineering (4 Years, Bachelor of Technology)",OS,ST,Gender-Neutral,251,284
1,"National Institute of Technology, Warangal","Mechanical Engineering (4 Years, Bachelor of Technology)",AP,General,Female-only (including Supernumerary),9742,9742
1,"National Institute of Technology, Warangal","Mechanical Engineering (4 Years, Bachelor of Technology)",AP,General,Gender-Neutral,5958,6939
1,"National Institute of Technology, Warangal","Mechanical Engineering (4 Years, Bachelor of Technology)",AP,OBC-NCL,Gender-Neutral,1950,2005
1,"National Institute of Technology, Warangal","Mechanical Engineering (4 Years, Bachelor of Technology)",AP,OBC-NCL,Female-only (including Supernumerary),4992,4992
1,"National Institute of Technology, Warangal","Mechanical Engineering (4 Years, Bachelor of Technology)",AP,SC,Gender-Neutral,1107,1107
1,"National Institute of Technology, Warangal","Mechanical Engineering (4 Years, Bachelor of Technology)",AP,ST,Gender-Neutral,430,430
1,"National Institute of Technology, Warangal","Mechanical Engineering (4 Years, Bachelor of Technology)",HS,General,Female-only (including Supernumerary),8243,9165
1,"National Institute of Technology, Warangal","Mechanical Engineering (4 Years, Bachelor of Technology)",HS,General,Gender-Neutral,3323,7743
1,"National Institute of Technology, Warangal","Mechanical Engineering (4 Years, Bachelor of Technology)",HS,General PwD,Gender-Neutral,75,209
1,"National Institute of Technology, Warangal","Mechanical Engineering (4 Years, Bachelor of Technology)",HS,OBC-NCL,Female-only (including Supernumerary),3776,5190
1,"National Institute of Technology, Warangal","Mechanical Engineering (4 Years, Bachelor of Technology)",HS,OBC-NCL,Gender-Neutral,1744,2567
1,"National Institute of Technology, Warangal","Mechanical Engineering (4 Years, Bachelor of Technology)",HS,OBC-NCL(PwD),Gender-Neutral,98,98
1,"National Institute of Technology, Warangal","Mechanical Engineering (4 Years, Bachelor of Technology)",HS,SC,Female-only (including Supernumerary),1567,1567
1,"National Institute of Technology, Warangal","Mechanical Engineering (4 Years, Bachelor of Technology)",HS,SC,Gender-Neutral,562,1391
1,"National Institute of Technology, Warangal","Mechanical Engineering (4 Years, Bachelor of Technology)",HS,SC PwD,Gender-Neutral,194,194
1,"National Institute of Technology, Warangal","Mechanical Engineering (4 Years, Bachelor of Technology)",HS,ST,Female-only (including Supernumerary),578,578
1,"National Institute of Technology, Warangal","Mechanical Engineering (4 Years, Bachelor of Technology)",HS,ST,Gender-Neutral,238,314
1,"National Institute of Technology, Warangal","Mechanical Engineering (4 Years, Bachelor of Technology)",HS,ST PwD,Gender-Neutral,10,10
1,"National Institute of Technology, Warangal","Mechanical Engineering (4 Years, Bachelor of Technology)",OS,General,Gender-Neutral,2825,5672
1,"National Institute of Technology, Warangal","Mechanical Engineering (4 Years, Bachelor of Technology)",OS,General,Female-only (including Supernumerary),8440,8632
1,"National Institute of Technology, Warangal","Mechanical Engineering (4 Years, Bachelor of Technology)",OS,General PwD,Gender-Neutral,135,193
1,"National Institute of Technology, Warangal","Mechanical Engineering (4 Years, Bachelor of Technology)",OS,OBC-NCL,Female-only (including Supernumerary),4590,4927
1,"National Institute of Technology, Warangal","Mechanical Engineering (4 Years, Bachelor of Technology)",OS,OBC-NCL,Gender-Neutral,1272,1853
1,"National Institute of Technology, Warangal","Mechanical Engineering (4 Years, Bachelor of Technology)",OS,OBC-NCL(PwD),Gender-Neutral,91,91
1,"National Institute of Technology, Warangal","Mechanical Engineering (4 Years, Bachelor of Technology)",OS,SC,Gender-Neutral,123,987
1,"National Institute of Technology, Warangal","Mechanical Engineering (4 Years, Bachelor of Technology)",OS,SC,Female-only (including Supernumerary),1735,1735
1,"National Institute of Technology, Warangal","Mechanical Engineering (4 Years, Bachelor of Technology)",OS,SC PwD,Gender-Neutral,54,54
1,"National Institute of Technology, Warangal","Mechanical Engineering (4 Years, Bachelor of Technology)",OS,ST,Female-only (including Supernumerary),626,626
1,"National Institute of Technology, Warangal","Mechanical Engineering (4 Years, Bachelor of Technology)",OS,ST,Gender-Neutral,307,369
1,"National Institute of Technology, Warangal","Mechanical Engineering (4 Years, Bachelor of Technology)",OS,ST PwD,Gender-Neutral,31,31
1,"National Institute of Technology, Warangal","Metallurgical and Materials Engineering (4 Years, Bachelor of Technology)",AP,General,Female-only (including Supernumerary),19986,19986
1,"National Institute of Technology, Warangal","Metallurgical and Materials Engineering (4 Years, Bachelor of Technology)",AP,General,Gender-Neutral,16381,16984
1,"National Institute of Technology, Warangal","Metallurgical and Materials Engineering (4 Years, Bachelor of Technology)",AP,OBC-NCL,Gender-Neutral,6053,6053
1,"National Institute of Technology, Warangal","Metallurgical and Materials Engineering (4 Years, Bachelor of Technology)",AP,SC,Gender-Neutral,3357,3357
1,"National Institute of Technology, Warangal","Metallurgical and Materials Engineering (4 Years, Bachelor of Technology)",HS,General,Gender-Neutral,14067,19633
1,"National Institute of Technology, Warangal","Metallurgical and Materials Engineering (4 Years, Bachelor of Technology)",HS,General,Female-only (including Supernumerary),15080,17073
1,"National Institute of Technology, Warangal","Metallurgical and Materials Engineering (4 Years, Bachelor of Technology)",HS,OBC-NCL,Female-only (including Supernumerary),6245,6933
1,"National Institute of Technology, Warangal","Metallurgical and Materials Engineering (4 Years, Bachelor of Technology)",HS,OBC-NCL,Gender-Neutral,5185,6059
1,"National Institute of Technology, Warangal","Metallurgical and Materials Engineering (4 Years, Bachelor of Technology)",HS,SC,Female-only (including Supernumerary),3082,3082
1,"National Institute of Technology, Warangal","Metallurgical and Materials Engineering (4 Years, Bachelor of Technology)",HS,SC,Gender-Neutral,3092,3933
1,"National Institute of Technology, Warangal","Metallurgical and Materials Engineering (4 Years, Bachelor of Technology)",HS,ST,Gender-Neutral,1396,1396
1,"National Institute of Technology, Warangal","Metallurgical and Materials Engineering (4 Years, Bachelor of Technology)",OS,General,Female-only (including Supernumerary),14714,16931
1,"National Institute of Technology, Warangal","Metallurgical and Materials Engineering (4 Years, Bachelor of Technology)",OS,General,Gender-Neutral,13968,16066
1,"National Institute of Technology, Warangal","Metallurgical and Materials Engineering (4 Years, Bachelor of Technology)",OS,General PwD,Gender-Neutral,500,500
1,"National Institute of Technology, Warangal","Metallurgical and Materials Engineering (4 Years, Bachelor of Technology)",OS,OBC-NCL,Gender-Neutral,4338,5752
1,"National Institute of Technology, Warangal","Metallurgical and Materials Engineering (4 Years, Bachelor of Technology)",OS,OBC-NCL,Female-only (including Supernumerary),6864,8286
1,"National Institute of Technology, Warangal","Metallurgical and Materials Engineering (4 Years, Bachelor of Technology)",OS,SC,Female-only (including Supernumerary),4430,4430
1,"National Institute of Technology, Warangal","Metallurgical and Materials Engineering (4 Years, Bachelor of Technology)",OS,SC,Gender-Neutral,2192,3238
1,"National Institute of Technology, Warangal","Metallurgical and Materials Engineering (4 Years, Bachelor of Technology)",OS,ST,Gender-Neutral,1404,1468
1,"Sardar Vallabhbhai National Institute of Technology, Surat","Chemical Engineering (4 Years, Bachelor of Technology)",HS,General,Gender-Neutral,5682,19526
1,"Sardar Vallabhbhai National Institute of Technology, Surat","Chemical Engineering (4 Years, Bachelor of Technology)",HS,General,Female-only (including Supernumerary),18269,25280
1,"Sardar Vallabhbhai National Institute of Technology, Surat","Chemical Engineering (4 Years, Bachelor of Technology)",HS,General PwD,Gender-Neutral,627,627
1,"Sardar Vallabhbhai National Institute of Technology, Surat","Chemical Engineering (4 Years, Bachelor of Technology)",HS,OBC-NCL,Gender-Neutral,7108,11584
1,"Sardar Vallabhbhai National Institute of Technology, Surat","Chemical Engineering (4 Years, Bachelor of Technology)",HS,OBC-NCL,Female-only (including Supernumerary),10897,21990
1,"Sardar Vallabhbhai National Institute of Technology, Surat","Chemical Engineering (4 Years, Bachelor of Technology)",HS,SC,Female-only (including Supernumerary),6516,6516
1,"Sardar Vallabhbhai National Institute of Technology, Surat","Chemical Engineering (4 Years, Bachelor of Technology)",HS,SC,Gender-Neutral,993,4375
1,"Sardar Vallabhbhai National Institute of Technology, Surat","Chemical Engineering (4 Years, Bachelor of Technology)",HS,ST,Gender-Neutral,1422,2202
1,"Sardar Vallabhbhai National Institute of Technology, Surat","Chemical Engineering (4 Years, Bachelor of Technology)",OS,General,Female-only (including Supernumerary),15288,19110
1,"Sardar Vallabhbhai National Institute of Technology, Surat","Chemical Engineering (4 Years, Bachelor of Technology)",OS,General,Gender-Neutral,11478,17239
1,"Sardar Vallabhbhai National Institute of Technology, Surat","Chemical Engineering (4 Years, Bachelor of Technology)",OS,General PwD,Gender-Neutral,562,562
1,"Sardar Vallabhbhai National Institute of Technology, Surat","Chemical Engineering (4 Years, Bachelor of Technology)",OS,OBC-NCL,Female-only (including Supernumerary),7959,7959
1,"Sardar Vallabhbhai National Institute of Technology, Surat","Chemical Engineering (4 Years, Bachelor of Technology)",OS,OBC-NCL,Gender-Neutral,5330,6342
1,"Sardar Vallabhbhai National Institute of Technology, Surat","Chemical Engineering (4 Years, Bachelor of Technology)",OS,OBC-NCL(PwD),Gender-Neutral,355,355
1,"Sardar Vallabhbhai National Institute of Technology, Surat","Chemical Engineering (4 Years, Bachelor of Technology)",OS,SC,Gender-Neutral,3176,3990
1,"Sardar Vallabhbhai National Institute of Technology, Surat","Chemical Engineering (4 Years, Bachelor of Technology)",OS,SC,Female-only (including Supernumerary),3260,3260
1,"Sardar Vallabhbhai National Institute of Technology, Surat","Chemical Engineering (4 Years, Bachelor of Technology)",OS,ST,Female-only (including Supernumerary),2567,2567
1,"Sardar Vallabhbhai National Institute of Technology, Surat","Chemical Engineering (4 Years, Bachelor of Technology)",OS,ST,Gender-Neutral,1192,1551
1,"Sardar Vallabhbhai National Institute of Technology, Surat","Chemistry (5 Years, Integrated Master of Science)",HS,General,Gender-Neutral,18522,34204
1,"Sardar Vallabhbhai National Institute of Technology, Surat","Chemistry (5 Years, Integrated Master of Science)",HS,OBC-NCL,Gender-Neutral,11669,15212
1,"Sardar Vallabhbhai National Institute of Technology, Surat","Chemistry (5 Years, Integrated Master of Science)",HS,SC,Gender-Neutral,6021,14888
1,"Sardar Vallabhbhai National Institute of Technology, Surat","Chemistry (5 Years, Integrated Master of Science)",HS,ST,Gender-Neutral,2343,3378
1,"Sardar Vallabhbhai National Institute of Technology, Surat","Chemistry (5 Years, Integrated Master of Science)",OS,General,Gender-Neutral,24079,29323
1,"Sardar Vallabhbhai National Institute of Technology, Surat","Chemistry (5 Years, Integrated Master of Science)",OS,General PwD,Gender-Neutral,1195,1195
1,"Sardar Vallabhbhai National Institute of Technology, Surat","Chemistry (5 Years, Integrated Master of Science)",OS,OBC-NCL,Gender-Neutral,8011,9883
1,"Sardar Vallabhbhai National Institute of Technology, Surat","Chemistry (5 Years, Integrated Master of Science)",OS,SC,Gender-Neutral,3843,5994
1,"Sardar Vallabhbhai National Institute of Technology, Surat","Chemistry (5 Years, Integrated Master of Science)",OS,ST,Gender-Neutral,2366,2475
1,"Sardar Vallabhbhai National Institute of Technology, Surat","Civil Engineering (4 Years, Bachelor of Technology)",HS,General,Female-only (including Supernumerary),23343,30999
1,"Sardar Vallabhbhai National Institute of Technology, Surat","Civil Engineering (4 Years, Bachelor of Technology)",HS,General,Gender-Neutral,11836,22276
1,"Sardar Vallabhbhai National Institute of Technology, Surat","Civil Engineering (4 Years, Bachelor of Technology)",HS,General PwD,Gender-Neutral,648,648
1,"Sardar Vallabhbhai National Institute of Technology, Surat","Civil Engineering (4 Years, Bachelor of Technology)",HS,OBC-NCL,Female-only (including Supernumerary),18253,18253
1,"Sardar Vallabhbhai National Institute of Technology, Surat","Civil Engineering (4 Years, Bachelor of Technology)",HS,OBC-NCL,Gender-Neutral,7793,11637
1,"Sardar Vallabhbhai National Institute of Technology, Surat","Civil Engineering (4 Years, Bachelor of Technology)",HS,SC,Gender-Neutral,2114,4460
1,"Sardar Vallabhbhai National Institute of Technology, Surat","Civil Engineering (4 Years, Bachelor of Technology)",HS,SC,Female-only (including Supernumerary),7708,7708
1,"Sardar Vallabhbhai National Institute of Technology, Surat","Civil Engineering (4 Years, Bachelor of Technology)",HS,ST,Gender-Neutral,236,348
1,"Sardar Vallabhbhai National Institute of Technology, Surat","Civil Engineering (4 Years, Bachelor of Technology)",HS,ST,Female-only (including Supernumerary),1203,1203
1,"Sardar Vallabhbhai National Institute of Technology, Surat","Civil Engineering (4 Years, Bachelor of Technology)",HS,ST PwD,Gender-Neutral,46,46
1,"Sardar Vallabhbhai National Institute of Technology, Surat","Civil Engineering (4 Years, Bachelor of Technology)",OS,General,Gender-Neutral,12779,16701
1,"Sardar Vallabhbhai National Institute of Technology, Surat","Civil Engineering (4 Years, Bachelor of Technology)",OS,General,Female-only (including Supernumerary),14566,17701
1,"Sardar Vallabhbhai National Institute of Technology, Surat","Civil Engineering (4 Years, Bachelor of Technology)",OS,General PwD,Gender-Neutral,527,527
1,"Sardar Vallabhbhai National Institute of Technology, Surat","Civil Engineering (4 Years, Bachelor of Technology)",OS,OBC-NCL,Gender-Neutral,4233,5176
1,"Sardar Vallabhbhai National Institute of Technology, Surat","Civil Engineering (4 Years, Bachelor of Technology)",OS,OBC-NCL,Female-only (including Supernumerary),7740,8956
1,"Sardar Vallabhbhai National Institute of Technology, Surat","Civil Engineering (4 Years, Bachelor of Technology)",OS,OBC-NCL(PwD),Gender-Neutral,216,216
1,"Sardar Vallabhbhai National Institute of Technology, Surat","Civil Engineering (4 Years, Bachelor of Technology)",OS,SC,Female-only (including Supernumerary),3321,3321
1,"Sardar Vallabhbhai National Institute of Technology, Surat","Civil Engineering (4 Years, Bachelor of Technology)",OS,SC,Gender-Neutral,1678,2593
1,"Sardar Vallabhbhai National Institute of Technology, Surat","Civil Engineering (4 Years, Bachelor of Technology)",OS,SC PwD,Gender-Neutral,55,55
1,"Sardar Vallabhbhai National Institute of Technology, Surat","Civil Engineering (4 Years, Bachelor of Technology)",OS,ST,Gender-Neutral,240,559
1,"Sardar Vallabhbhai National Institute of Technology, Surat","Computer Engineering (4 Years, Bachelor of Technology)",HS,General,Female-only (including Supernumerary),4557,8731
1,"Sardar Vallabhbhai National Institute of Technology, Surat","Computer Engineering (4 Years, Bachelor of Technology)",HS,General,Gender-Neutral,1870,5634
1,"Sardar Vallabhbhai National Institute of Technology, Surat","Computer Engineering (4 Years, Bachelor of Technology)",HS,General PwD,Gender-Neutral,216,216
1,"Sardar Vallabhbhai National Institute of Technology, Surat","Computer Engineering (4 Years, Bachelor of Technology)",HS,General PwD,Female-only (including Supernumerary),182,182
1,"Sardar Vallabhbhai National Institute of Technology, Surat","Computer Engineering (4 Years, Bachelor of Technology)",HS,OBC-NCL,Gender-Neutral,1132,3200
1,"Sardar Vallabhbhai National Institute of Technology, Surat","Computer Engineering (4 Years, Bachelor of Technology)",HS,OBC-NCL,Female-only (including Supernumerary),4237,4237
1,"Sardar Vallabhbhai National Institute of Technology, Surat","Computer Engineering (4 Years, Bachelor of Technology)",HS,SC,Female-only (including Supernumerary),1741,1741
1,"Sardar Vallabhbhai National Institute of Technology, Surat","Computer Engineering (4 Years, Bachelor of Technology)",HS,SC,Gender-Neutral,314,1462
1,"Sardar Vallabhbhai National Institute of Technology, Surat","Computer Engineering (4 Years, Bachelor of Technology)",HS,ST,Female-only (including Supernumerary),1562,1562
1,"Sardar Vallabhbhai National Institute of Technology, Surat","Computer Engineering (4 Years, Bachelor of Technology)",HS,ST,Gender-Neutral,318,686
1,"Sardar Vallabhbhai National Institute of Technology, Surat","Computer Engineering (4 Years, Bachelor of Technology)",OS,General,Gender-Neutral,3559,5023
1,"Sardar Vallabhbhai National Institute of Technology, Surat","Computer Engineering (4 Years, Bachelor of Technology)",OS,General,Female-only (including Supernumerary),6335,7968
1,"Sardar Vallabhbhai National Institute of Technology, Surat","Computer Engineering (4 Years, Bachelor of Technology)",OS,General PwD,Gender-Neutral,160,160
1,"Sardar Vallabhbhai National Institute of Technology, Surat","Computer Engineering (4 Years, Bachelor of Technology)",OS,OBC-NCL,Female-only (including Supernumerary),3301,3439
1,"Sardar Vallabhbhai National Institute of Technology, Surat","Computer Engineering (4 Years, Bachelor of Technology)",OS,OBC-NCL,Gender-Neutral,1596,2023
1,"Sardar Vallabhbhai National Institute of Technology, Surat","Computer Engineering (4 Years, Bachelor of Technology)",OS,OBC-NCL(PwD),Gender-Neutral,104,104
1,"Sardar Vallabhbhai National Institute of Technology, Surat","Computer Engineering (4 Years, Bachelor of Technology)",OS,SC,Female-only (including Supernumerary),1386,1386
1,"Sardar Vallabhbhai National Institute of Technology, Surat","Computer Engineering (4 Years, Bachelor of Technology)",OS,SC,Gender-Neutral,682,1138
1,"Sardar Vallabhbhai National Institute of Technology, Surat","Computer Engineering (4 Years, Bachelor of Technology)",OS,ST,Gender-Neutral,376,482
1,"Sardar Vallabhbhai National Institute of Technology, Surat","Electrical Engineering (4 Years, Bachelor of Technology)",HS,General,Gender-Neutral,8840,16154
1,"Sardar Vallabhbhai National Institute of Technology, Surat","Electrical Engineering (4 Years, Bachelor of Technology)",HS,General,Female-only (including Supernumerary),6044,14222
1,"Sardar Vallabhbhai National Institute of Technology, Surat","Electrical Engineering (4 Years, Bachelor of Technology)",HS,General PwD,Gender-Neutral,1599,1599
1,"Sardar Vallabhbhai National Institute of Technology, Surat","Electrical Engineering (4 Years, Bachelor of Technology)",HS,OBC-NCL,Female-only (including Supernumerary),5985,8335
1,"Sardar Vallabhbhai National Institute of Technology, Surat","Electrical Engineering (4 Years, Bachelor of Technology)",HS,OBC-NCL,Gender-Neutral,4357,9462
1,"Sardar Vallabhbhai National Institute of Technology, Surat","Electrical Engineering (4 Years, Bachelor of Technology)",HS,SC,Female-only (including Supernumerary),4124,4124
1,"Sardar Vallabhbhai National Institute of Technology, Surat","Electrical Engineering (4 Years, Bachelor of Technology)",HS,SC,Gender-Neutral,2296,3659
1,"Sardar Vallabhbhai National Institute of Technology, Surat","Electrical Engineering (4 Years, Bachelor of Technology)",HS,ST,Gender-Neutral,1006,1143
1,"Sardar Vallabhbhai National Institute of Technology, Surat","Electrical Engineering (4 Years, Bachelor of Technology)",OS,General,Gender-Neutral,8320,10385
1,"Sardar Vallabhbhai National Institute of Technology, Surat","Electrical Engineering (4 Years, Bachelor of Technology)",OS,General,Female-only (including Supernumerary),11972,12362
1,"Sardar Vallabhbhai National Institute of Technology, Surat","Electrical Engineering (4 Years, Bachelor of Technology)",OS,General PwD,Gender-Neutral,189,189
1,"Sardar Vallabhbhai National Institute of Technology, Surat","Electrical Engineering (4 Years, Bachelor of Technology)",OS,General PwD,Female-only (including Supernumerary),1816,1816
1,"Sardar Vallabhbhai National Institute of Technology, Surat","Electrical Engineering (4 Years, Bachelor of Technology)",OS,OBC-NCL,Female-only (including Supernumerary),3675,3675
1,"Sardar Vallabhbhai National Institute of Technology, Surat","Electrical Engineering (4 Years, Bachelor of Technology)",OS,OBC-NCL,Gender-Neutral,3055,3874
1,"Sardar Vallabhbhai National Institute of Technology, Surat","Electrical Engineering (4 Years, Bachelor of Technology)",OS,SC,Gender-Neutral,1604,1980
1,"Sardar Vallabhbhai National Institute of Technology, Surat","Electrical Engineering (4 Years, Bachelor of Technology)",OS,SC,Female-only (including Supernumerary),3323,3323
1,"Sardar Vallabhbhai National Institute of Technology, Surat","Electrical Engineering (4 Years, Bachelor of Technology)",OS,ST,Female-only (including Supernumerary),749,749
1,"Sardar Vallabhbhai National Institute of Technology, Surat","Electrical Engineering (4 Years, Bachelor of Technology)",OS,ST,Gender-Neutral,239,592
1,"Sardar Vallabhbhai National Institute of Technology, Surat","Electronics and Communication Engineering (4 Years, Bachelor of Technology)",HS,General,Gender-Neutral,5999,14477
1,"Sardar Vallabhbhai National Institute of Technology, Surat","Electronics and Communication Engineering (4 Years, Bachelor of Technology)",HS,General,Female-only (including Supernumerary),9978,17450
1,"Sardar Vallabhbhai National Institute of Technology, Surat","Electronics and Communication Engineering (4 Years, Bachelor of Technology)",HS,General PwD,Gender-Neutral,548,548
1,"Sardar Vallabhbhai National Institute of Technology, Surat","Electronics and Communication Engineering (4 Years, Bachelor of Technology)",HS,OBC-NCL,Female-only (including Supernumerary),10544,17743
1,"Sardar Vallabhbhai National Institute of Technology, Surat","Electronics and Communication Engineering (4 Years, Bachelor of Technology)",HS,OBC-NCL,Gender-Neutral,3227,10309
1,"Sardar Vallabhbhai National Institute of Technology, Surat","Electronics and Communication Engineering (4 Years, Bachelor of Technology)",HS,OBC-NCL(PwD),Gender-Neutral,981,981
1,"Sardar Vallabhbhai National Institute of Technology, Surat","Electronics and Communication Engineering (4 Years, Bachelor of Technology)",HS,SC,Female-only (including Supernumerary),3279,4147
1,"Sardar Vallabhbhai National Institute of Technology, Surat","Electronics and Communication Engineering (4 Years, Bachelor of Technology)",HS,SC,Gender-Neutral,2220,4635
1,"Sardar Vallabhbhai National Institute of Technology, Surat","Electronics and Communication Engineering (4 Years, Bachelor of Technology)",HS,ST,Gender-Neutral,1282,1621
1,"Sardar Vallabhbhai National Institute of Technology, Surat","Electronics and Communication Engineering (4 Years, Bachelor of Technology)",HS,ST,Female-only (including Supernumerary),4365,4365
1,"Sardar Vallabhbhai National Institute of Technology, Surat","Electronics and Communication Engineering (4 Years, Bachelor of Technology)",OS,General,Female-only (including Supernumerary),8171,11106
1,"Sardar Vallabhbhai National Institute of Technology, Surat","Electronics and Communication Engineering (4 Years, Bachelor of Technology)",OS,General,Gender-Neutral,4768,8188
1,"Sardar Vallabhbhai National Institute of Technology, Surat","Electronics and Communication Engineering (4 Years, Bachelor of Technology)",OS,General PwD,Gender-Neutral,110,110
1,"Sardar Vallabhbhai National Institute of Technology, Surat","Electronics and Communication Engineering (4 Years, Bachelor of Technology)",OS,OBC-NCL,Gender-Neutral,2644,3229
1,"Sardar Vallabhbhai National Institute of Technology, Surat","Electronics and Communication Engineering (4 Years, Bachelor of Technology)",OS,OBC-NCL,Female-only (including Supernumerary),4893,5311
1,"Sardar Vallabhbhai National Institute of Technology, Surat","Electronics and Communication Engineering (4 Years, Bachelor of Technology)",OS,OBC-NCL(PwD),Gender-Neutral,265,265
1,"Sardar Vallabhbhai National Institute of Technology, Surat","Electronics and Communication Engineering (4 Years, Bachelor of Technology)",OS,SC,Gender-Neutral,1196,1903
1,"Sardar Vallabhbhai National Institute of Technology, Surat","Electronics and Communication Engineering (4 Years, Bachelor of Technology)",OS,SC,Female-only (including Supernumerary),1854,2104
1,"Sardar Vallabhbhai National Institute of Technology, Surat","Electronics and Communication Engineering (4 Years, Bachelor of Technology)",OS,SC PwD,Gender-Neutral,126,126
1,"Sardar Vallabhbhai National Institute of Technology, Surat","Electronics and Communication Engineering (4 Years, Bachelor of Technology)",OS,ST,Female-only (including Supernumerary),1091,1091
1,"Sardar Vallabhbhai National Institute of Technology, Surat","Electronics and Communication Engineering (4 Years, Bachelor of Technology)",OS,ST,Gender-Neutral,648,672
1,"Sardar Vallabhbhai National Institute of Technology, Surat","Mathematics (5 Years, Integrated Master of Science)",HS,General,Gender-Neutral,9396,34632
1,"Sardar Vallabhbhai National Institute of Technology, Surat","Mathematics (5 Years, Integrated Master of Science)",HS,OBC-NCL,Gender-Neutral,9010,17038
1,"Sardar Vallabhbhai National Institute of Technology, Surat","Mathematics (5 Years, Integrated Master of Science)",HS,SC,Gender-Neutral,5898,10599
1,"Sardar Vallabhbhai National Institute of Technology, Surat","Mathematics (5 Years, Integrated Master of Science)",HS,ST,Gender-Neutral,1440,1572
1,"Sardar Vallabhbhai National Institute of Technology, Surat","Mathematics (5 Years, Integrated Master of Science)",OS,General,Gender-Neutral,10944,23543
1,"Sardar Vallabhbhai National Institute of Technology, Surat","Mathematics (5 Years, Integrated Master of Science)",OS,General PwD,Gender-Neutral,1360,1360
1,"Sardar Vallabhbhai National Institute of Technology, Surat","Mathematics (5 Years, Integrated Master of Science)",OS,OBC-NCL,Gender-Neutral,6105,9154
1,"Sardar Vallabhbhai National Institute of Technology, Surat","Mathematics (5 Years, Integrated Master of Science)",OS,SC,Gender-Neutral,2820,5257
1,"Sardar Vallabhbhai National Institute of Technology, Surat","Mathematics (5 Years, Integrated Master of Science)",OS,ST,Gender-Neutral,2941,3603
1,"Sardar Vallabhbhai National Institute of Technology, Surat","Mathematics (5 Years, Integrated Master of Science)",OS,ST PwD,Gender-Neutral,71,71
1,"Sardar Vallabhbhai National Institute of Technology, Surat","Mechanical Engineering (4 Years, Bachelor of Technology)",HS,General,Female-only (including Supernumerary),19576,26737
1,"Sardar Vallabhbhai National Institute of Technology, Surat","Mechanical Engineering (4 Years, Bachelor of Technology)",HS,General,Gender-Neutral,4912,15877
1,"Sardar Vallabhbhai National Institute of Technology, Surat","Mechanical Engineering (4 Years, Bachelor of Technology)",HS,General PwD,Gender-Neutral,1075,1236
1,"Sardar Vallabhbhai National Institute of Technology, Surat","Mechanical Engineering (4 Years, Bachelor of Technology)",HS,OBC-NCL,Gender-Neutral,4436,8735
1,"Sardar Vallabhbhai National Institute of Technology, Surat","Mechanical Engineering (4 Years, Bachelor of Technology)",HS,OBC-NCL,Female-only (including Supernumerary),21131,29248
1,"Sardar Vallabhbhai National Institute of Technology, Surat","Mechanical Engineering (4 Years, Bachelor of Technology)",HS,SC,Female-only (including Supernumerary),1868,2916
1,"Sardar Vallabhbhai National Institute of Technology, Surat","Mechanical Engineering (4 Years, Bachelor of Technology)",HS,SC,Gender-Neutral,691,3651
1,"Sardar Vallabhbhai National Institute of Technology, Surat","Mechanical Engineering (4 Years, Bachelor of Technology)",HS,ST,Female-only (including Supernumerary),1665,1665
1,"Sardar Vallabhbhai National Institute of Technology, Surat","Mechanical Engineering (4 Years, Bachelor of Technology)",HS,ST,Gender-Neutral,519,2441
1,"Sardar Vallabhbhai National Institute of Technology, Surat","Mechanical Engineering (4 Years, Bachelor of Technology)",OS,General,Gender-Neutral,6832,11907
1,"Sardar Vallabhbhai National Institute of Technology, Surat","Mechanical Engineering (4 Years, Bachelor of Technology)",OS,General,Female-only (including Supernumerary),16564,18271
1,"Sardar Vallabhbhai National Institute of Technology, Surat","Mechanical Engineering (4 Years, Bachelor of Technology)",OS,General PwD,Female-only (including Supernumerary),2153,2153
1,"Sardar Vallabhbhai National Institute of Technology, Surat","Mechanical Engineering (4 Years, Bachelor of Technology)",OS,General PwD,Gender-Neutral,256,366
1,"Sardar Vallabhbhai National Institute of Technology, Surat","Mechanical Engineering (4 Years, Bachelor of Technology)",OS,OBC-NCL,Gender-Neutral,2898,4135
1,"Sardar Vallabhbhai National Institute of Technology, Surat","Mechanical Engineering (4 Years, Bachelor of Technology)",OS,OBC-NCL,Female-only (including Supernumerary),6363,7502
1,"Sardar Vallabhbhai National Institute of Technology, Surat","Mechanical Engineering (4 Years, Bachelor of Technology)",OS,OBC-NCL(PwD),Gender-Neutral,194,194
1,"Sardar Vallabhbhai National Institute of Technology, Surat","Mechanical Engineering (4 Years, Bachelor of Technology)",OS,SC,Female-only (including Supernumerary),4216,4235
1,"Sardar Vallabhbhai National Institute of Technology, Surat","Mechanical Engineering (4 Years, Bachelor of Technology)",OS,SC,Gender-Neutral,1802,2484
1,"Sardar Vallabhbhai National Institute of Technology, Surat","Mechanical Engineering (4 Years, Bachelor of Technology)",OS,ST,Gender-Neutral,644,788
1,"Sardar Vallabhbhai National Institute of Technology, Surat","Mechanical Engineering (4 Years, Bachelor of Technology)",OS,ST,Female-only (including Supernumerary),2061,2061
1,"Sardar Vallabhbhai National Institute of Technology, Surat","Physics (5 Years, Integrated Master of Science)",HS,General,Gender-Neutral,13639,29238
1,"Sardar Vallabhbhai National Institute of Technology, Surat","Physics (5 Years, Integrated Master of Science)",HS,OBC-NCL,Gender-Neutral,8748,16778
1,"Sardar Vallabhbhai National Institute of Technology, Surat","Physics (5 Years, Integrated Master of Science)",HS,SC,Gender-Neutral,5033,6425
1,"Sardar Vallabhbhai National Institute of Technology, Surat","Physics (5 Years, Integrated Master of Science)",HS,ST,Gender-Neutral,3016,3169
1,"Sardar Vallabhbhai National Institute of Technology, Surat","Physics (5 Years, Integrated Master of Science)",OS,General,Gender-Neutral,5579,21030
1,"Sardar Vallabhbhai National Institute of Technology, Surat","Physics (5 Years, Integrated Master of Science)",OS,OBC-NCL,Gender-Neutral,7181,9092
1,"Sardar Vallabhbhai National Institute of Technology, Surat","Physics (5 Years, Integrated Master of Science)",OS,OBC-NCL(PwD),Gender-Neutral,619,619
1,"Sardar Vallabhbhai National Institute of Technology, Surat","Physics (5 Years, Integrated Master of Science)",OS,SC,Gender-Neutral,1103,2431
1,"Sardar Vallabhbhai National Institute of Technology, Surat","Physics (5 Years, Integrated Master of Science)",OS,SC PwD,Gender-Neutral,185,185
1,"Sardar Vallabhbhai National Institute of Technology, Surat","Physics (5 Years, Integrated Master of Science)",OS,ST,Gender-Neutral,659,1689
1,"Visvesvaraya National Institute of Technology, Nagpur","Architecture (5 Years, Bachelor of Architecture)",HS,General,Female-only (including Supernumerary),198,671
1,"Visvesvaraya National Institute of Technology, Nagpur","Architecture (5 Years, Bachelor of Architecture)",HS,General,Gender-Neutral,692,1077
1,"Visvesvaraya National Institute of Technology, Nagpur","Architecture (5 Years, Bachelor of Architecture)",HS,General PwD,Gender-Neutral,10,10
1,"Visvesvaraya National Institute of Technology, Nagpur","Architecture (5 Years, Bachelor of Architecture)",HS,OBC-NCL,Female-only (including Supernumerary),223,323
1,"Visvesvaraya National Institute of Technology, Nagpur","Architecture (5 Years, Bachelor of Architecture)",HS,OBC-NCL,Gender-Neutral,250,447
1,"Visvesvaraya National Institute of Technology, Nagpur","Architecture (5 Years, Bachelor of Architecture)",HS,SC,Gender-Neutral,81,142
1,"Visvesvaraya National Institute of Technology, Nagpur","Architecture (5 Years, Bachelor of Architecture)",HS,SC,Female-only (including Supernumerary),38,38
1,"Visvesvaraya National Institute of Technology, Nagpur","Architecture (5 Years, Bachelor of Architecture)",HS,ST,Gender-Neutral,51,51
1,"Visvesvaraya National Institute of Technology, Nagpur","Architecture (5 Years, Bachelor of Architecture)",OS,General,Female-only (including Supernumerary),1087,1211
1,"Visvesvaraya National Institute of Technology, Nagpur","Architecture (5 Years, Bachelor of Architecture)",OS,General,Gender-Neutral,952,1238
1,"Visvesvaraya National Institute of Technology, Nagpur","Architecture (5 Years, Bachelor of Architecture)",OS,General PwD,Gender-Neutral,108,108
1,"Visvesvaraya National Institute of Technology, Nagpur","Architecture (5 Years, Bachelor of Architecture)",OS,OBC-NCL,Female-only (including Supernumerary),475,481
1,"Visvesvaraya National Institute of Technology, Nagpur","Architecture (5 Years, Bachelor of Architecture)",OS,OBC-NCL,Gender-Neutral,252,505
1,"Visvesvaraya National Institute of Technology, Nagpur","Architecture (5 Years, Bachelor of Architecture)",OS,SC,Female-only (including Supernumerary),214,214
1,"Visvesvaraya National Institute of Technology, Nagpur","Architecture (5 Years, Bachelor of Architecture)",OS,SC,Gender-Neutral,152,196
1,"Visvesvaraya National Institute of Technology, Nagpur","Architecture (5 Years, Bachelor of Architecture)",OS,ST,Gender-Neutral,119,119
1,"Visvesvaraya National Institute of Technology, Nagpur","Chemical Engineering (4 Years, Bachelor of Technology)",HS,General,Female-only (including Supernumerary),15853,20717
1,"Visvesvaraya National Institute of Technology, Nagpur","Chemical Engineering (4 Years, Bachelor of Technology)",HS,General,Gender-Neutral,10542,16561
1,"Visvesvaraya National Institute of Technology, Nagpur","Chemical Engineering (4 Years, Bachelor of Technology)",HS,General PwD,Gender-Neutral,387,387
1,"Visvesvaraya National Institute of Technology, Nagpur","Chemical Engineering (4 Years, Bachelor of Technology)",HS,OBC-NCL,Female-only (including Supernumerary),5064,5064
1,"Visvesvaraya National Institute of Technology, Nagpur","Chemical Engineering (4 Years, Bachelor of Technology)",HS,OBC-NCL,Gender-Neutral,3724,6285
1,"Visvesvaraya National Institute of Technology, Nagpur","Chemical Engineering (4 Years, Bachelor of Technology)",HS,OBC-NCL(PwD),Gender-Neutral,392,392
1,"Visvesvaraya National Institute of Technology, Nagpur","Chemical Engineering (4 Years, Bachelor of Technology)",HS,SC,Female-only (including Supernumerary),1242,1242
1,"Visvesvaraya National Institute of Technology, Nagpur","Chemical Engineering (4 Years, Bachelor of Technology)",HS,SC,Gender-Neutral,701,3147
1,"Visvesvaraya National Institute of Technology, Nagpur","Chemical Engineering (4 Years, Bachelor of Technology)",HS,ST,Female-only (including Supernumerary),5230,5230
1,"Visvesvaraya National Institute of Technology, Nagpur","Chemical Engineering (4 Years, Bachelor of Technology)",HS,ST,Gender-Neutral,1144,2597
1,"Visvesvaraya National Institute of Technology, Nagpur","Chemical Engineering (4 Years, Bachelor of Technology)",OS,General,Gender-Neutral,12809,17665
1,"Visvesvaraya National Institute of Technology, Nagpur","Chemical Engineering (4 Years, Bachelor of Technology)",OS,General,Female-only (including Supernumerary),14075,18646
1,"Visvesvaraya National Institute of Technology, Nagpur","Chemical Engineering (4 Years, Bachelor of Technology)",OS,General PwD,Gender-Neutral,269,269
1,"Visvesvaraya National Institute of Technology, Nagpur","Chemical Engineering (4 Years, Bachelor of Technology)",OS,OBC-NCL,Female-only (including Supernumerary),6530,6530
1,"Visvesvaraya National Institute of Technology, Nagpur","Chemical Engineering (4 Years, Bachelor of Technology)",OS,OBC-NCL,Gender-Neutral,4460,5736
1,"Visvesvaraya National Institute of Technology, Nagpur","Chemical Engineering (4 Years, Bachelor of Technology)",OS,OBC-NCL(PwD),Gender-Neutral,285,285
1,"Visvesvaraya National Institute of Technology, Nagpur","Chemical Engineering (4 Years, Bachelor of Technology)",OS,SC,Female-only (including Supernumerary),4142,4142
1,"Visvesvaraya National Institute of Technology, Nagpur","Chemical Engineering (4 Years, Bachelor of Technology)",OS,SC,Gender-Neutral,2430,3543
1,"Visvesvaraya National Institute of Technology, Nagpur","Chemical Engineering (4 Years, Bachelor of Technology)",OS,SC PwD,Gender-Neutral,138,138
1,"Visvesvaraya National Institute of Technology, Nagpur","Chemical Engineering (4 Years, Bachelor of Technology)",OS,ST,Gender-Neutral,949,1299
1,"Visvesvaraya National Institute of Technology, Nagpur","Chemical Engineering (4 Years, Bachelor of Technology)",OS,ST,Female-only (including Supernumerary),1432,1432
1,"Visvesvaraya National Institute of Technology, Nagpur","Civil Engineering (4 Years, Bachelor of Technology)",HS,General,Female-only (including Supernumerary),15913,21215
1,"Visvesvaraya National Institute of Technology, Nagpur","Civil Engineering (4 Years, Bachelor of Technology)",HS,General,Gender-Neutral,10759,18159
1,"Visvesvaraya National Institute of Technology, Nagpur","Civil Engineering (4 Years, Bachelor of Technology)",HS,General PwD,Gender-Neutral,400,400
1,"Visvesvaraya National Institute of Technology, Nagpur","Civil Engineering (4 Years, Bachelor of Technology)",HS,OBC-NCL,Gender-Neutral,4895,5817
1,"Visvesvaraya National Institute of Technology, Nagpur","Civil Engineering (4 Years, Bachelor of Technology)",HS,OBC-NCL,Female-only (including Supernumerary),6942,6942
1,"Visvesvaraya National Institute of Technology, Nagpur","Civil Engineering (4 Years, Bachelor of Technology)",HS,OBC-NCL(PwD),Gender-Neutral,393,393
1,"Visvesvaraya National Institute of Technology, Nagpur","Civil Engineering (4 Years, Bachelor of Technology)",HS,SC,Female-only (including Supernumerary),2487,2487
1,"Visvesvaraya National Institute of Technology, Nagpur","Civil Engineering (4 Years, Bachelor of Technology)",HS,SC,Gender-Neutral,1611,2874
1,"Visvesvaraya National Institute of Technology, Nagpur","Civil Engineering (4 Years, Bachelor of Technology)",HS,ST,Female-only (including Supernumerary),2493,2493
1,"Visvesvaraya National Institute of Technology, Nagpur","Civil Engineering (4 Years, Bachelor of Technology)",HS,ST,Gender-Neutral,441,1476
1,"Visvesvaraya National Institute of Technology, Nagpur","Civil Engineering (4 Years, Bachelor of Technology)",OS,General,Female-only (including Supernumerary),13868,16873
1,"Visvesvaraya National Institute of Technology, Nagpur","Civil Engineering (4 Years, Bachelor of Technology)",OS,General,Gender-Neutral,12268,14521
1,"Visvesvaraya National Institute of Technology, Nagpur","Civil Engineering (4 Years, Bachelor of Technology)",OS,General PwD,Gender-Neutral,215,215
1,"Visvesvaraya National Institute of Technology, Nagpur","Civil Engineering (4 Years, Bachelor of Technology)",OS,OBC-NCL,Gender-Neutral,3645,4668
1,"Visvesvaraya National Institute of Technology, Nagpur","Civil Engineering (4 Years, Bachelor of Technology)",OS,OBC-NCL,Female-only (including Supernumerary),6197,6197
1,"Visvesvaraya National Institute of Technology, Nagpur","Civil Engineering (4 Years, Bachelor of Technology)",OS,OBC-NCL(PwD),Gender-Neutral,242,242
1,"Visvesvaraya National Institute of Technology, Nagpur","Civil Engineering (4 Years, Bachelor of Technology)",OS,SC,Gender-Neutral,1851,2405
1,"Visvesvaraya National Institute of Technology, Nagpur","Civil Engineering (4 Years, Bachelor of Technology)",OS,SC,Female-only (including Supernumerary),3098,3098
1,"Visvesvaraya National Institute of Technology, Nagpur","Civil Engineering (4 Years, Bachelor of Technology)",OS,SC PwD,Gender-Neutral,80,80
1,"Visvesvaraya National Institute of Technology, Nagpur","Civil Engineering (4 Years, Bachelor of Technology)",OS,ST,Gender-Neutral,419,467
1,"Visvesvaraya National Institute of Technology, Nagpur","Civil Engineering (4 Years, Bachelor of Technology)",OS,ST,Female-only (including Supernumerary),841,841
1,"Visvesvaraya National Institute of Technology, Nagpur","Computer Science and Engineering (4 Years, Bachelor of Technology)",HS,General,Female-only (including Supernumerary),3176,5521
1,"Visvesvaraya National Institute of Technology, Nagpur","Computer Science and Engineering (4 Years, Bachelor of Technology)",HS,General,Gender-Neutral,1517,5513
1,"Visvesvaraya National Institute of Technology, Nagpur","Computer Science and Engineering (4 Years, Bachelor of Technology)",HS,General PwD,Gender-Neutral,139,139
1,"Visvesvaraya National Institute of Technology, Nagpur","Computer Science and Engineering (4 Years, Bachelor of Technology)",HS,General PwD,Female-only (including Supernumerary),87,87
1,"Visvesvaraya National Institute of Technology, Nagpur","Computer Science and Engineering (4 Years, Bachelor of Technology)",HS,OBC-NCL,Gender-Neutral,1036,2206
1,"Visvesvaraya National Institute of Technology, Nagpur","Computer Science and Engineering (4 Years, Bachelor of Technology)",HS,OBC-NCL,Female-only (including Supernumerary),2144,2246
1,"Visvesvaraya National Institute of Technology, Nagpur","Computer Science and Engineering (4 Years, Bachelor of Technology)",HS,OBC-NCL(PwD),Gender-Neutral,108,108
1,"Visvesvaraya National Institute of Technology, Nagpur","Computer Science and Engineering (4 Years, Bachelor of Technology)",HS,SC,Gender-Neutral,379,954
1,"Visvesvaraya National Institute of Technology, Nagpur","Computer Science and Engineering (4 Years, Bachelor of Technology)",HS,SC,Female-only (including Supernumerary),491,1015
1,"Visvesvaraya National Institute of Technology, Nagpur","Computer Science and Engineering (4 Years, Bachelor of Technology)",HS,ST,Gender-Neutral,301,915
1,"Visvesvaraya National Institute of Technology, Nagpur","Computer Science and Engineering (4 Years, Bachelor of Technology)",HS,ST,Female-only (including Supernumerary),2268,2268
1,"Visvesvaraya National Institute of Technology, Nagpur","Computer Science and Engineering (4 Years, Bachelor of Technology)",OS,General,Female-only (including Supernumerary),3742,5809
1,"Visvesvaraya National Institute of Technology, Nagpur","Computer Science and Engineering (4 Years, Bachelor of Technology)",OS,General,Gender-Neutral,1691,4262
1,"Visvesvaraya National Institute of Technology, Nagpur","Computer Science and Engineering (4 Years, Bachelor of Technology)",OS,General PwD,Gender-Neutral,88,133
1,"Visvesvaraya National Institute of Technology, Nagpur","Computer Science and Engineering (4 Years, Bachelor of Technology)",OS,OBC-NCL,Gender-Neutral,960,1621
1,"Visvesvaraya National Institute of Technology, Nagpur","Computer Science and Engineering (4 Years, Bachelor of Technology)",OS,OBC-NCL,Female-only (including Supernumerary),1362,1617
1,"Visvesvaraya National Institute of Technology, Nagpur","Computer Science and Engineering (4 Years, Bachelor of Technology)",OS,OBC-NCL(PwD),Gender-Neutral,34,34
1,"Visvesvaraya National Institute of Technology, Nagpur","Computer Science and Engineering (4 Years, Bachelor of Technology)",OS,SC,Gender-Neutral,353,851
1,"Visvesvaraya National Institute of Technology, Nagpur","Computer Science and Engineering (4 Years, Bachelor of Technology)",OS,SC,Female-only (including Supernumerary),785,1654
1,"Visvesvaraya National Institute of Technology, Nagpur","Computer Science and Engineering (4 Years, Bachelor of Technology)",OS,ST,Gender-Neutral,160,303
1,"Visvesvaraya National Institute of Technology, Nagpur","Computer Science and Engineering (4 Years, Bachelor of Technology)",OS,ST,Female-only (including Supernumerary),388,388
1,"Visvesvaraya National Institute of Technology, Nagpur","Electrical and Electronics Engineering (4 Years, Bachelor of Technology)",HS,General,Gender-Neutral,5545,11462
1,"Visvesvaraya National Institute of Technology, Nagpur","Electrical and Electronics Engineering (4 Years, Bachelor of Technology)",HS,General,Female-only (including Supernumerary),11501,13151
1,"Visvesvaraya National Institute of Technology, Nagpur","Electrical and Electronics Engineering (4 Years, Bachelor of Technology)",HS,General PwD,Gender-Neutral,365,365
1,"Visvesvaraya National Institute of Technology, Nagpur","Electrical and Electronics Engineering (4 Years, Bachelor of Technology)",HS,OBC-NCL,Female-only (including Supernumerary),3704,4564
1,"Visvesvaraya National Institute of Technology, Nagpur","Electrical and Electronics Engineering (4 Years, Bachelor of Technology)",HS,OBC-NCL,Gender-Neutral,2457,4472
1,"Visvesvaraya National Institute of Technology, Nagpur","Electrical and Electronics Engineering (4 Years, Bachelor of Technology)",HS,OBC-NCL(PwD),Gender-Neutral,169,169
1,"Visvesvaraya National Institute of Technology, Nagpur","Electrical and Electronics Engineering (4 Years, Bachelor of Technology)",HS,SC,Gender-Neutral,985,2213
1,"Visvesvaraya National Institute of Technology, Nagpur","Electrical and Electronics Engineering (4 Years, Bachelor of Technology)",HS,SC,Female-only (including Supernumerary),1412,2009
1,"Visvesvaraya National Institute of Technology, Nagpur","Electrical and Electronics Engineering (4 Years, Bachelor of Technology)",HS,ST,Female-only (including Supernumerary),4102,4102
1,"Visvesvaraya National Institute of Technology, Nagpur","Electrical and Electronics Engineering (4 Years, Bachelor of Technology)",HS,ST,Gender-Neutral,1386,1961
1,"Visvesvaraya National Institute of Technology, Nagpur","Electrical and Electronics Engineering (4 Years, Bachelor of Technology)",OS,General,Female-only (including Supernumerary),8679,10444
1,"Visvesvaraya National Institute of Technology, Nagpur","Electrical and Electronics Engineering (4 Years, Bachelor of Technology)",OS,General,Gender-Neutral,6665,9235
1,"Visvesvaraya National Institute of Technology, Nagpur","Electrical and Electronics Engineering (4 Years, Bachelor of Technology)",OS,General PwD,Gender-Neutral,416,416
1,"Visvesvaraya National Institute of Technology, Nagpur","Electrical and Electronics Engineering (4 Years, Bachelor of Technology)",OS,General PwD,Female-only (including Supernumerary),1025,1025
1,"Visvesvaraya National Institute of Technology, Nagpur","Electrical and Electronics Engineering (4 Years, Bachelor of Technology)",OS,OBC-NCL,Female-only (including Supernumerary),4216,4684
1,"Visvesvaraya National Institute of Technology, Nagpur","Electrical and Electronics Engineering (4 Years, Bachelor of Technology)",OS,OBC-NCL,Gender-Neutral,2459,3121
1,"Visvesvaraya National Institute of Technology, Nagpur","Electrical and Electronics Engineering (4 Years, Bachelor of Technology)",OS,OBC-NCL(PwD),Gender-Neutral,182,182
1,"Visvesvaraya National Institute of Technology, Nagpur","Electrical and Electronics Engineering (4 Years, Bachelor of Technology)",OS,SC,Gender-Neutral,1296,1920
1,"Visvesvaraya National Institute of Technology, Nagpur","Electrical and Electronics Engineering (4 Years, Bachelor of Technology)",OS,SC,Female-only (including Supernumerary),1488,1999
1,"Visvesvaraya National Institute of Technology, Nagpur","Electrical and Electronics Engineering (4 Years, Bachelor of Technology)",OS,ST,Female-only (including Supernumerary),879,879
1,"Visvesvaraya National Institute of Technology, Nagpur","Electrical and Electronics Engineering (4 Years, Bachelor of Technology)",OS,ST,Gender-Neutral,446,577
1,"Visvesvaraya National Institute of Technology, Nagpur","Electrical and Electronics Engineering (4 Years, Bachelor of Technology)",OS,ST PwD,Gender-Neutral,17,17
1,"Visvesvaraya National Institute of Technology, Nagpur","Electronics and Communication Engineering (4 Years, Bachelor of Technology)",HS,General,Female-only (including Supernumerary),7665,10680
1,"Visvesvaraya National Institute of Technology, Nagpur","Electronics and Communication Engineering (4 Years, Bachelor of Technology)",HS,General,Gender-Neutral,5551,9073
1,"Visvesvaraya National Institute of Technology, Nagpur","Electronics and Communication Engineering (4 Years, Bachelor of Technology)",HS,General PwD,Gender-Neutral,493,493
1,"Visvesvaraya National Institute of Technology, Nagpur","Electronics and Communication Engineering (4 Years, Bachelor of Technology)",HS,General PwD,Female-only (including Supernumerary),1380,1380
1,"Visvesvaraya National Institute of Technology, Nagpur","Electronics and Communication Engineering (4 Years, Bachelor of Technology)",HS,OBC-NCL,Gender-Neutral,2577,3711
1,"Visvesvaraya National Institute of Technology, Nagpur","Electronics and Communication Engineering (4 Years, Bachelor of Technology)",HS,OBC-NCL,Female-only (including Supernumerary),2424,2460
1,"Visvesvaraya National Institute of Technology, Nagpur","Electronics and Communication Engineering (4 Years, Bachelor of Technology)",HS,SC,Female-only (including Supernumerary),1070,1635
1,"Visvesvaraya National Institute of Technology, Nagpur","Electronics and Communication Engineering (4 Years, Bachelor of Technology)",HS,SC,Gender-Neutral,1027,1458
1,"Visvesvaraya National Institute of Technology, Nagpur","Electronics and Communication Engineering (4 Years, Bachelor of Technology)",HS,ST,Gender-Neutral,2642,2994
1,"Visvesvaraya National Institute of Technology, Nagpur","Electronics and Communication Engineering (4 Years, Bachelor of Technology)",HS,ST,Female-only (including Supernumerary),1839,1839
1,"Visvesvaraya National Institute of Technology, Nagpur","Electronics and Communication Engineering (4 Years, Bachelor of Technology)",OS,General,Gender-Neutral,4728,6924
1,"Visvesvaraya National Institute of Technology, Nagpur","Electronics and Communication Engineering (4 Years, Bachelor of Technology)",OS,General,Female-only (including Supernumerary),6650,7664
1,"Visvesvaraya National Institute of Technology, Nagpur","Electronics and Communication Engineering (4 Years, Bachelor of Technology)",OS,General PwD,Gender-Neutral,226,315
1,"Visvesvaraya National Institute of Technology, Nagpur","Electronics and Communication Engineering (4 Years, Bachelor of Technology)",OS,OBC-NCL,Female-only (including Supernumerary),3137,3404
1,"Visvesvaraya National Institute of Technology, Nagpur","Electronics and Communication Engineering (4 Years, Bachelor of Technology)",OS,OBC-NCL,Gender-Neutral,1698,2431
1,"Visvesvaraya National Institute of Technology, Nagpur","Electronics and Communication Engineering (4 Years, Bachelor of Technology)",OS,OBC-NCL(PwD),Gender-Neutral,190,190
1,"Visvesvaraya National Institute of Technology, Nagpur","Electronics and Communication Engineering (4 Years, Bachelor of Technology)",OS,SC,Female-only (including Supernumerary),1660,1771
1,"Visvesvaraya National Institute of Technology, Nagpur","Electronics and Communication Engineering (4 Years, Bachelor of Technology)",OS,SC,Gender-Neutral,859,1433
1,"Visvesvaraya National Institute of Technology, Nagpur","Electronics and Communication Engineering (4 Years, Bachelor of Technology)",OS,ST,Female-only (including Supernumerary),825,825
1,"Visvesvaraya National Institute of Technology, Nagpur","Electronics and Communication Engineering (4 Years, Bachelor of Technology)",OS,ST,Gender-Neutral,396,618
1,"Visvesvaraya National Institute of Technology, Nagpur","Mechanical Engineering (4 Years, Bachelor of Technology)",HS,General,Female-only (including Supernumerary),13593,16165
1,"Visvesvaraya National Institute of Technology, Nagpur","Mechanical Engineering (4 Years, Bachelor of Technology)",HS,General,Gender-Neutral,3890,11329
1,"Visvesvaraya National Institute of Technology, Nagpur","Mechanical Engineering (4 Years, Bachelor of Technology)",HS,General PwD,Gender-Neutral,246,246
1,"Visvesvaraya National Institute of Technology, Nagpur","Mechanical Engineering (4 Years, Bachelor of Technology)",HS,OBC-NCL,Female-only (including Supernumerary),4634,5490
1,"Visvesvaraya National Institute of Technology, Nagpur","Mechanical Engineering (4 Years, Bachelor of Technology)",HS,OBC-NCL,Gender-Neutral,2394,4034
1,"Visvesvaraya National Institute of Technology, Nagpur","Mechanical Engineering (4 Years, Bachelor of Technology)",HS,OBC-NCL(PwD),Gender-Neutral,90,90
1,"Visvesvaraya National Institute of Technology, Nagpur","Mechanical Engineering (4 Years, Bachelor of Technology)",HS,SC,Female-only (including Supernumerary),540,1117
1,"Visvesvaraya National Institute of Technology, Nagpur","Mechanical Engineering (4 Years, Bachelor of Technology)",HS,SC,Gender-Neutral,1032,1504
1,"Visvesvaraya National Institute of Technology, Nagpur","Mechanical Engineering (4 Years, Bachelor of Technology)",HS,SC PwD,Gender-Neutral,106,106
1,"Visvesvaraya National Institute of Technology, Nagpur","Mechanical Engineering (4 Years, Bachelor of Technology)",HS,ST,Female-only (including Supernumerary),4821,4821
1,"Visvesvaraya National Institute of Technology, Nagpur","Mechanical Engineering (4 Years, Bachelor of Technology)",HS,ST,Gender-Neutral,60,1078
1,"Visvesvaraya National Institute of Technology, Nagpur","Mechanical Engineering (4 Years, Bachelor of Technology)",OS,General,Gender-Neutral,7178,10303
1,"Visvesvaraya National Institute of Technology, Nagpur","Mechanical Engineering (4 Years, Bachelor of Technology)",OS,General,Female-only (including Supernumerary),15529,15855
1,"Visvesvaraya National Institute of Technology, Nagpur","Mechanical Engineering (4 Years, Bachelor of Technology)",OS,General PwD,Gender-Neutral,539,539
1,"Visvesvaraya National Institute of Technology, Nagpur","Mechanical Engineering (4 Years, Bachelor of Technology)",OS,General PwD,Female-only (including Supernumerary),1557,1557
1,"Visvesvaraya National Institute of Technology, Nagpur","Mechanical Engineering (4 Years, Bachelor of Technology)",OS,OBC-NCL,Gender-Neutral,2562,3522
1,"Visvesvaraya National Institute of Technology, Nagpur","Mechanical Engineering (4 Years, Bachelor of Technology)",OS,OBC-NCL,Female-only (including Supernumerary),5741,5991
1,"Visvesvaraya National Institute of Technology, Nagpur","Mechanical Engineering (4 Years, Bachelor of Technology)",OS,OBC-NCL(PwD),Gender-Neutral,273,273
1,"Visvesvaraya National Institute of Technology, Nagpur","Mechanical Engineering (4 Years, Bachelor of Technology)",OS,SC,Gender-Neutral,1519,2008
1,"Visvesvaraya National Institute of Technology, Nagpur","Mechanical Engineering (4 Years, Bachelor of Technology)",OS,SC,Female-only (including Supernumerary),2254,2996
1,"Visvesvaraya National Institute of Technology, Nagpur","Mechanical Engineering (4 Years, Bachelor of Technology)",OS,ST,Female-only (including Supernumerary),893,893
1,"Visvesvaraya National Institute of Technology, Nagpur","Mechanical Engineering (4 Years, Bachelor of Technology)",OS,ST,Gender-Neutral,499,531
1,"Visvesvaraya National Institute of Technology, Nagpur","Mechanical Engineering (4 Years, Bachelor of Technology)",OS,ST PwD,Gender-Neutral,51,51
1,"Visvesvaraya National Institute of Technology, Nagpur","Metallurgical and Materials Engineering (4 Years, Bachelor of Technology)",HS,General,Gender-Neutral,12436,22700
1,"Visvesvaraya National Institute of Technology, Nagpur","Metallurgical and Materials Engineering (4 Years, Bachelor of Technology)",HS,General,Female-only (including Supernumerary),22207,24292
1,"Visvesvaraya National Institute of Technology, Nagpur","Metallurgical and Materials Engineering (4 Years, Bachelor of Technology)",HS,General PwD,Gender-Neutral,596,596
1,"Visvesvaraya National Institute of Technology, Nagpur","Metallurgical and Materials Engineering (4 Years, Bachelor of Technology)",HS,OBC-NCL,Gender-Neutral,6295,7647
1,"Visvesvaraya National Institute of Technology, Nagpur","Metallurgical and Materials Engineering (4 Years, Bachelor of Technology)",HS,OBC-NCL,Female-only (including Supernumerary),6777,11002
1,"Visvesvaraya National Institute of Technology, Nagpur","Metallurgical and Materials Engineering (4 Years, Bachelor of Technology)",HS,OBC-NCL(PwD),Gender-Neutral,704,704
1,"Visvesvaraya National Institute of Technology, Nagpur","Metallurgical and Materials Engineering (4 Years, Bachelor of Technology)",HS,SC,Gender-Neutral,2741,4204
1,"Visvesvaraya National Institute of Technology, Nagpur","Metallurgical and Materials Engineering (4 Years, Bachelor of Technology)",HS,SC,Female-only (including Supernumerary),3274,3274
1,"Visvesvaraya National Institute of Technology, Nagpur","Metallurgical and Materials Engineering (4 Years, Bachelor of Technology)",HS,ST,Female-only (including Supernumerary),6653,6653
1,"Visvesvaraya National Institute of Technology, Nagpur","Metallurgical and Materials Engineering (4 Years, Bachelor of Technology)",HS,ST,Gender-Neutral,3199,5042
1,"Visvesvaraya National Institute of Technology, Nagpur","Metallurgical and Materials Engineering (4 Years, Bachelor of Technology)",OS,General,Gender-Neutral,15504,22538
1,"Visvesvaraya National Institute of Technology, Nagpur","Metallurgical and Materials Engineering (4 Years, Bachelor of Technology)",OS,General,Female-only (including Supernumerary),21256,23728
1,"Visvesvaraya National Institute of Technology, Nagpur","Metallurgical and Materials Engineering (4 Years, Bachelor of Technology)",OS,General PwD,Gender-Neutral,1167,1167
1,"Visvesvaraya National Institute of Technology, Nagpur","Metallurgical and Materials Engineering (4 Years, Bachelor of Technology)",OS,OBC-NCL,Female-only (including Supernumerary),9189,9439
1,"Visvesvaraya National Institute of Technology, Nagpur","Metallurgical and Materials Engineering (4 Years, Bachelor of Technology)",OS,OBC-NCL,Gender-Neutral,6290,7340
1,"Visvesvaraya National Institute of Technology, Nagpur","Metallurgical and Materials Engineering (4 Years, Bachelor of Technology)",OS,SC,Female-only (including Supernumerary),4479,4479
1,"Visvesvaraya National Institute of Technology, Nagpur","Metallurgical and Materials Engineering (4 Years, Bachelor of Technology)",OS,SC,Gender-Neutral,3532,4762
1,"Visvesvaraya National Institute of Technology, Nagpur","Metallurgical and Materials Engineering (4 Years, Bachelor of Technology)",OS,ST,Female-only (including Supernumerary),2542,2542
1,"Visvesvaraya National Institute of Technology, Nagpur","Metallurgical and Materials Engineering (4 Years, Bachelor of Technology)",OS,ST,Gender-Neutral,1737,1829
1,"Visvesvaraya National Institute of Technology, Nagpur","Mining Engineering (4 Years, Bachelor of Technology)",HS,General,Gender-Neutral,22942,26346
1,"Visvesvaraya National Institute of Technology, Nagpur","Mining Engineering (4 Years, Bachelor of Technology)",HS,General,Female-only (including Supernumerary),24873,31899
1,"Visvesvaraya National Institute of Technology, Nagpur","Mining Engineering (4 Years, Bachelor of Technology)",HS,OBC-NCL,Gender-Neutral,8221,8964
1,"Visvesvaraya National Institute of Technology, Nagpur","Mining Engineering (4 Years, Bachelor of Technology)",HS,OBC-NCL,Female-only (including Supernumerary),10853,10853
1,"Visvesvaraya National Institute of Technology, Nagpur","Mining Engineering (4 Years, Bachelor of Technology)",HS,SC,Gender-Neutral,3384,4349
1,"Visvesvaraya National Institute of Technology, Nagpur","Mining Engineering (4 Years, Bachelor of Technology)",HS,ST,Gender-Neutral,2245,3231
1,"Visvesvaraya National Institute of Technology, Nagpur","Mining Engineering (4 Years, Bachelor of Technology)",OS,General,Gender-Neutral,21195,23736
1,"Visvesvaraya National Institute of Technology, Nagpur","Mining Engineering (4 Years, Bachelor of Technology)",OS,General,Female-only (including Supernumerary),21207,26020
1,"Visvesvaraya National Institute of Technology, Nagpur","Mining Engineering (4 Years, Bachelor of Technology)",OS,OBC-NCL,Female-only (including Supernumerary),11072,11072
1,"Visvesvaraya National Institute of Technology, Nagpur","Mining Engineering (4 Years, Bachelor of Technology)",OS,OBC-NCL,Gender-Neutral,6921,7556
1,"Visvesvaraya National Institute of Technology, Nagpur","Mining Engineering (4 Years, Bachelor of Technology)",OS,SC,Gender-Neutral,3842,4016
1,"Visvesvaraya National Institute of Technology, Nagpur","Mining Engineering (4 Years, Bachelor of Technology)",OS,SC,Female-only (including Supernumerary),6090,6090
1,"Visvesvaraya National Institute of Technology, Nagpur","Mining Engineering (4 Years, Bachelor of Technology)",OS,ST,Gender-Neutral,1505,1571
1,"National Institute of Technology, Andhra Pradesh","Bio Technology (4 Years, Bachelor of Technology)",HS,General,Gender-Neutral,22979,30153
1,"National Institute of Technology, Andhra Pradesh","Bio Technology (4 Years, Bachelor of Technology)",HS,General,Female-only (including Supernumerary),24111,28214
1,"National Institute of Technology, Andhra Pradesh","Bio Technology (4 Years, Bachelor of Technology)",HS,General PwD,Gender-Neutral,1679,1679
1,"National Institute of Technology, Andhra Pradesh","Bio Technology (4 Years, Bachelor of Technology)",HS,OBC-NCL,Female-only (including Supernumerary),9413,9413
1,"National Institute of Technology, Andhra Pradesh","Bio Technology (4 Years, Bachelor of Technology)",HS,OBC-NCL,Gender-Neutral,9252,10148
1,"National Institute of Technology, Andhra Pradesh","Bio Technology (4 Years, Bachelor of Technology)",HS,SC,Gender-Neutral,4163,4509
1,"National Institute of Technology, Andhra Pradesh","Bio Technology (4 Years, Bachelor of Technology)",HS,ST,Gender-Neutral,2291,2291
1,"National Institute of Technology, Andhra Pradesh","Bio Technology (4 Years, Bachelor of Technology)",OS,General,Gender-Neutral,21839,26126
1,"National Institute of Technology, Andhra Pradesh","Bio Technology (4 Years, Bachelor of Technology)",OS,General,Female-only (including Supernumerary),24098,24098
1,"National Institute of Technology, Andhra Pradesh","Bio Technology (4 Years, Bachelor of Technology)",OS,OBC-NCL,Gender-Neutral,6886,8674
1,"National Institute of Technology, Andhra Pradesh","Bio Technology (4 Years, Bachelor of Technology)",OS,OBC-NCL,Female-only (including Supernumerary),9098,9098
1,"National Institute of Technology, Andhra Pradesh","Bio Technology (4 Years, Bachelor of Technology)",OS,SC,Female-only (including Supernumerary),5288,5288
1,"National Institute of Technology, Andhra Pradesh","Bio Technology (4 Years, Bachelor of Technology)",OS,SC,Gender-Neutral,4072,5168
1,"National Institute of Technology, Andhra Pradesh","Bio Technology (4 Years, Bachelor of Technology)",OS,ST,Gender-Neutral,1984,1984
1,"National Institute of Technology, Andhra Pradesh","Chemical Engineering (4 Years, Bachelor of Technology)",HS,General,Female-only (including Supernumerary),27223,27450
1,"National Institute of Technology, Andhra Pradesh","Chemical Engineering (4 Years, Bachelor of Technology)",HS,General,Gender-Neutral,23008,25247
1,"National Institute of Technology, Andhra Pradesh","Chemical Engineering (4 Years, Bachelor of Technology)",HS,General PwD,Gender-Neutral,663,663
1,"National Institute of Technology, Andhra Pradesh","Chemical Engineering (4 Years, Bachelor of Technology)",HS,OBC-NCL,Female-only (including Supernumerary),9736,9736
1,"National Institute of Technology, Andhra Pradesh","Chemical Engineering (4 Years, Bachelor of Technology)",HS,OBC-NCL,Gender-Neutral,7080,7974
1,"National Institute of Technology, Andhra Pradesh","Chemical Engineering (4 Years, Bachelor of Technology)",HS,SC,Gender-Neutral,3372,3939
1,"National Institute of Technology, Andhra Pradesh","Chemical Engineering (4 Years, Bachelor of Technology)",HS,ST,Gender-Neutral,2039,2039
1,"National Institute of Technology, Andhra Pradesh","Chemical Engineering (4 Years, Bachelor of Technology)",OS,General,Female-only (including Supernumerary),26227,26227
1,"National Institute of Technology, Andhra Pradesh","Chemical Engineering (4 Years, Bachelor of Technology)",OS,General,Gender-Neutral,20277,23884
1,"National Institute of Technology, Andhra Pradesh","Chemical Engineering (4 Years, Bachelor of Technology)",OS,OBC-NCL,Gender-Neutral,6461,6802
1,"National Institute of Technology, Andhra Pradesh","Chemical Engineering (4 Years, Bachelor of Technology)",OS,OBC-NCL,Female-only (including Supernumerary),8452,8452
1,"National Institute of Technology, Andhra Pradesh","Chemical Engineering (4 Years, Bachelor of Technology)",OS,OBC-NCL(PwD),Gender-Neutral,362,362
1,"National Institute of Technology, Andhra Pradesh","Chemical Engineering (4 Years, Bachelor of Technology)",OS,SC,Gender-Neutral,4034,4300
1,"National Institute of Technology, Andhra Pradesh","Chemical Engineering (4 Years, Bachelor of Technology)",OS,SC,Female-only (including Supernumerary),5097,5097
1,"National Institute of Technology, Andhra Pradesh","Chemical Engineering (4 Years, Bachelor of Technology)",OS,ST,Gender-Neutral,1931,1931
1,"National Institute of Technology, Andhra Pradesh","Civil Engineering (4 Years, Bachelor of Technology)",HS,General,Gender-Neutral,21087,24891
1,"National Institute of Technology, Andhra Pradesh","Civil Engineering (4 Years, Bachelor of Technology)",HS,General,Female-only (including Supernumerary),20921,24128
1,"National Institute of Technology, Andhra Pradesh","Civil Engineering (4 Years, Bachelor of Technology)",HS,General PwD,Gender-Neutral,566,566
1,"National Institute of Technology, Andhra Pradesh","Civil Engineering (4 Years, Bachelor of Technology)",HS,OBC-NCL,Gender-Neutral,6085,7356
1,"National Institute of Technology, Andhra Pradesh","Civil Engineering (4 Years, Bachelor of Technology)",HS,OBC-NCL,Female-only (including Supernumerary),8357,8678
1,"National Institute of Technology, Andhra Pradesh","Civil Engineering (4 Years, Bachelor of Technology)",HS,OBC-NCL(PwD),Gender-Neutral,325,325
1,"National Institute of Technology, Andhra Pradesh","Civil Engineering (4 Years, Bachelor of Technology)",HS,SC,Gender-Neutral,2209,3602
1,"National Institute of Technology, Andhra Pradesh","Civil Engineering (4 Years, Bachelor of Technology)",HS,SC,Female-only (including Supernumerary),2844,2844
1,"National Institute of Technology, Andhra Pradesh","Civil Engineering (4 Years, Bachelor of Technology)",HS,ST,Gender-Neutral,765,765
1,"National Institute of Technology, Andhra Pradesh","Civil Engineering (4 Years, Bachelor of Technology)",OS,General,Gender-Neutral,18181,24767
1,"National Institute of Technology, Andhra Pradesh","Civil Engineering (4 Years, Bachelor of Technology)",OS,General,Female-only (including Supernumerary),18378,21401
1,"National Institute of Technology, Andhra Pradesh","Civil Engineering (4 Years, Bachelor of Technology)",OS,General PwD,Female-only (including Supernumerary),1247,1247
1,"National Institute of Technology, Andhra Pradesh","Civil Engineering (4 Years, Bachelor of Technology)",OS,OBC-NCL,Female-only (including Supernumerary),7676,7676
1,"National Institute of Technology, Andhra Pradesh","Civil Engineering (4 Years, Bachelor of Technology)",OS,OBC-NCL,Gender-Neutral,5975,7447
1,"National Institute of Technology, Andhra Pradesh","Civil Engineering (4 Years, Bachelor of Technology)",OS,OBC-NCL(PwD),Gender-Neutral,286,286
1,"National Institute of Technology, Andhra Pradesh","Civil Engineering (4 Years, Bachelor of Technology)",OS,SC,Gender-Neutral,2425,3330
1,"National Institute of Technology, Andhra Pradesh","Civil Engineering (4 Years, Bachelor of Technology)",OS,SC,Female-only (including Supernumerary),4627,4627
1,"National Institute of Technology, Andhra Pradesh","Civil Engineering (4 Years, Bachelor of Technology)",OS,ST,Gender-Neutral,1148,1212
1,"National Institute of Technology, Andhra Pradesh","Civil Engineering (4 Years, Bachelor of Technology)",OS,ST,Female-only (including Supernumerary),1865,1865
1,"National Institute of Technology, Andhra Pradesh","Computer Science and Engineering (4 Years, Bachelor of Technology)",HS,General,Gender-Neutral,8877,15100
1,"National Institute of Technology, Andhra Pradesh","Computer Science and Engineering (4 Years, Bachelor of Technology)",HS,General,Female-only (including Supernumerary),12494,15365
1,"National Institute of Technology, Andhra Pradesh","Computer Science and Engineering (4 Years, Bachelor of Technology)",HS,General PwD,Gender-Neutral,93,93
1,"National Institute of Technology, Andhra Pradesh","Computer Science and Engineering (4 Years, Bachelor of Technology)",HS,OBC-NCL,Gender-Neutral,3699,5126
1,"National Institute of Technology, Andhra Pradesh","Computer Science and Engineering (4 Years, Bachelor of Technology)",HS,OBC-NCL,Female-only (including Supernumerary),4035,5429
1,"National Institute of Technology, Andhra Pradesh","Computer Science and Engineering (4 Years, Bachelor of Technology)",HS,SC,Gender-Neutral,946,2252
1,"National Institute of Technology, Andhra Pradesh","Computer Science and Engineering (4 Years, Bachelor of Technology)",HS,SC,Female-only (including Supernumerary),1576,1576
1,"National Institute of Technology, Andhra Pradesh","Computer Science and Engineering (4 Years, Bachelor of Technology)",HS,ST,Gender-Neutral,1032,1243
1,"National Institute of Technology, Andhra Pradesh","Computer Science and Engineering (4 Years, Bachelor of Technology)",HS,ST,Female-only (including Supernumerary),1121,1121
1,"National Institute of Technology, Andhra Pradesh","Computer Science and Engineering (4 Years, Bachelor of Technology)",OS,General,Female-only (including Supernumerary),10766,14661
1,"National Institute of Technology, Andhra Pradesh","Computer Science and Engineering (4 Years, Bachelor of Technology)",OS,General,Gender-Neutral,5213,12784
1,"National Institute of Technology, Andhra Pradesh","Computer Science and Engineering (4 Years, Bachelor of Technology)",OS,General PwD,Gender-Neutral,302,302
1,"National Institute of Technology, Andhra Pradesh","Computer Science and Engineering (4 Years, Bachelor of Technology)",OS,OBC-NCL,Gender-Neutral,2688,4824
1,"National Institute of Technology, Andhra Pradesh","Computer Science and Engineering (4 Years, Bachelor of Technology)",OS,OBC-NCL,Female-only (including Supernumerary),5132,5425
1,"National Institute of Technology, Andhra Pradesh","Computer Science and Engineering (4 Years, Bachelor of Technology)",OS,OBC-NCL(PwD),Gender-Neutral,198,198
1,"National Institute of Technology, Andhra Pradesh","Computer Science and Engineering (4 Years, Bachelor of Technology)",OS,SC,Female-only (including Supernumerary),941,1747
1,"National Institute of Technology, Andhra Pradesh","Computer Science and Engineering (4 Years, Bachelor of Technology)",OS,SC,Gender-Neutral,1831,2420
1,"National Institute of Technology, Andhra Pradesh","Computer Science and Engineering (4 Years, Bachelor of Technology)",OS,ST,Gender-Neutral,333,727
1,"National Institute of Technology, Andhra Pradesh","Computer Science and Engineering (4 Years, Bachelor of Technology)",OS,ST,Female-only (including Supernumerary),1016,1016
1,"National Institute of Technology, Andhra Pradesh","Electrical and Electronics Engineering (4 Years, Bachelor of Technology)",HS,General,Gender-Neutral,18423,22526
1,"National Institute of Technology, Andhra Pradesh","Electrical and Electronics Engineering (4 Years, Bachelor of Technology)",HS,General,Female-only (including Supernumerary),18541,22029
1,"National Institute of Technology, Andhra Pradesh","Electrical and Electronics Engineering (4 Years, Bachelor of Technology)",HS,General PwD,Gender-Neutral,459,459
1,"National Institute of Technology, Andhra Pradesh","Electrical and Electronics Engineering (4 Years, Bachelor of Technology)",HS,OBC-NCL,Female-only (including Supernumerary),5430,6507
1,"National Institute of Technology, Andhra Pradesh","Electrical and Electronics Engineering (4 Years, Bachelor of Technology)",HS,OBC-NCL,Gender-Neutral,5323,6518
1,"National Institute of Technology, Andhra Pradesh","Electrical and Electronics Engineering (4 Years, Bachelor of Technology)",HS,OBC-NCL(PwD),Gender-Neutral,434,434
1,"National Institute of Technology, Andhra Pradesh","Electrical and Electronics Engineering (4 Years, Bachelor of Technology)",HS,SC,Gender-Neutral,2457,3231
1,"National Institute of Technology, Andhra Pradesh","Electrical and Electronics Engineering (4 Years, Bachelor of Technology)",HS,SC,Female-only (including Supernumerary),2958,2958
1,"National Institute of Technology, Andhra Pradesh","Electrical and Electronics Engineering (4 Years, Bachelor of Technology)",HS,ST,Female-only (including Supernumerary),812,812
1,"National Institute of Technology, Andhra Pradesh","Electrical and Electronics Engineering (4 Years, Bachelor of Technology)",HS,ST,Gender-Neutral,1501,1713
1,"National Institute of Technology, Andhra Pradesh","Electrical and Electronics Engineering (4 Years, Bachelor of Technology)",OS,General,Female-only (including Supernumerary),18860,20647
1,"National Institute of Technology, Andhra Pradesh","Electrical and Electronics Engineering (4 Years, Bachelor of Technology)",OS,General,Gender-Neutral,17298,21104
1,"National Institute of Technology, Andhra Pradesh","Electrical and Electronics Engineering (4 Years, Bachelor of Technology)",OS,General PwD,Gender-Neutral,626,626
1,"National Institute of Technology, Andhra Pradesh","Electrical and Electronics Engineering (4 Years, Bachelor of Technology)",OS,OBC-NCL,Gender-Neutral,5335,6863
1,"National Institute of Technology, Andhra Pradesh","Electrical and Electronics Engineering (4 Years, Bachelor of Technology)",OS,OBC-NCL,Female-only (including Supernumerary),6551,6907
1,"National Institute of Technology, Andhra Pradesh","Electrical and Electronics Engineering (4 Years, Bachelor of Technology)",OS,SC,Gender-Neutral,2778,3613
1,"National Institute of Technology, Andhra Pradesh","Electrical and Electronics Engineering (4 Years, Bachelor of Technology)",OS,SC,Female-only (including Supernumerary),3638,4198
1,"National Institute of Technology, Andhra Pradesh","Electrical and Electronics Engineering (4 Years, Bachelor of Technology)",OS,ST,Female-only (including Supernumerary),1378,1378
1,"National Institute of Technology, Andhra Pradesh","Electrical and Electronics Engineering (4 Years, Bachelor of Technology)",OS,ST,Gender-Neutral,1110,1232
1,"National Institute of Technology, Andhra Pradesh","Electronics and Communication Engineering (4 Years, Bachelor of Technology)",HS,General,Female-only (including Supernumerary),16497,18041
1,"National Institute of Technology, Andhra Pradesh","Electronics and Communication Engineering (4 Years, Bachelor of Technology)",HS,General,Gender-Neutral,12819,18398
1,"National Institute of Technology, Andhra Pradesh","Electronics and Communication Engineering (4 Years, Bachelor of Technology)",HS,General PwD,Female-only (including Supernumerary),449,449
1,"National Institute of Technology, Andhra Pradesh","Electronics and Communication Engineering (4 Years, Bachelor of Technology)",HS,General PwD,Gender-Neutral,127,127
1,"National Institute of Technology, Andhra Pradesh","Electronics and Communication Engineering (4 Years, Bachelor of Technology)",HS,OBC-NCL,Female-only (including Supernumerary),5653,6370
1,"National Institute of Technology, Andhra Pradesh","Electronics and Communication Engineering (4 Years, Bachelor of Technology)",HS,OBC-NCL,Gender-Neutral,4084,5729
1,"National Institute of Technology, Andhra Pradesh","Electronics and Communication Engineering (4 Years, Bachelor of Technology)",HS,SC,Female-only (including Supernumerary),1722,1722
1,"National Institute of Technology, Andhra Pradesh","Electronics and Communication Engineering (4 Years, Bachelor of Technology)",HS,SC,Gender-Neutral,2081,2421
1,"National Institute of Technology, Andhra Pradesh","Electronics and Communication Engineering (4 Years, Bachelor of Technology)",HS,ST,Gender-Neutral,1034,1309
1,"National Institute of Technology, Andhra Pradesh","Electronics and Communication Engineering (4 Years, Bachelor of Technology)",HS,ST,Female-only (including Supernumerary),957,957
1,"National Institute of Technology, Andhra Pradesh","Electronics and Communication Engineering (4 Years, Bachelor of Technology)",OS,General,Gender-Neutral,10537,16878
1,"National Institute of Technology, Andhra Pradesh","Electronics and Communication Engineering (4 Years, Bachelor of Technology)",OS,General,Female-only (including Supernumerary),15018,18009
1,"National Institute of Technology, Andhra Pradesh","Electronics and Communication Engineering (4 Years, Bachelor of Technology)",OS,General PwD,Gender-Neutral,420,420
1,"National Institute of Technology, Andhra Pradesh","Electronics and Communication Engineering (4 Years, Bachelor of Technology)",OS,OBC-NCL,Female-only (including Supernumerary),5739,6242
1,"National Institute of Technology, Andhra Pradesh","Electronics and Communication Engineering (4 Years, Bachelor of Technology)",OS,OBC-NCL,Gender-Neutral,4626,5880
1,"National Institute of Technology, Andhra Pradesh","Electronics and Communication Engineering (4 Years, Bachelor of Technology)",OS,SC,Gender-Neutral,2561,2870
1,"National Institute of Technology, Andhra Pradesh","Electronics and Communication Engineering (4 Years, Bachelor of Technology)",OS,SC,Female-only (including Supernumerary),1523,2573
1,"National Institute of Technology, Andhra Pradesh","Electronics and Communication Engineering (4 Years, Bachelor of Technology)",OS,ST,Female-only (including Supernumerary),1759,1759
1,"National Institute of Technology, Andhra Pradesh","Electronics and Communication Engineering (4 Years, Bachelor of Technology)",OS,ST,Gender-Neutral,757,1350
1,"National Institute of Technology, Andhra Pradesh","Mechanical Engineering (4 Years, Bachelor of Technology)",HS,General,Female-only (including Supernumerary),24730,26915
1,"National Institute of Technology, Andhra Pradesh","Mechanical Engineering (4 Years, Bachelor of Technology)",HS,General,Gender-Neutral,18848,23112
1,"National Institute of Technology, Andhra Pradesh","Mechanical Engineering (4 Years, Bachelor of Technology)",HS,OBC-NCL,Female-only (including Supernumerary),7456,8250
1,"National Institute of Technology, Andhra Pradesh","Mechanical Engineering (4 Years, Bachelor of Technology)",HS,OBC-NCL,Gender-Neutral,5455,6547
1,"National Institute of Technology, Andhra Pradesh","Mechanical Engineering (4 Years, Bachelor of Technology)",HS,OBC-NCL(PwD),Gender-Neutral,331,331
1,"National Institute of Technology, Andhra Pradesh","Mechanical Engineering (4 Years, Bachelor of Technology)",HS,SC,Gender-Neutral,2579,3170
1,"National Institute of Technology, Andhra Pradesh","Mechanical Engineering (4 Years, Bachelor of Technology)",HS,SC,Female-only (including Supernumerary),3347,3347
1,"National Institute of Technology, Andhra Pradesh","Mechanical Engineering (4 Years, Bachelor of Technology)",HS,SC PwD,Gender-Neutral,77,77
1,"National Institute of Technology, Andhra Pradesh","Mechanical Engineering (4 Years, Bachelor of Technology)",HS,ST,Gender-Neutral,1226,1340
1,"National Institute of Technology, Andhra Pradesh","Mechanical Engineering (4 Years, Bachelor of Technology)",OS,General,Female-only (including Supernumerary),24620,25742
1,"National Institute of Technology, Andhra Pradesh","Mechanical Engineering (4 Years, Bachelor of Technology)",OS,General,Gender-Neutral,14554,19772
1,"National Institute of Technology, Andhra Pradesh","Mechanical Engineering (4 Years, Bachelor of Technology)",OS,General PwD,Gender-Neutral,434,434
1,"National Institute of Technology, Andhra Pradesh","Mechanical Engineering (4 Years, Bachelor of Technology)",OS,OBC-NCL,Female-only (including Supernumerary),8451,8451
1,"National Institute of Technology, Andhra Pradesh","Mechanical Engineering (4 Years, Bachelor of Technology)",OS,OBC-NCL,Gender-Neutral,4607,6051
1,"National Institute of Technology, Andhra Pradesh","Mechanical Engineering (4 Years, Bachelor of Technology)",OS,SC,Gender-Neutral,2489,3225
1,"National Institute of Technology, Andhra Pradesh","Mechanical Engineering (4 Years, Bachelor of Technology)",OS,SC,Female-only (including Supernumerary),3874,3874
1,"National Institute of Technology, Andhra Pradesh","Mechanical Engineering (4 Years, Bachelor of Technology)",OS,ST,Gender-Neutral,1384,1471
1,"National Institute of Technology, Andhra Pradesh","Mechanical Engineering (4 Years, Bachelor of Technology)",OS,ST,Female-only (including Supernumerary),2147,2147
1,"National Institute of Technology, Andhra Pradesh","Metallurgical and Materials Engineering (4 Years, Bachelor of Technology)",HS,General,Female-only (including Supernumerary),28097,29051
1,"National Institute of Technology, Andhra Pradesh","Metallurgical and Materials Engineering (4 Years, Bachelor of Technology)",HS,General,Gender-Neutral,28170,30869
1,"National Institute of Technology, Andhra Pradesh","Metallurgical and Materials Engineering (4 Years, Bachelor of Technology)",HS,OBC-NCL,Gender-Neutral,8288,9038
1,"National Institute of Technology, Andhra Pradesh","Metallurgical and Materials Engineering (4 Years, Bachelor of Technology)",HS,OBC-NCL,Female-only (including Supernumerary),9762,9762
1,"National Institute of Technology, Andhra Pradesh","Metallurgical and Materials Engineering (4 Years, Bachelor of Technology)",HS,SC,Gender-Neutral,3687,3817
1,"National Institute of Technology, Andhra Pradesh","Metallurgical and Materials Engineering (4 Years, Bachelor of Technology)",HS,ST,Gender-Neutral,2512,2512
1,"National Institute of Technology, Andhra Pradesh","Metallurgical and Materials Engineering (4 Years, Bachelor of Technology)",OS,General,Female-only (including Supernumerary),15133,15133
1,"National Institute of Technology, Andhra Pradesh","Metallurgical and Materials Engineering (4 Years, Bachelor of Technology)",OS,General,Gender-Neutral,21074,27307
1,"National Institute of Technology, Andhra Pradesh","Metallurgical and Materials Engineering (4 Years, Bachelor of Technology)",OS,OBC-NCL,Female-only (including Supernumerary),9466,9466
1,"National Institute of Technology, Andhra Pradesh","Metallurgical and Materials Engineering (4 Years, Bachelor of Technology)",OS,OBC-NCL,Gender-Neutral,8369,9161
1,"National Institute of Technology, Andhra Pradesh","Metallurgical and Materials Engineering (4 Years, Bachelor of Technology)",OS,SC,Gender-Neutral,3937,3937
1,"National Institute of Technology, Andhra Pradesh","Metallurgical and Materials Engineering (4 Years, Bachelor of Technology)",OS,SC,Female-only (including Supernumerary),5933,5933
1,"National Institute of Technology, Andhra Pradesh","Metallurgical and Materials Engineering (4 Years, Bachelor of Technology)",OS,ST,Gender-Neutral,1992,1992
1,Atal Bihari Vajpayee Indian Institute of Information Technology & Management Gwalior,"Computer Science and Engineering (4 Years, Bachelor of Technology)",AI,General,Gender-Neutral,3038,9351
1,Atal Bihari Vajpayee Indian Institute of Information Technology & Management Gwalior,"Computer Science and Engineering (4 Years, Bachelor of Technology)",AI,General,Female-only (including Supernumerary),9833,11208
1,Atal Bihari Vajpayee Indian Institute of Information Technology & Management Gwalior,"Computer Science and Engineering (4 Years, Bachelor of Technology)",AI,General PwD,Gender-Neutral,137,137
1,Atal Bihari Vajpayee Indian Institute of Information Technology & Management Gwalior,"Computer Science and Engineering (4 Years, Bachelor of Technology)",AI,OBC-NCL,Gender-Neutral,2692,3547
1,Atal Bihari Vajpayee Indian Institute of Information Technology & Management Gwalior,"Computer Science and Engineering (4 Years, Bachelor of Technology)",AI,OBC-NCL,Female-only (including Supernumerary),5483,5730
1,Atal Bihari Vajpayee Indian Institute of Information Technology & Management Gwalior,"Computer Science and Engineering (4 Years, Bachelor of Technology)",AI,OBC-NCL(PwD),Gender-Neutral,227,227
1,Atal Bihari Vajpayee Indian Institute of Information Technology & Management Gwalior,"Computer Science and Engineering (4 Years, Bachelor of Technology)",AI,SC,Gender-Neutral,328,2263
1,Atal Bihari Vajpayee Indian Institute of Information Technology & Management Gwalior,"Computer Science and Engineering (4 Years, Bachelor of Technology)",AI,SC,Female-only (including Supernumerary),3252,3252
1,Atal Bihari Vajpayee Indian Institute of Information Technology & Management Gwalior,"Computer Science and Engineering (4 Years, Bachelor of Technology)",AI,ST,Gender-Neutral,585,1788
1,Atal Bihari Vajpayee Indian Institute of Information Technology & Management Gwalior,"Computer Science and Engineering (4 Years, Bachelor of Technology)",AI,ST,Female-only (including Supernumerary),3346,3346
1,Atal Bihari Vajpayee Indian Institute of Information Technology & Management Gwalior,"Integrated B. Tech.(IT) and M. Tech (IT) (5 Years, Integrated B. Tech. and M. Tech. /MBA)",AI,General,Gender-Neutral,10024,14469
1,Atal Bihari Vajpayee Indian Institute of Information Technology & Management Gwalior,"Integrated B. Tech.(IT) and M. Tech (IT) (5 Years, Integrated B. Tech. and M. Tech. /MBA)",AI,General,Female-only (including Supernumerary),15592,19792
1,Atal Bihari Vajpayee Indian Institute of Information Technology & Management Gwalior,"Integrated B. Tech.(IT) and M. Tech (IT) (5 Years, Integrated B. Tech. and M. Tech. /MBA)",AI,General PwD,Gender-Neutral,1300,1397
1,Atal Bihari Vajpayee Indian Institute of Information Technology & Management Gwalior,"Integrated B. Tech.(IT) and M. Tech (IT) (5 Years, Integrated B. Tech. and M. Tech. /MBA)",AI,OBC-NCL,Female-only (including Supernumerary),7414,9454
1,Atal Bihari Vajpayee Indian Institute of Information Technology & Management Gwalior,"Integrated B. Tech.(IT) and M. Tech (IT) (5 Years, Integrated B. Tech. and M. Tech. /MBA)",AI,OBC-NCL,Gender-Neutral,4247,6870
1,Atal Bihari Vajpayee Indian Institute of Information Technology & Management Gwalior,"Integrated B. Tech.(IT) and M. Tech (IT) (5 Years, Integrated B. Tech. and M. Tech. /MBA)",AI,OBC-NCL(PwD),Gender-Neutral,755,885
1,Atal Bihari Vajpayee Indian Institute of Information Technology & Management Gwalior,"Integrated B. Tech.(IT) and M. Tech (IT) (5 Years, Integrated B. Tech. and M. Tech. /MBA)",AI,SC,Female-only (including Supernumerary),4822,4944
1,Atal Bihari Vajpayee Indian Institute of Information Technology & Management Gwalior,"Integrated B. Tech.(IT) and M. Tech (IT) (5 Years, Integrated B. Tech. and M. Tech. /MBA)",AI,SC,Gender-Neutral,2698,4714
1,Atal Bihari Vajpayee Indian Institute of Information Technology & Management Gwalior,"Integrated B. Tech.(IT) and M. Tech (IT) (5 Years, Integrated B. Tech. and M. Tech. /MBA)",AI,ST,Female-only (including Supernumerary),4524,4524
1,Atal Bihari Vajpayee Indian Institute of Information Technology & Management Gwalior,"Integrated B. Tech.(IT) and M. Tech (IT) (5 Years, Integrated B. Tech. and M. Tech. /MBA)",AI,ST,Gender-Neutral,2140,3950
1,Atal Bihari Vajpayee Indian Institute of Information Technology & Management Gwalior,"Integrated B. Tech.(IT) and MBA (5 Years, Integrated B. Tech. and M. Tech. /MBA)",AI,General,Gender-Neutral,11560,18343
1,Atal Bihari Vajpayee Indian Institute of Information Technology & Management Gwalior,"Integrated B. Tech.(IT) and MBA (5 Years, Integrated B. Tech. and M. Tech. /MBA)",AI,General,Female-only (including Supernumerary),16440,20976
1,Atal Bihari Vajpayee Indian Institute of Information Technology & Management Gwalior,"Integrated B. Tech.(IT) and MBA (5 Years, Integrated B. Tech. and M. Tech. /MBA)",AI,General PwD,Gender-Neutral,1186,1186
1,Atal Bihari Vajpayee Indian Institute of Information Technology & Management Gwalior,"Integrated B. Tech.(IT) and MBA (5 Years, Integrated B. Tech. and M. Tech. /MBA)",AI,OBC-NCL,Gender-Neutral,4575,8277
1,Atal Bihari Vajpayee Indian Institute of Information Technology & Management Gwalior,"Integrated B. Tech.(IT) and MBA (5 Years, Integrated B. Tech. and M. Tech. /MBA)",AI,OBC-NCL,Female-only (including Supernumerary),11512,11849
1,Atal Bihari Vajpayee Indian Institute of Information Technology & Management Gwalior,"Integrated B. Tech.(IT) and MBA (5 Years, Integrated B. Tech. and M. Tech. /MBA)",AI,OBC-NCL(PwD),Gender-Neutral,666,666
1,Atal Bihari Vajpayee Indian Institute of Information Technology & Management Gwalior,"Integrated B. Tech.(IT) and MBA (5 Years, Integrated B. Tech. and M. Tech. /MBA)",AI,SC,Female-only (including Supernumerary),5750,5750
1,Atal Bihari Vajpayee Indian Institute of Information Technology & Management Gwalior,"Integrated B. Tech.(IT) and MBA (5 Years, Integrated B. Tech. and M. Tech. /MBA)",AI,SC,Gender-Neutral,1850,5342
1,Atal Bihari Vajpayee Indian Institute of Information Technology & Management Gwalior,"Integrated B. Tech.(IT) and MBA (5 Years, Integrated B. Tech. and M. Tech. /MBA)",AI,ST,Gender-Neutral,2558,3983
1,Atal Bihari Vajpayee Indian Institute of Information Technology & Management Gwalior,"Integrated B. Tech.(IT) and MBA (5 Years, Integrated B. Tech. and M. Tech. /MBA)",AI,ST,Female-only (including Supernumerary),4721,4721
1,"Indian Institute of Information Technology (IIIT)Kota, Rajasthan","Computer Science and Engineering (4 Years, Bachelor of Technology)",AI,General,Gender-Neutral,7425,18663
1,"Indian Institute of Information Technology (IIIT)Kota, Rajasthan","Computer Science and Engineering (4 Years, Bachelor of Technology)",AI,General PwD,Gender-Neutral,678,817
1,"Indian Institute of Information Technology (IIIT)Kota, Rajasthan","Computer Science and Engineering (4 Years, Bachelor of Technology)",AI,OBC-NCL,Gender-Neutral,4579,8052
1,"Indian Institute of Information Technology (IIIT)Kota, Rajasthan","Computer Science and Engineering (4 Years, Bachelor of Technology)",AI,OBC-NCL(PwD),Gender-Neutral,305,445
1,"Indian Institute of Information Technology (IIIT)Kota, Rajasthan","Computer Science and Engineering (4 Years, Bachelor of Technology)",AI,SC,Gender-Neutral,2752,4278
1,"Indian Institute of Information Technology (IIIT)Kota, Rajasthan","Computer Science and Engineering (4 Years, Bachelor of Technology)",AI,SC PwD,Gender-Neutral,127,127
1,"Indian Institute of Information Technology (IIIT)Kota, Rajasthan","Computer Science and Engineering (4 Years, Bachelor of Technology)",AI,ST,Gender-Neutral,676,2378
1,"Indian Institute of Information Technology (IIIT)Kota, Rajasthan","Electronics and Communication Engineering (4 Years, Bachelor of Technology)",AI,General,Gender-Neutral,18810,23349
1,"Indian Institute of Information Technology (IIIT)Kota, Rajasthan","Electronics and Communication Engineering (4 Years, Bachelor of Technology)",AI,General PwD,Gender-Neutral,991,1122
1,"Indian Institute of Information Technology (IIIT)Kota, Rajasthan","Electronics and Communication Engineering (4 Years, Bachelor of Technology)",AI,OBC-NCL,Gender-Neutral,8065,9470
1,"Indian Institute of Information Technology (IIIT)Kota, Rajasthan","Electronics and Communication Engineering (4 Years, Bachelor of Technology)",AI,OBC-NCL(PwD),Gender-Neutral,630,630
1,"Indian Institute of Information Technology (IIIT)Kota, Rajasthan","Electronics and Communication Engineering (4 Years, Bachelor of Technology)",AI,SC,Gender-Neutral,3325,4998
1,"Indian Institute of Information Technology (IIIT)Kota, Rajasthan","Electronics and Communication Engineering (4 Years, Bachelor of Technology)",AI,ST,Gender-Neutral,1896,2501
1,Indian Institute of Information Technology Guwahati,"Computer Science and Engineering (4 Years, Bachelor of Technology)",AI,General,Gender-Neutral,1510,18841
1,Indian Institute of Information Technology Guwahati,"Computer Science and Engineering (4 Years, Bachelor of Technology)",AI,General PwD,Gender-Neutral,512,606
1,Indian Institute of Information Technology Guwahati,"Computer Science and Engineering (4 Years, Bachelor of Technology)",AI,OBC-NCL,Gender-Neutral,4531,7863
1,Indian Institute of Information Technology Guwahati,"Computer Science and Engineering (4 Years, Bachelor of Technology)",AI,OBC-NCL(PwD),Gender-Neutral,560,594
1,Indian Institute of Information Technology Guwahati,"Computer Science and Engineering (4 Years, Bachelor of Technology)",AI,SC,Gender-Neutral,1145,4436
1,Indian Institute of Information Technology Guwahati,"Computer Science and Engineering (4 Years, Bachelor of Technology)",AI,SC PwD,Gender-Neutral,137,137
1,Indian Institute of Information Technology Guwahati,"Computer Science and Engineering (4 Years, Bachelor of Technology)",AI,ST,Gender-Neutral,601,2667
1,Indian Institute of Information Technology Guwahati,"Electronics and Communication Engineering (4 Years, Bachelor of Technology)",AI,General,Gender-Neutral,11687,24147
1,Indian Institute of Information Technology Guwahati,"Electronics and Communication Engineering (4 Years, Bachelor of Technology)",AI,General PwD,Gender-Neutral,1150,1382
1,Indian Institute of Information Technology Guwahati,"Electronics and Communication Engineering (4 Years, Bachelor of Technology)",AI,OBC-NCL,Gender-Neutral,6631,9264
1,Indian Institute of Information Technology Guwahati,"Electronics and Communication Engineering (4 Years, Bachelor of Technology)",AI,OBC-NCL(PwD),Gender-Neutral,716,716
1,Indian Institute of Information Technology Guwahati,"Electronics and Communication Engineering (4 Years, Bachelor of Technology)",AI,SC,Gender-Neutral,543,5616
1,Indian Institute of Information Technology Guwahati,"Electronics and Communication Engineering (4 Years, Bachelor of Technology)",AI,ST,Gender-Neutral,387,3105
1,"Indian Institute of Information Technology(IIIT) Kalyani, West Bengal","Computer Science and Engineering (4 Years, Bachelor of Technology)",AI,General,Gender-Neutral,18101,25018
1,"Indian Institute of Information Technology(IIIT) Kalyani, West Bengal","Computer Science and Engineering (4 Years, Bachelor of Technology)",AI,General PwD,Gender-Neutral,861,965
1,"Indian Institute of Information Technology(IIIT) Kalyani, West Bengal","Computer Science and Engineering (4 Years, Bachelor of Technology)",AI,OBC-NCL,Gender-Neutral,6021,9665
1,"Indian Institute of Information Technology(IIIT) Kalyani, West Bengal","Computer Science and Engineering (4 Years, Bachelor of Technology)",AI,OBC-NCL(PwD),Gender-Neutral,448,487
1,"Indian Institute of Information Technology(IIIT) Kalyani, West Bengal","Computer Science and Engineering (4 Years, Bachelor of Technology)",AI,SC,Gender-Neutral,2199,5081
1,"Indian Institute of Information Technology(IIIT) Kalyani, West Bengal","Computer Science and Engineering (4 Years, Bachelor of Technology)",AI,ST,Gender-Neutral,2352,3081
1,"Indian Institute of Information Technology(IIIT) Kilohrad, Sonepat, Haryana","Computer Science and Engineering (4 Years, Bachelor of Technology)",AI,General,Gender-Neutral,12228,17084
1,"Indian Institute of Information Technology(IIIT) Kilohrad, Sonepat, Haryana","Computer Science and Engineering (4 Years, Bachelor of Technology)",AI,General PwD,Gender-Neutral,714,714
1,"Indian Institute of Information Technology(IIIT) Kilohrad, Sonepat, Haryana","Computer Science and Engineering (4 Years, Bachelor of Technology)",AI,OBC-NCL,Gender-Neutral,4220,7300
1,"Indian Institute of Information Technology(IIIT) Kilohrad, Sonepat, Haryana","Computer Science and Engineering (4 Years, Bachelor of Technology)",AI,OBC-NCL(PwD),Gender-Neutral,647,647
1,"Indian Institute of Information Technology(IIIT) Kilohrad, Sonepat, Haryana","Computer Science and Engineering (4 Years, Bachelor of Technology)",AI,SC,Gender-Neutral,2464,3982
1,"Indian Institute of Information Technology(IIIT) Kilohrad, Sonepat, Haryana","Computer Science and Engineering (4 Years, Bachelor of Technology)",AI,ST,Gender-Neutral,2649,2665
1,"Indian Institute of Information Technology(IIIT) Kilohrad, Sonepat, Haryana","Electronics and Communication Engineering (4 Years, Bachelor of Technology)",AI,General,Gender-Neutral,19630,24438
1,"Indian Institute of Information Technology(IIIT) Kilohrad, Sonepat, Haryana","Electronics and Communication Engineering (4 Years, Bachelor of Technology)",AI,General PwD,Gender-Neutral,1428,1428
1,"Indian Institute of Information Technology(IIIT) Kilohrad, Sonepat, Haryana","Electronics and Communication Engineering (4 Years, Bachelor of Technology)",AI,OBC-NCL,Gender-Neutral,7617,9231
1,"Indian Institute of Information Technology(IIIT) Kilohrad, Sonepat, Haryana","Electronics and Communication Engineering (4 Years, Bachelor of Technology)",AI,SC,Gender-Neutral,4030,5545
1,"Indian Institute of Information Technology(IIIT) Kilohrad, Sonepat, Haryana","Electronics and Communication Engineering (4 Years, Bachelor of Technology)",AI,ST,Gender-Neutral,2647,2724
1,"Indian Institute of Information Technology(IIIT) Kilohrad, Sonepat, Haryana","Information Technology (4 Years, Bachelor of Technology)",AI,General,Gender-Neutral,17476,20495
1,"Indian Institute of Information Technology(IIIT) Kilohrad, Sonepat, Haryana","Information Technology (4 Years, Bachelor of Technology)",AI,General PwD,Gender-Neutral,1332,1332
1,"Indian Institute of Information Technology(IIIT) Kilohrad, Sonepat, Haryana","Information Technology (4 Years, Bachelor of Technology)",AI,OBC-NCL,Gender-Neutral,7943,9574
1,"Indian Institute of Information Technology(IIIT) Kilohrad, Sonepat, Haryana","Information Technology (4 Years, Bachelor of Technology)",AI,SC,Gender-Neutral,4544,5503
1,"Indian Institute of Information Technology(IIIT) Kilohrad, Sonepat, Haryana","Information Technology (4 Years, Bachelor of Technology)",AI,ST,Gender-Neutral,2963,3260
1,"Indian Institute of Information Technology(IIIT) Una, Himachal Pradesh","Computer Science and Engineering (4 Years, Bachelor of Technology)",AI,General,Gender-Neutral,14422,22044
1,"Indian Institute of Information Technology(IIIT) Una, Himachal Pradesh","Computer Science and Engineering (4 Years, Bachelor of Technology)",AI,General PwD,Gender-Neutral,905,905
1,"Indian Institute of Information Technology(IIIT) Una, Himachal Pradesh","Computer Science and Engineering (4 Years, Bachelor of Technology)",AI,OBC-NCL,Gender-Neutral,6706,9539
1,"Indian Institute of Information Technology(IIIT) Una, Himachal Pradesh","Computer Science and Engineering (4 Years, Bachelor of Technology)",AI,OBC-NCL(PwD),Gender-Neutral,699,699
1,"Indian Institute of Information Technology(IIIT) Una, Himachal Pradesh","Computer Science and Engineering (4 Years, Bachelor of Technology)",AI,SC,Gender-Neutral,3955,5571
1,"Indian Institute of Information Technology(IIIT) Una, Himachal Pradesh","Computer Science and Engineering (4 Years, Bachelor of Technology)",AI,ST,Gender-Neutral,2509,3047
1,"Indian Institute of Information Technology(IIIT) Una, Himachal Pradesh","Electronics and Communication Engineering (4 Years, Bachelor of Technology)",AI,General,Gender-Neutral,23012,27635
1,"Indian Institute of Information Technology(IIIT) Una, Himachal Pradesh","Electronics and Communication Engineering (4 Years, Bachelor of Technology)",AI,General PwD,Gender-Neutral,1383,1501
1,"Indian Institute of Information Technology(IIIT) Una, Himachal Pradesh","Electronics and Communication Engineering (4 Years, Bachelor of Technology)",AI,OBC-NCL,Gender-Neutral,9684,10363
1,"Indian Institute of Information Technology(IIIT) Una, Himachal Pradesh","Electronics and Communication Engineering (4 Years, Bachelor of Technology)",AI,SC,Gender-Neutral,5637,6213
1,"Indian Institute of Information Technology(IIIT) Una, Himachal Pradesh","Electronics and Communication Engineering (4 Years, Bachelor of Technology)",AI,ST,Gender-Neutral,3147,3526
1,"Indian Institute of Information Technology(IIIT) Una, Himachal Pradesh","Information Technology (4 Years, Bachelor of Technology)",AI,General,Gender-Neutral,20421,25580
1,"Indian Institute of Information Technology(IIIT) Una, Himachal Pradesh","Information Technology (4 Years, Bachelor of Technology)",AI,General PwD,Gender-Neutral,1367,1367
1,"Indian Institute of Information Technology(IIIT) Una, Himachal Pradesh","Information Technology (4 Years, Bachelor of Technology)",AI,OBC-NCL,Gender-Neutral,9564,10441
1,"Indian Institute of Information Technology(IIIT) Una, Himachal Pradesh","Information Technology (4 Years, Bachelor of Technology)",AI,OBC-NCL(PwD),Gender-Neutral,715,715
1,"Indian Institute of Information Technology(IIIT) Una, Himachal Pradesh","Information Technology (4 Years, Bachelor of Technology)",AI,SC,Gender-Neutral,6000,6400
1,"Indian Institute of Information Technology(IIIT) Una, Himachal Pradesh","Information Technology (4 Years, Bachelor of Technology)",AI,ST,Gender-Neutral,3996,4097
1,"Indian Institute of Information Technology (IIIT), Sri City, Chittoor","Computer Science and Engineering (4 Years, Bachelor of Technology)",AI,General,Gender-Neutral,6626,18485
1,"Indian Institute of Information Technology (IIIT), Sri City, Chittoor","Computer Science and Engineering (4 Years, Bachelor of Technology)",AI,General PwD,Gender-Neutral,329,842
1,"Indian Institute of Information Technology (IIIT), Sri City, Chittoor","Computer Science and Engineering (4 Years, Bachelor of Technology)",AI,OBC-NCL,Gender-Neutral,4350,7847
1,"Indian Institute of Information Technology (IIIT), Sri City, Chittoor","Computer Science and Engineering (4 Years, Bachelor of Technology)",AI,OBC-NCL(PwD),Gender-Neutral,314,413
1,"Indian Institute of Information Technology (IIIT), Sri City, Chittoor","Computer Science and Engineering (4 Years, Bachelor of Technology)",AI,SC,Gender-Neutral,2185,5491
1,"Indian Institute of Information Technology (IIIT), Sri City, Chittoor","Computer Science and Engineering (4 Years, Bachelor of Technology)",AI,ST,Gender-Neutral,533,2787
1,"Indian Institute of Information Technology (IIIT), Sri City, Chittoor","Electronics and Communication Engineering (4 Years, Bachelor of Technology)",AI,General,Gender-Neutral,16129,22043
1,"Indian Institute of Information Technology (IIIT), Sri City, Chittoor","Electronics and Communication Engineering (4 Years, Bachelor of Technology)",AI,General PwD,Gender-Neutral,1036,1055
1,"Indian Institute of Information Technology (IIIT), Sri City, Chittoor","Electronics and Communication Engineering (4 Years, Bachelor of Technology)",AI,OBC-NCL,Gender-Neutral,7506,8533
1,"Indian Institute of Information Technology (IIIT), Sri City, Chittoor","Electronics and Communication Engineering (4 Years, Bachelor of Technology)",AI,OBC-NCL(PwD),Gender-Neutral,649,649
1,"Indian Institute of Information Technology (IIIT), Sri City, Chittoor","Electronics and Communication Engineering (4 Years, Bachelor of Technology)",AI,SC,Gender-Neutral,4143,5628
1,"Indian Institute of Information Technology (IIIT), Sri City, Chittoor","Electronics and Communication Engineering (4 Years, Bachelor of Technology)",AI,ST,Gender-Neutral,1412,2893
1,"Indian Institute of Information Technology(IIIT), Vadodara, Gujrat","Computer Science and Engineering (4 Years, Bachelor of Technology)",AI,General,Gender-Neutral,3616,21133
1,"Indian Institute of Information Technology(IIIT), Vadodara, Gujrat","Computer Science and Engineering (4 Years, Bachelor of Technology)",AI,General PwD,Gender-Neutral,340,896
1,"Indian Institute of Information Technology(IIIT), Vadodara, Gujrat","Computer Science and Engineering (4 Years, Bachelor of Technology)",AI,OBC-NCL,Gender-Neutral,5547,8998
1,"Indian Institute of Information Technology(IIIT), Vadodara, Gujrat","Computer Science and Engineering (4 Years, Bachelor of Technology)",AI,OBC-NCL(PwD),Gender-Neutral,638,656
1,"Indian Institute of Information Technology(IIIT), Vadodara, Gujrat","Computer Science and Engineering (4 Years, Bachelor of Technology)",AI,SC,Gender-Neutral,487,5648
1,"Indian Institute of Information Technology(IIIT), Vadodara, Gujrat","Computer Science and Engineering (4 Years, Bachelor of Technology)",AI,SC PwD,Gender-Neutral,219,219
1,"Indian Institute of Information Technology(IIIT), Vadodara, Gujrat","Computer Science and Engineering (4 Years, Bachelor of Technology)",AI,ST,Gender-Neutral,876,3094
1,"Indian Institute of Information Technology(IIIT), Vadodara, Gujrat","Information Technology (4 Years, Bachelor of Technology)",AI,General,Gender-Neutral,15179,23392
1,"Indian Institute of Information Technology(IIIT), Vadodara, Gujrat","Information Technology (4 Years, Bachelor of Technology)",AI,General PwD,Gender-Neutral,1114,1114
1,"Indian Institute of Information Technology(IIIT), Vadodara, Gujrat","Information Technology (4 Years, Bachelor of Technology)",AI,OBC-NCL,Gender-Neutral,5613,9661
1,"Indian Institute of Information Technology(IIIT), Vadodara, Gujrat","Information Technology (4 Years, Bachelor of Technology)",AI,OBC-NCL(PwD),Gender-Neutral,695,695
1,"Indian Institute of Information Technology(IIIT), Vadodara, Gujrat","Information Technology (4 Years, Bachelor of Technology)",AI,SC,Gender-Neutral,2533,5930
1,"Indian Institute of Information Technology(IIIT), Vadodara, Gujrat","Information Technology (4 Years, Bachelor of Technology)",AI,ST,Gender-Neutral,3125,3387
1,"Indian Institute of Information Technology, Allahabad","Electronics and Communication Engineering (4 Years, Bachelor of Technology)",AI,General,Female-only (including Supernumerary),7712,10931
1,"Indian Institute of Information Technology, Allahabad","Electronics and Communication Engineering (4 Years, Bachelor of Technology)",AI,General,Gender-Neutral,4875,8172
1,"Indian Institute of Information Technology, Allahabad","Electronics and Communication Engineering (4 Years, Bachelor of Technology)",AI,General PwD,Gender-Neutral,325,584
1,"Indian Institute of Information Technology, Allahabad","Electronics and Communication Engineering (4 Years, Bachelor of Technology)",AI,OBC-NCL,Gender-Neutral,2507,3695
1,"Indian Institute of Information Technology, Allahabad","Electronics and Communication Engineering (4 Years, Bachelor of Technology)",AI,OBC-NCL,Female-only (including Supernumerary),5590,6799
1,"Indian Institute of Information Technology, Allahabad","Electronics and Communication Engineering (4 Years, Bachelor of Technology)",AI,OBC-NCL(PwD),Gender-Neutral,388,388
1,"Indian Institute of Information Technology, Allahabad","Electronics and Communication Engineering (4 Years, Bachelor of Technology)",AI,SC,Female-only (including Supernumerary),3272,3810
1,"Indian Institute of Information Technology, Allahabad","Electronics and Communication Engineering (4 Years, Bachelor of Technology)",AI,SC,Gender-Neutral,1607,2529
1,"Indian Institute of Information Technology, Allahabad","Electronics and Communication Engineering (4 Years, Bachelor of Technology)",AI,SC PwD,Gender-Neutral,204,204
1,"Indian Institute of Information Technology, Allahabad","Electronics and Communication Engineering (4 Years, Bachelor of Technology)",AI,ST,Female-only (including Supernumerary),1863,1863
1,"Indian Institute of Information Technology, Allahabad","Electronics and Communication Engineering (4 Years, Bachelor of Technology)",AI,ST,Gender-Neutral,620,1711
1,"Indian Institute of Information Technology, Allahabad","Information Technology (4 Years, Bachelor of Technology)",AI,General,Gender-Neutral,1285,4735
1,"Indian Institute of Information Technology, Allahabad","Information Technology (4 Years, Bachelor of Technology)",AI,General,Female-only (including Supernumerary),3812,7549
1,"Indian Institute of Information Technology, Allahabad","Information Technology (4 Years, Bachelor of Technology)",AI,General PwD,Female-only (including Supernumerary),351,351
1,"Indian Institute of Information Technology, Allahabad","Information Technology (4 Years, Bachelor of Technology)",AI,General PwD,Gender-Neutral,94,260
1,"Indian Institute of Information Technology, Allahabad","Information Technology (4 Years, Bachelor of Technology)",AI,OBC-NCL,Female-only (including Supernumerary),2656,4864
1,"Indian Institute of Information Technology, Allahabad","Information Technology (4 Years, Bachelor of Technology)",AI,OBC-NCL,Gender-Neutral,1011,2361
1,"Indian Institute of Information Technology, Allahabad","Information Technology (4 Years, Bachelor of Technology)",AI,OBC-NCL(PwD),Gender-Neutral,81,94
1,"Indian Institute of Information Technology, Allahabad","Information Technology (4 Years, Bachelor of Technology)",AI,OBC-NCL(PwD),Female-only (including Supernumerary),632,632
1,"Indian Institute of Information Technology, Allahabad","Information Technology (4 Years, Bachelor of Technology)",AI,SC,Gender-Neutral,349,1585
1,"Indian Institute of Information Technology, Allahabad","Information Technology (4 Years, Bachelor of Technology)",AI,SC,Female-only (including Supernumerary),1666,3209
1,"Indian Institute of Information Technology, Allahabad","Information Technology (4 Years, Bachelor of Technology)",AI,ST,Female-only (including Supernumerary),1156,1816
1,"Indian Institute of Information Technology, Allahabad","Information Technology (4 Years, Bachelor of Technology)",AI,ST,Gender-Neutral,346,1199
1,"Indian Institute of Information Technology, Design & Manufacturing, Kancheepuram","B. Tech. Computer Science and Engineering and M. Tech. Computer Science and Engineering with specialization in Systems Design (5 Years, Bachelor and Master of Technology (Dual Degree))",AI,General,Gender-Neutral,13891,20652
1,"Indian Institute of Information Technology, Design & Manufacturing, Kancheepuram","B. Tech. Computer Science and Engineering and M. Tech. Computer Science and Engineering with specialization in Systems Design (5 Years, Bachelor and Master of Technology (Dual Degree))",AI,General PwD,Gender-Neutral,1112,1262
1,"Indian Institute of Information Technology, Design & Manufacturing, Kancheepuram","B. Tech. Computer Science and Engineering and M. Tech. Computer Science and Engineering with specialization in Systems Design (5 Years, Bachelor and Master of Technology (Dual Degree))",AI,OBC-NCL,Gender-Neutral,5449,7643
1,"Indian Institute of Information Technology, Design & Manufacturing, Kancheepuram","B. Tech. Computer Science and Engineering and M. Tech. Computer Science and Engineering with specialization in Systems Design (5 Years, Bachelor and Master of Technology (Dual Degree))",AI,SC,Gender-Neutral,2218,5343
1,"Indian Institute of Information Technology, Design & Manufacturing, Kancheepuram","B. Tech. Computer Science and Engineering and M. Tech. Computer Science and Engineering with specialization in Systems Design (5 Years, Bachelor and Master of Technology (Dual Degree))",AI,ST,Gender-Neutral,2624,3380
1,"Indian Institute of Information Technology, Design & Manufacturing, Kancheepuram","B. Tech. Computer Science and Engineering and M. Tech. Computer Science and Engineering with specialization in Systems Design (5 Years, Bachelor and Master of Technology (Dual Degree))",AI,ST PwD,Gender-Neutral,54,54
1,"Indian Institute of Information Technology, Design & Manufacturing, Kancheepuram","B. Tech. Electronics and Communication Engineering and M. Tech. Electronics and Communication Engineering with specialization in Communication Systems Design (5 Years, Bachelor and Master of Technology (Dual Degree))",AI,General,Gender-Neutral,14649,23892
1,"Indian Institute of Information Technology, Design & Manufacturing, Kancheepuram","B. Tech. Electronics and Communication Engineering and M. Tech. Electronics and Communication Engineering with specialization in Communication Systems Design (5 Years, Bachelor and Master of Technology (Dual Degree))",AI,General PwD,Gender-Neutral,1358,1358
1,"Indian Institute of Information Technology, Design & Manufacturing, Kancheepuram","B. Tech. Electronics and Communication Engineering and M. Tech. Electronics and Communication Engineering with specialization in Communication Systems Design (5 Years, Bachelor and Master of Technology (Dual Degree))",AI,OBC-NCL,Gender-Neutral,7558,8447
1,"Indian Institute of Information Technology, Design & Manufacturing, Kancheepuram","B. Tech. Electronics and Communication Engineering and M. Tech. Electronics and Communication Engineering with specialization in Communication Systems Design (5 Years, Bachelor and Master of Technology (Dual Degree))",AI,OBC-NCL(PwD),Gender-Neutral,780,780
1,"Indian Institute of Information Technology, Design & Manufacturing, Kancheepuram","B. Tech. Electronics and Communication Engineering and M. Tech. Electronics and Communication Engineering with specialization in Communication Systems Design (5 Years, Bachelor and Master of Technology (Dual Degree))",AI,SC,Gender-Neutral,4536,5668
1,"Indian Institute of Information Technology, Design & Manufacturing, Kancheepuram","B. Tech. Electronics and Communication Engineering and M. Tech. Electronics and Communication Engineering with specialization in Communication Systems Design (5 Years, Bachelor and Master of Technology (Dual Degree))",AI,ST,Gender-Neutral,3571,3610
1,"Indian Institute of Information Technology, Design & Manufacturing, Kancheepuram","B. Tech. Electronics and Communication Engineering and M. Tech. Electronics and Communication Engineering with specialization in VLSI Design (5 Years, Bachelor and Master of Technology (Dual Degree))",AI,General,Gender-Neutral,19516,24326
1,"Indian Institute of Information Technology, Design & Manufacturing, Kancheepuram","B. Tech. Electronics and Communication Engineering and M. Tech. Electronics and Communication Engineering with specialization in VLSI Design (5 Years, Bachelor and Master of Technology (Dual Degree))",AI,General PwD,Gender-Neutral,1490,1490
1,"Indian Institute of Information Technology, Design & Manufacturing, Kancheepuram","B. Tech. Electronics and Communication Engineering and M. Tech. Electronics and Communication Engineering with specialization in VLSI Design (5 Years, Bachelor and Master of Technology (Dual Degree))",AI,OBC-NCL,Gender-Neutral,7982,9085
1,"Indian Institute of Information Technology, Design & Manufacturing, Kancheepuram","B. Tech. Electronics and Communication Engineering and M. Tech. Electronics and Communication Engineering with specialization in VLSI Design (5 Years, Bachelor and Master of Technology (Dual Degree))",AI,SC,Gender-Neutral,4726,5439
1,"Indian Institute of Information Technology, Design & Manufacturing, Kancheepuram","B. Tech. Electronics and Communication Engineering and M. Tech. Electronics and Communication Engineering with specialization in VLSI Design (5 Years, Bachelor and Master of Technology (Dual Degree))",AI,ST,Gender-Neutral,2930,3723
1,"Indian Institute of Information Technology, Design & Manufacturing, Kancheepuram","B. Tech. Mechanical Engineering and M. Tech. in Mechanical Engineering with specialization in Product Design (5 Years, Bachelor and Master of Technology (Dual Degree))",AI,General,Gender-Neutral,12338,27770
1,"Indian Institute of Information Technology, Design & Manufacturing, Kancheepuram","B. Tech. Mechanical Engineering and M. Tech. in Mechanical Engineering with specialization in Product Design (5 Years, Bachelor and Master of Technology (Dual Degree))",AI,General PwD,Gender-Neutral,1767,1767
1,"Indian Institute of Information Technology, Design & Manufacturing, Kancheepuram","B. Tech. Mechanical Engineering and M. Tech. in Mechanical Engineering with specialization in Product Design (5 Years, Bachelor and Master of Technology (Dual Degree))",AI,OBC-NCL,Gender-Neutral,8379,9467
1,"Indian Institute of Information Technology, Design & Manufacturing, Kancheepuram","B. Tech. Mechanical Engineering and M. Tech. in Mechanical Engineering with specialization in Product Design (5 Years, Bachelor and Master of Technology (Dual Degree))",AI,OBC-NCL(PwD),Gender-Neutral,826,826
1,"Indian Institute of Information Technology, Design & Manufacturing, Kancheepuram","B. Tech. Mechanical Engineering and M. Tech. in Mechanical Engineering with specialization in Product Design (5 Years, Bachelor and Master of Technology (Dual Degree))",AI,SC,Gender-Neutral,3709,6107
1,"Indian Institute of Information Technology, Design & Manufacturing, Kancheepuram","B. Tech. Mechanical Engineering and M. Tech. in Mechanical Engineering with specialization in Product Design (5 Years, Bachelor and Master of Technology (Dual Degree))",AI,ST,Gender-Neutral,3034,3061
1,"Indian Institute of Information Technology, Design & Manufacturing, Kancheepuram","B. Tech. Mechanical Engineering and M. Tech. Mechanical Engineering with specialization in Advanced Manufacturing (5 Years, Bachelor and Master of Technology (Dual Degree))",AI,General,Gender-Neutral,19207,28112
1,"Indian Institute of Information Technology, Design & Manufacturing, Kancheepuram","B. Tech. Mechanical Engineering and M. Tech. Mechanical Engineering with specialization in Advanced Manufacturing (5 Years, Bachelor and Master of Technology (Dual Degree))",AI,OBC-NCL,Gender-Neutral,8705,9811
1,"Indian Institute of Information Technology, Design & Manufacturing, Kancheepuram","B. Tech. Mechanical Engineering and M. Tech. Mechanical Engineering with specialization in Advanced Manufacturing (5 Years, Bachelor and Master of Technology (Dual Degree))",AI,SC,Gender-Neutral,5520,6135
1,"Indian Institute of Information Technology, Design & Manufacturing, Kancheepuram","B. Tech. Mechanical Engineering and M. Tech. Mechanical Engineering with specialization in Advanced Manufacturing (5 Years, Bachelor and Master of Technology (Dual Degree))",AI,ST,Gender-Neutral,3019,3522
1,"Indian Institute of Information Technology, Design & Manufacturing, Kancheepuram","Computer Science and Engineering (4 Years, Bachelor of Technology)",AI,General,Gender-Neutral,8115,14450
1,"Indian Institute of Information Technology, Design & Manufacturing, Kancheepuram","Computer Science and Engineering (4 Years, Bachelor of Technology)",AI,General PwD,Gender-Neutral,522,522
1,"Indian Institute of Information Technology, Design & Manufacturing, Kancheepuram","Computer Science and Engineering (4 Years, Bachelor of Technology)",AI,OBC-NCL,Gender-Neutral,3714,5183
1,"Indian Institute of Information Technology, Design & Manufacturing, Kancheepuram","Computer Science and Engineering (4 Years, Bachelor of Technology)",AI,OBC-NCL(PwD),Gender-Neutral,177,177
1,"Indian Institute of Information Technology, Design & Manufacturing, Kancheepuram","Computer Science and Engineering (4 Years, Bachelor of Technology)",AI,SC,Gender-Neutral,1419,3331
1,"Indian Institute of Information Technology, Design & Manufacturing, Kancheepuram","Computer Science and Engineering (4 Years, Bachelor of Technology)",AI,ST,Gender-Neutral,1429,1986
1,"Indian Institute of Information Technology, Design & Manufacturing, Kancheepuram","Electronics and Communication Engineering (4 Years, Bachelor of Technology)",AI,General,Gender-Neutral,12104,17488
1,"Indian Institute of Information Technology, Design & Manufacturing, Kancheepuram","Electronics and Communication Engineering (4 Years, Bachelor of Technology)",AI,General PwD,Gender-Neutral,608,1032
1,"Indian Institute of Information Technology, Design & Manufacturing, Kancheepuram","Electronics and Communication Engineering (4 Years, Bachelor of Technology)",AI,OBC-NCL,Gender-Neutral,5366,6765
1,"Indian Institute of Information Technology, Design & Manufacturing, Kancheepuram","Electronics and Communication Engineering (4 Years, Bachelor of Technology)",AI,OBC-NCL(PwD),Gender-Neutral,401,401
1,"Indian Institute of Information Technology, Design & Manufacturing, Kancheepuram","Electronics and Communication Engineering (4 Years, Bachelor of Technology)",AI,SC,Gender-Neutral,3118,4029
1,"Indian Institute of Information Technology, Design & Manufacturing, Kancheepuram","Electronics and Communication Engineering (4 Years, Bachelor of Technology)",AI,ST,Gender-Neutral,1838,2386
1,"Indian Institute of Information Technology, Design & Manufacturing, Kancheepuram","Mechanical Engineering (4 Years, Bachelor of Technology)",AI,General,Gender-Neutral,14833,23405
1,"Indian Institute of Information Technology, Design & Manufacturing, Kancheepuram","Mechanical Engineering (4 Years, Bachelor of Technology)",AI,General PwD,Gender-Neutral,1061,1216
1,"Indian Institute of Information Technology, Design & Manufacturing, Kancheepuram","Mechanical Engineering (4 Years, Bachelor of Technology)",AI,OBC-NCL,Gender-Neutral,5892,8136
1,"Indian Institute of Information Technology, Design & Manufacturing, Kancheepuram","Mechanical Engineering (4 Years, Bachelor of Technology)",AI,OBC-NCL(PwD),Gender-Neutral,610,610
1,"Indian Institute of Information Technology, Design & Manufacturing, Kancheepuram","Mechanical Engineering (4 Years, Bachelor of Technology)",AI,SC,Gender-Neutral,2235,4572
1,"Indian Institute of Information Technology, Design & Manufacturing, Kancheepuram","Mechanical Engineering (4 Years, Bachelor of Technology)",AI,ST,Gender-Neutral,1362,2409
1,"Indian Institute of Information Technology, Design & Manufacturing, Kancheepuram","Mechanical Engineering with specialization in Smart Manufacturing (4 Years, Bachelor of Technology)",AI,General,Gender-Neutral,18063,26213
1,"Indian Institute of Information Technology, Design & Manufacturing, Kancheepuram","Mechanical Engineering with specialization in Smart Manufacturing (4 Years, Bachelor of Technology)",AI,General PwD,Gender-Neutral,1180,1180
1,"Indian Institute of Information Technology, Design & Manufacturing, Kancheepuram","Mechanical Engineering with specialization in Smart Manufacturing (4 Years, Bachelor of Technology)",AI,OBC-NCL,Gender-Neutral,8023,8770
1,"Indian Institute of Information Technology, Design & Manufacturing, Kancheepuram","Mechanical Engineering with specialization in Smart Manufacturing (4 Years, Bachelor of Technology)",AI,SC,Gender-Neutral,4229,5654
1,"Indian Institute of Information Technology, Design & Manufacturing, Kancheepuram","Mechanical Engineering with specialization in Smart Manufacturing (4 Years, Bachelor of Technology)",AI,ST,Gender-Neutral,2652,3031
1,"Pt. Dwarka Prasad Mishra Indian Institute of Information Technology, Design & Manufacture Jabalpur","Computer Science and Engineering (4 Years, Bachelor of Technology)",AI,General,Gender-Neutral,8777,13310
1,"Pt. Dwarka Prasad Mishra Indian Institute of Information Technology, Design & Manufacture Jabalpur","Computer Science and Engineering (4 Years, Bachelor of Technology)",AI,General PwD,Gender-Neutral,487,639
1,"Pt. Dwarka Prasad Mishra Indian Institute of Information Technology, Design & Manufacture Jabalpur","Computer Science and Engineering (4 Years, Bachelor of Technology)",AI,OBC-NCL,Gender-Neutral,3405,5110
1,"Pt. Dwarka Prasad Mishra Indian Institute of Information Technology, Design & Manufacture Jabalpur","Computer Science and Engineering (4 Years, Bachelor of Technology)",AI,OBC-NCL(PwD),Gender-Neutral,275,403
1,"Pt. Dwarka Prasad Mishra Indian Institute of Information Technology, Design & Manufacture Jabalpur","Computer Science and Engineering (4 Years, Bachelor of Technology)",AI,SC,Gender-Neutral,2458,3871
1,"Pt. Dwarka Prasad Mishra Indian Institute of Information Technology, Design & Manufacture Jabalpur","Computer Science and Engineering (4 Years, Bachelor of Technology)",AI,ST,Gender-Neutral,1436,2201
1,"Pt. Dwarka Prasad Mishra Indian Institute of Information Technology, Design & Manufacture Jabalpur","Electronics and Communication Engineering (4 Years, Bachelor of Technology)",AI,General,Gender-Neutral,11967,18563
1,"Pt. Dwarka Prasad Mishra Indian Institute of Information Technology, Design & Manufacture Jabalpur","Electronics and Communication Engineering (4 Years, Bachelor of Technology)",AI,General PwD,Gender-Neutral,887,1019
1,"Pt. Dwarka Prasad Mishra Indian Institute of Information Technology, Design & Manufacture Jabalpur","Electronics and Communication Engineering (4 Years, Bachelor of Technology)",AI,OBC-NCL,Gender-Neutral,6076,7127
1,"Pt. Dwarka Prasad Mishra Indian Institute of Information Technology, Design & Manufacture Jabalpur","Electronics and Communication Engineering (4 Years, Bachelor of Technology)",AI,OBC-NCL(PwD),Gender-Neutral,690,690
1,"Pt. Dwarka Prasad Mishra Indian Institute of Information Technology, Design & Manufacture Jabalpur","Electronics and Communication Engineering (4 Years, Bachelor of Technology)",AI,SC,Gender-Neutral,3807,4981
1,"Pt. Dwarka Prasad Mishra Indian Institute of Information Technology, Design & Manufacture Jabalpur","Electronics and Communication Engineering (4 Years, Bachelor of Technology)",AI,ST,Gender-Neutral,2260,2700
1,"Pt. Dwarka Prasad Mishra Indian Institute of Information Technology, Design & Manufacture Jabalpur","Mechanical Engineering (4 Years, Bachelor of Technology)",AI,General,Gender-Neutral,12619,22779
1,"Pt. Dwarka Prasad Mishra Indian Institute of Information Technology, Design & Manufacture Jabalpur","Mechanical Engineering (4 Years, Bachelor of Technology)",AI,General PwD,Gender-Neutral,732,1016
1,"Pt. Dwarka Prasad Mishra Indian Institute of Information Technology, Design & Manufacture Jabalpur","Mechanical Engineering (4 Years, Bachelor of Technology)",AI,OBC-NCL,Gender-Neutral,6590,8516
1,"Pt. Dwarka Prasad Mishra Indian Institute of Information Technology, Design & Manufacture Jabalpur","Mechanical Engineering (4 Years, Bachelor of Technology)",AI,OBC-NCL(PwD),Gender-Neutral,668,831
1,"Pt. Dwarka Prasad Mishra Indian Institute of Information Technology, Design & Manufacture Jabalpur","Mechanical Engineering (4 Years, Bachelor of Technology)",AI,SC,Gender-Neutral,3139,5279
1,"Pt. Dwarka Prasad Mishra Indian Institute of Information Technology, Design & Manufacture Jabalpur","Mechanical Engineering (4 Years, Bachelor of Technology)",AI,ST,Gender-Neutral,1725,2541
1,Indian Institute of Information Technology Manipur,"Computer Science and Engineering (4 Years, Bachelor of Technology)",AI,General,Gender-Neutral,24389,28012
1,Indian Institute of Information Technology Manipur,"Computer Science and Engineering (4 Years, Bachelor of Technology)",AI,OBC-NCL,Gender-Neutral,7350,10133
1,Indian Institute of Information Technology Manipur,"Computer Science and Engineering (4 Years, Bachelor of Technology)",AI,SC,Gender-Neutral,5841,6462
1,Indian Institute of Information Technology Manipur,"Computer Science and Engineering (4 Years, Bachelor of Technology)",AI,ST,Gender-Neutral,3043,3196
1,Indian Institute of Information Technology Manipur,"Electronics and Communication Engineering (4 Years, Bachelor of Technology)",AI,General,Gender-Neutral,27976,31171
1,Indian Institute of Information Technology Manipur,"Electronics and Communication Engineering (4 Years, Bachelor of Technology)",AI,OBC-NCL,Gender-Neutral,9431,10775
1,Indian Institute of Information Technology Manipur,"Electronics and Communication Engineering (4 Years, Bachelor of Technology)",AI,SC,Gender-Neutral,5996,6771
1,Indian Institute of Information Technology Manipur,"Electronics and Communication Engineering (4 Years, Bachelor of Technology)",AI,ST,Gender-Neutral,3193,4064
1,"Indian Institute of Information Technology Srirangam, Tiruchirappalli","Computer Science and Engineering (4 Years, Bachelor of Technology)",AI,General,Gender-Neutral,5777,14214
1,"Indian Institute of Information Technology Srirangam, Tiruchirappalli","Computer Science and Engineering (4 Years, Bachelor of Technology)",AI,General PwD,Gender-Neutral,108,108
1,"Indian Institute of Information Technology Srirangam, Tiruchirappalli","Computer Science and Engineering (4 Years, Bachelor of Technology)",AI,OBC-NCL,Gender-Neutral,4185,5472
1,"Indian Institute of Information Technology Srirangam, Tiruchirappalli","Computer Science and Engineering (4 Years, Bachelor of Technology)",AI,SC,Gender-Neutral,309,3115
1,"Indian Institute of Information Technology Srirangam, Tiruchirappalli","Computer Science and Engineering (4 Years, Bachelor of Technology)",AI,ST,Gender-Neutral,966,966
1,"Indian Institute of Information Technology Srirangam, Tiruchirappalli","Computer Science and Engineering (4 Years, Bachelor of Technology)",AI,ST PwD,Gender-Neutral,42,42
1,"Indian Institute of Information Technology Srirangam, Tiruchirappalli","Electronics and Communication Engineering (4 Years, Bachelor of Technology)",AI,General,Gender-Neutral,9437,20482
1,"Indian Institute of Information Technology Srirangam, Tiruchirappalli","Electronics and Communication Engineering (4 Years, Bachelor of Technology)",AI,OBC-NCL,Gender-Neutral,4725,6893
1,"Indian Institute of Information Technology Srirangam, Tiruchirappalli","Electronics and Communication Engineering (4 Years, Bachelor of Technology)",AI,OBC-NCL(PwD),Gender-Neutral,429,429
1,"Indian Institute of Information Technology Srirangam, Tiruchirappalli","Electronics and Communication Engineering (4 Years, Bachelor of Technology)",AI,SC,Gender-Neutral,1676,3574
1,"Indian Institute of Information Technology Srirangam, Tiruchirappalli","Electronics and Communication Engineering (4 Years, Bachelor of Technology)",AI,ST,Gender-Neutral,1145,1444
1,Indian Institute of Information Technology Lucknow,"Information Technology (4 Years, Bachelor of Technology)",AI,General,Female-only (including Supernumerary),18807,23083
1,Indian Institute of Information Technology Lucknow,"Information Technology (4 Years, Bachelor of Technology)",AI,General,Gender-Neutral,5368,20121
1,Indian Institute of Information Technology Lucknow,"Information Technology (4 Years, Bachelor of Technology)",AI,General PwD,Gender-Neutral,295,681
1,Indian Institute of Information Technology Lucknow,"Information Technology (4 Years, Bachelor of Technology)",AI,OBC-NCL,Female-only (including Supernumerary),11337,11443
1,Indian Institute of Information Technology Lucknow,"Information Technology (4 Years, Bachelor of Technology)",AI,OBC-NCL,Gender-Neutral,5350,7937
1,Indian Institute of Information Technology Lucknow,"Information Technology (4 Years, Bachelor of Technology)",AI,OBC-NCL(PwD),Gender-Neutral,506,506
1,Indian Institute of Information Technology Lucknow,"Information Technology (4 Years, Bachelor of Technology)",AI,SC,Gender-Neutral,1849,4740
1,Indian Institute of Information Technology Lucknow,"Information Technology (4 Years, Bachelor of Technology)",AI,SC,Female-only (including Supernumerary),5496,5715
1,Indian Institute of Information Technology Lucknow,"Information Technology (4 Years, Bachelor of Technology)",AI,ST,Gender-Neutral,2856,3356
1,Indian Institute of Information Technology Lucknow,"Information Technology (4 Years, Bachelor of Technology)",AI,ST,Female-only (including Supernumerary),4036,4036
1,Indian Institute of Information Technology(IIIT) Dharwad,"Computer Science and Engineering (4 Years, Bachelor of Technology)",AI,General,Gender-Neutral,9265,23574
1,Indian Institute of Information Technology(IIIT) Dharwad,"Computer Science and Engineering (4 Years, Bachelor of Technology)",AI,General PwD,Gender-Neutral,238,405
1,Indian Institute of Information Technology(IIIT) Dharwad,"Computer Science and Engineering (4 Years, Bachelor of Technology)",AI,OBC-NCL,Gender-Neutral,5522,9697
1,Indian Institute of Information Technology(IIIT) Dharwad,"Computer Science and Engineering (4 Years, Bachelor of Technology)",AI,OBC-NCL(PwD),Gender-Neutral,377,398
1,Indian Institute of Information Technology(IIIT) Dharwad,"Computer Science and Engineering (4 Years, Bachelor of Technology)",AI,SC,Gender-Neutral,2395,5455
1,Indian Institute of Information Technology(IIIT) Dharwad,"Computer Science and Engineering (4 Years, Bachelor of Technology)",AI,SC PwD,Gender-Neutral,93,93
1,Indian Institute of Information Technology(IIIT) Dharwad,"Computer Science and Engineering (4 Years, Bachelor of Technology)",AI,ST,Gender-Neutral,718,2784
1,Indian Institute of Information Technology(IIIT) Dharwad,"Electronics and Communication Engineering (4 Years, Bachelor of Technology)",AI,General,Gender-Neutral,20490,26341
1,Indian Institute of Information Technology(IIIT) Dharwad,"Electronics and Communication Engineering (4 Years, Bachelor of Technology)",AI,General PwD,Gender-Neutral,931,1034
1,Indian Institute of Information Technology(IIIT) Dharwad,"Electronics and Communication Engineering (4 Years, Bachelor of Technology)",AI,OBC-NCL,Gender-Neutral,6316,9897
1,Indian Institute of Information Technology(IIIT) Dharwad,"Electronics and Communication Engineering (4 Years, Bachelor of Technology)",AI,OBC-NCL(PwD),Gender-Neutral,411,411
1,Indian Institute of Information Technology(IIIT) Dharwad,"Electronics and Communication Engineering (4 Years, Bachelor of Technology)",AI,SC,Gender-Neutral,3198,5944
1,Indian Institute of Information Technology(IIIT) Dharwad,"Electronics and Communication Engineering (4 Years, Bachelor of Technology)",AI,ST,Gender-Neutral,1414,3102
1,"Indian Institute of Information Technology Design & Manufacturing Kurnool, Andhra Pradesh","Computer Engineering (4 Years, Bachelor of Technology)",AI,General,Gender-Neutral,13187,23642
1,"Indian Institute of Information Technology Design & Manufacturing Kurnool, Andhra Pradesh","Computer Engineering (4 Years, Bachelor of Technology)",AI,General PwD,Gender-Neutral,908,908
1,"Indian Institute of Information Technology Design & Manufacturing Kurnool, Andhra Pradesh","Computer Engineering (4 Years, Bachelor of Technology)",AI,OBC-NCL,Gender-Neutral,6144,8734
1,"Indian Institute of Information Technology Design & Manufacturing Kurnool, Andhra Pradesh","Computer Engineering (4 Years, Bachelor of Technology)",AI,OBC-NCL(PwD),Gender-Neutral,578,578
1,"Indian Institute of Information Technology Design & Manufacturing Kurnool, Andhra Pradesh","Computer Engineering (4 Years, Bachelor of Technology)",AI,SC,Gender-Neutral,2528,4127
1,"Indian Institute of Information Technology Design & Manufacturing Kurnool, Andhra Pradesh","Computer Engineering (4 Years, Bachelor of Technology)",AI,ST,Gender-Neutral,2750,2807
1,"Indian Institute of Information Technology Design & Manufacturing Kurnool, Andhra Pradesh","Electronics and Communication Engineering with specialization in Design and Manufacturing (4 Years, Bachelor of Technology)",AI,General,Gender-Neutral,19317,27481
1,"Indian Institute of Information Technology Design & Manufacturing Kurnool, Andhra Pradesh","Electronics and Communication Engineering with specialization in Design and Manufacturing (4 Years, Bachelor of Technology)",AI,General PwD,Gender-Neutral,821,821
1,"Indian Institute of Information Technology Design & Manufacturing Kurnool, Andhra Pradesh","Electronics and Communication Engineering with specialization in Design and Manufacturing (4 Years, Bachelor of Technology)",AI,OBC-NCL,Gender-Neutral,8059,9273
1,"Indian Institute of Information Technology Design & Manufacturing Kurnool, Andhra Pradesh","Electronics and Communication Engineering with specialization in Design and Manufacturing (4 Years, Bachelor of Technology)",AI,OBC-NCL(PwD),Gender-Neutral,459,459
1,"Indian Institute of Information Technology Design & Manufacturing Kurnool, Andhra Pradesh","Electronics and Communication Engineering with specialization in Design and Manufacturing (4 Years, Bachelor of Technology)",AI,SC,Gender-Neutral,3950,5231
1,"Indian Institute of Information Technology Design & Manufacturing Kurnool, Andhra Pradesh","Electronics and Communication Engineering with specialization in Design and Manufacturing (4 Years, Bachelor of Technology)",AI,ST,Gender-Neutral,1905,2398
1,"Indian Institute of Information Technology Design & Manufacturing Kurnool, Andhra Pradesh","Mechanical Engineering with specialization in Design and Manufacturing (4 Years, Bachelor of Technology)",AI,General,Gender-Neutral,21386,28651
1,"Indian Institute of Information Technology Design & Manufacturing Kurnool, Andhra Pradesh","Mechanical Engineering with specialization in Design and Manufacturing (4 Years, Bachelor of Technology)",AI,General PwD,Gender-Neutral,1190,1190
1,"Indian Institute of Information Technology Design & Manufacturing Kurnool, Andhra Pradesh","Mechanical Engineering with specialization in Design and Manufacturing (4 Years, Bachelor of Technology)",AI,OBC-NCL,Gender-Neutral,8512,10134
1,"Indian Institute of Information Technology Design & Manufacturing Kurnool, Andhra Pradesh","Mechanical Engineering with specialization in Design and Manufacturing (4 Years, Bachelor of Technology)",AI,SC,Gender-Neutral,4404,4784
1,"Indian Institute of Information Technology Design & Manufacturing Kurnool, Andhra Pradesh","Mechanical Engineering with specialization in Design and Manufacturing (4 Years, Bachelor of Technology)",AI,ST,Gender-Neutral,1346,2533
1,Indian Institute of Information Technology(IIIT) Kottayam,"Computer Science and Engineering (4 Years, Bachelor of Technology)",AI,General,Gender-Neutral,3366,22800
1,Indian Institute of Information Technology(IIIT) Kottayam,"Computer Science and Engineering (4 Years, Bachelor of Technology)",AI,General PwD,Gender-Neutral,1013,1013
1,Indian Institute of Information Technology(IIIT) Kottayam,"Computer Science and Engineering (4 Years, Bachelor of Technology)",AI,OBC-NCL,Gender-Neutral,6661,8725
1,Indian Institute of Information Technology(IIIT) Kottayam,"Computer Science and Engineering (4 Years, Bachelor of Technology)",AI,OBC-NCL(PwD),Gender-Neutral,662,662
1,Indian Institute of Information Technology(IIIT) Kottayam,"Computer Science and Engineering (4 Years, Bachelor of Technology)",AI,SC,Gender-Neutral,3283,5887
1,Indian Institute of Information Technology(IIIT) Kottayam,"Computer Science and Engineering (4 Years, Bachelor of Technology)",AI,ST,Gender-Neutral,2565,3278
1,Indian Institute of Information Technology (IIIT) Ranchi,"Computer Science and Engineering (4 Years, Bachelor of Technology)",AI,General,Gender-Neutral,19420,23576
1,Indian Institute of Information Technology (IIIT) Ranchi,"Computer Science and Engineering (4 Years, Bachelor of Technology)",AI,General,Female-only (including Supernumerary),20765,23754
1,Indian Institute of Information Technology (IIIT) Ranchi,"Computer Science and Engineering (4 Years, Bachelor of Technology)",AI,General PwD,Gender-Neutral,1058,1072
1,Indian Institute of Information Technology (IIIT) Ranchi,"Computer Science and Engineering (4 Years, Bachelor of Technology)",AI,OBC-NCL,Female-only (including Supernumerary),9333,10508
1,Indian Institute of Information Technology (IIIT) Ranchi,"Computer Science and Engineering (4 Years, Bachelor of Technology)",AI,OBC-NCL,Gender-Neutral,6624,9500
1,Indian Institute of Information Technology (IIIT) Ranchi,"Computer Science and Engineering (4 Years, Bachelor of Technology)",AI,OBC-NCL(PwD),Gender-Neutral,512,512
1,Indian Institute of Information Technology (IIIT) Ranchi,"Computer Science and Engineering (4 Years, Bachelor of Technology)",AI,SC,Gender-Neutral,3700,5371
1,Indian Institute of Information Technology (IIIT) Ranchi,"Computer Science and Engineering (4 Years, Bachelor of Technology)",AI,SC,Female-only (including Supernumerary),5204,5204
1,Indian Institute of Information Technology (IIIT) Ranchi,"Computer Science and Engineering (4 Years, Bachelor of Technology)",AI,ST,Gender-Neutral,2085,3212
1,Indian Institute of Information Technology (IIIT) Ranchi,"Computer Science and Engineering (4 Years, Bachelor of Technology)",AI,ST,Female-only (including Supernumerary),3517,3517
1,Indian Institute of Information Technology (IIIT) Ranchi,"Electronics and Communication Engineering (4 Years, Bachelor of Technology)",AI,General,Gender-Neutral,23677,27080
1,Indian Institute of Information Technology (IIIT) Ranchi,"Electronics and Communication Engineering (4 Years, Bachelor of Technology)",AI,General,Female-only (including Supernumerary),26435,28083
1,Indian Institute of Information Technology (IIIT) Ranchi,"Electronics and Communication Engineering (4 Years, Bachelor of Technology)",AI,General PwD,Gender-Neutral,1200,1259
1,Indian Institute of Information Technology (IIIT) Ranchi,"Electronics and Communication Engineering (4 Years, Bachelor of Technology)",AI,OBC-NCL,Gender-Neutral,8983,10296
1,Indian Institute of Information Technology (IIIT) Ranchi,"Electronics and Communication Engineering (4 Years, Bachelor of Technology)",AI,OBC-NCL,Female-only (including Supernumerary),11273,11648
1,Indian Institute of Information Technology (IIIT) Ranchi,"Electronics and Communication Engineering (4 Years, Bachelor of Technology)",AI,OBC-NCL(PwD),Gender-Neutral,556,556
1,Indian Institute of Information Technology (IIIT) Ranchi,"Electronics and Communication Engineering (4 Years, Bachelor of Technology)",AI,SC,Gender-Neutral,5415,5934
1,Indian Institute of Information Technology (IIIT) Ranchi,"Electronics and Communication Engineering (4 Years, Bachelor of Technology)",AI,SC,Female-only (including Supernumerary),6116,6116
1,Indian Institute of Information Technology (IIIT) Ranchi,"Electronics and Communication Engineering (4 Years, Bachelor of Technology)",AI,ST,Female-only (including Supernumerary),3617,3617
1,Indian Institute of Information Technology (IIIT) Ranchi,"Electronics and Communication Engineering (4 Years, Bachelor of Technology)",AI,ST,Gender-Neutral,2828,3327
1,Indian Institute of Information Technology (IIIT) Nagpur,"Computer Science and Engineering (4 Years, Bachelor of Technology)",AI,General,Female-only (including Supernumerary),6029,22635
1,Indian Institute of Information Technology (IIIT) Nagpur,"Computer Science and Engineering (4 Years, Bachelor of Technology)",AI,General,Gender-Neutral,5527,21534
1,Indian Institute of Information Technology (IIIT) Nagpur,"Computer Science and Engineering (4 Years, Bachelor of Technology)",AI,General PwD,Female-only (including Supernumerary),455,455
1,Indian Institute of Information Technology (IIIT) Nagpur,"Computer Science and Engineering (4 Years, Bachelor of Technology)",AI,General PwD,Gender-Neutral,694,694
1,Indian Institute of Information Technology (IIIT) Nagpur,"Computer Science and Engineering (4 Years, Bachelor of Technology)",AI,OBC-NCL,Gender-Neutral,5911,8380
1,Indian Institute of Information Technology (IIIT) Nagpur,"Computer Science and Engineering (4 Years, Bachelor of Technology)",AI,OBC-NCL,Female-only (including Supernumerary),8114,10178
1,Indian Institute of Information Technology (IIIT) Nagpur,"Computer Science and Engineering (4 Years, Bachelor of Technology)",AI,OBC-NCL(PwD),Gender-Neutral,271,271
1,Indian Institute of Information Technology (IIIT) Nagpur,"Computer Science and Engineering (4 Years, Bachelor of Technology)",AI,SC,Gender-Neutral,1772,4551
1,Indian Institute of Information Technology (IIIT) Nagpur,"Computer Science and Engineering (4 Years, Bachelor of Technology)",AI,SC,Female-only (including Supernumerary),3215,3803
1,Indian Institute of Information Technology (IIIT) Nagpur,"Computer Science and Engineering (4 Years, Bachelor of Technology)",AI,SC PwD,Gender-Neutral,161,229
1,Indian Institute of Information Technology (IIIT) Nagpur,"Computer Science and Engineering (4 Years, Bachelor of Technology)",AI,ST,Female-only (including Supernumerary),1069,2229
1,Indian Institute of Information Technology (IIIT) Nagpur,"Computer Science and Engineering (4 Years, Bachelor of Technology)",AI,ST,Gender-Neutral,1331,2855
1,Indian Institute of Information Technology (IIIT) Nagpur,"Electronics and Communication Engineering (4 Years, Bachelor of Technology)",AI,General,Female-only (including Supernumerary),23154,26111
1,Indian Institute of Information Technology (IIIT) Nagpur,"Electronics and Communication Engineering (4 Years, Bachelor of Technology)",AI,General,Gender-Neutral,9016,25998
1,Indian Institute of Information Technology (IIIT) Nagpur,"Electronics and Communication Engineering (4 Years, Bachelor of Technology)",AI,General PwD,Gender-Neutral,988,1031
1,Indian Institute of Information Technology (IIIT) Nagpur,"Electronics and Communication Engineering (4 Years, Bachelor of Technology)",AI,General PwD,Female-only (including Supernumerary),1515,1515
1,Indian Institute of Information Technology (IIIT) Nagpur,"Electronics and Communication Engineering (4 Years, Bachelor of Technology)",AI,OBC-NCL,Female-only (including Supernumerary),10135,10485
1,Indian Institute of Information Technology (IIIT) Nagpur,"Electronics and Communication Engineering (4 Years, Bachelor of Technology)",AI,OBC-NCL,Gender-Neutral,8690,9796
1,Indian Institute of Information Technology (IIIT) Nagpur,"Electronics and Communication Engineering (4 Years, Bachelor of Technology)",AI,OBC-NCL(PwD),Gender-Neutral,504,504
1,Indian Institute of Information Technology (IIIT) Nagpur,"Electronics and Communication Engineering (4 Years, Bachelor of Technology)",AI,SC,Gender-Neutral,4382,5773
1,Indian Institute of Information Technology (IIIT) Nagpur,"Electronics and Communication Engineering (4 Years, Bachelor of Technology)",AI,SC,Female-only (including Supernumerary),4816,4904
1,Indian Institute of Information Technology (IIIT) Nagpur,"Electronics and Communication Engineering (4 Years, Bachelor of Technology)",AI,ST,Female-only (including Supernumerary),3115,3115
1,Indian Institute of Information Technology (IIIT) Nagpur,"Electronics and Communication Engineering (4 Years, Bachelor of Technology)",AI,ST,Gender-Neutral,2710,3206
1,Indian Institute of Information Technology (IIIT) Pune,"Computer Science and Engineering (4 Years, Bachelor of Technology)",AI,General,Gender-Neutral,5640,14953
1,Indian Institute of Information Technology (IIIT) Pune,"Computer Science and Engineering (4 Years, Bachelor of Technology)",AI,General PwD,Gender-Neutral,140,140
1,Indian Institute of Information Technology (IIIT) Pune,"Computer Science and Engineering (4 Years, Bachelor of Technology)",AI,OBC-NCL,Gender-Neutral,3831,7363
1,Indian Institute of Information Technology (IIIT) Pune,"Computer Science and Engineering (4 Years, Bachelor of Technology)",AI,OBC-NCL(PwD),Gender-Neutral,246,246
1,Indian Institute of Information Technology (IIIT) Pune,"Computer Science and Engineering (4 Years, Bachelor of Technology)",AI,SC,Gender-Neutral,1270,2643
1,Indian Institute of Information Technology (IIIT) Pune,"Computer Science and Engineering (4 Years, Bachelor of Technology)",AI,SC PwD,Gender-Neutral,132,132
1,Indian Institute of Information Technology (IIIT) Pune,"Computer Science and Engineering (4 Years, Bachelor of Technology)",AI,ST,Gender-Neutral,1097,1789
1,Indian Institute of Information Technology (IIIT) Pune,"Electronics and Communication Engineering (4 Years, Bachelor of Technology)",AI,General,Gender-Neutral,1828,23757
1,Indian Institute of Information Technology (IIIT) Pune,"Electronics and Communication Engineering (4 Years, Bachelor of Technology)",AI,General PwD,Gender-Neutral,937,937
1,Indian Institute of Information Technology (IIIT) Pune,"Electronics and Communication Engineering (4 Years, Bachelor of Technology)",AI,OBC-NCL,Gender-Neutral,6949,8981
1,Indian Institute of Information Technology (IIIT) Pune,"Electronics and Communication Engineering (4 Years, Bachelor of Technology)",AI,OBC-NCL(PwD),Gender-Neutral,477,477
1,Indian Institute of Information Technology (IIIT) Pune,"Electronics and Communication Engineering (4 Years, Bachelor of Technology)",AI,SC,Gender-Neutral,2133,4195
1,Indian Institute of Information Technology (IIIT) Pune,"Electronics and Communication Engineering (4 Years, Bachelor of Technology)",AI,ST,Gender-Neutral,1926,3033
1,Indian Institute of Information Technology Bhagalpur,"Computer Science and Engineering (4 Years, Bachelor of Technology)",AI,General,Gender-Neutral,22353,26962
1,Indian Institute of Information Technology Bhagalpur,"Computer Science and Engineering (4 Years, Bachelor of Technology)",AI,General PwD,Gender-Neutral,263,1065
1,Indian Institute of Information Technology Bhagalpur,"Computer Science and Engineering (4 Years, Bachelor of Technology)",AI,OBC-NCL,Gender-Neutral,9268,10250
1,Indian Institute of Information Technology Bhagalpur,"Computer Science and Engineering (4 Years, Bachelor of Technology)",AI,OBC-NCL(PwD),Gender-Neutral,405,405
1,Indian Institute of Information Technology Bhagalpur,"Computer Science and Engineering (4 Years, Bachelor of Technology)",AI,SC,Gender-Neutral,5738,6384
1,Indian Institute of Information Technology Bhagalpur,"Computer Science and Engineering (4 Years, Bachelor of Technology)",AI,ST,Gender-Neutral,3395,3857
1,Indian Institute of Information Technology Bhagalpur,"Electronics and Communication Engineering (4 Years, Bachelor of Technology)",AI,General,Gender-Neutral,26799,30748
1,Indian Institute of Information Technology Bhagalpur,"Electronics and Communication Engineering (4 Years, Bachelor of Technology)",AI,General PwD,Gender-Neutral,1819,1906
1,Indian Institute of Information Technology Bhagalpur,"Electronics and Communication Engineering (4 Years, Bachelor of Technology)",AI,OBC-NCL,Gender-Neutral,9335,10727
1,Indian Institute of Information Technology Bhagalpur,"Electronics and Communication Engineering (4 Years, Bachelor of Technology)",AI,OBC-NCL(PwD),Gender-Neutral,816,816
1,Indian Institute of Information Technology Bhagalpur,"Electronics and Communication Engineering (4 Years, Bachelor of Technology)",AI,SC,Gender-Neutral,6113,6619
1,Indian Institute of Information Technology Bhagalpur,"Electronics and Communication Engineering (4 Years, Bachelor of Technology)",AI,ST,Gender-Neutral,3649,4010
1,Indian Institute of Information Technology Bhagalpur,"Mechatronics Engineering (4 Years, Bachelor of Technology)",AI,General,Gender-Neutral,14350,30616
1,Indian Institute of Information Technology Bhagalpur,"Mechatronics Engineering (4 Years, Bachelor of Technology)",AI,General PwD,Gender-Neutral,1572,1572
1,Indian Institute of Information Technology Bhagalpur,"Mechatronics Engineering (4 Years, Bachelor of Technology)",AI,OBC-NCL,Gender-Neutral,7874,10479
1,Indian Institute of Information Technology Bhagalpur,"Mechatronics Engineering (4 Years, Bachelor of Technology)",AI,SC,Gender-Neutral,2777,6576
1,Indian Institute of Information Technology Bhagalpur,"Mechatronics Engineering (4 Years, Bachelor of Technology)",AI,ST,Gender-Neutral,1586,3411
1,Indian Institute of Information Technology Bhopal,"Computer Science and Engineering (4 Years, Bachelor of Technology)",AI,General,Gender-Neutral,10708,21477
1,Indian Institute of Information Technology Bhopal,"Computer Science and Engineering (4 Years, Bachelor of Technology)",AI,General PwD,Gender-Neutral,542,867
1,Indian Institute of Information Technology Bhopal,"Computer Science and Engineering (4 Years, Bachelor of Technology)",AI,OBC-NCL,Gender-Neutral,5539,8387
1,Indian Institute of Information Technology Bhopal,"Computer Science and Engineering (4 Years, Bachelor of Technology)",AI,OBC-NCL(PwD),Gender-Neutral,466,466
1,Indian Institute of Information Technology Bhopal,"Computer Science and Engineering (4 Years, Bachelor of Technology)",AI,SC,Gender-Neutral,4024,5164
1,Indian Institute of Information Technology Bhopal,"Computer Science and Engineering (4 Years, Bachelor of Technology)",AI,ST,Gender-Neutral,1898,3002
1,Indian Institute of Information Technology Bhopal,"Electronics and Communication Engineering (4 Years, Bachelor of Technology)",AI,General,Gender-Neutral,12003,26459
1,Indian Institute of Information Technology Bhopal,"Electronics and Communication Engineering (4 Years, Bachelor of Technology)",AI,General PwD,Gender-Neutral,1375,1446
1,Indian Institute of Information Technology Bhopal,"Electronics and Communication Engineering (4 Years, Bachelor of Technology)",AI,OBC-NCL,Gender-Neutral,7736,10208
1,Indian Institute of Information Technology Bhopal,"Electronics and Communication Engineering (4 Years, Bachelor of Technology)",AI,OBC-NCL(PwD),Gender-Neutral,680,680
1,Indian Institute of Information Technology Bhopal,"Electronics and Communication Engineering (4 Years, Bachelor of Technology)",AI,SC,Gender-Neutral,3625,5803
1,Indian Institute of Information Technology Bhopal,"Electronics and Communication Engineering (4 Years, Bachelor of Technology)",AI,ST,Gender-Neutral,3321,3527
1,Indian Institute of Information Technology Bhopal,"Information Technology (4 Years, Bachelor of Technology)",AI,General,Gender-Neutral,17459,24441
1,Indian Institute of Information Technology Bhopal,"Information Technology (4 Years, Bachelor of Technology)",AI,General PwD,Gender-Neutral,503,866
1,Indian Institute of Information Technology Bhopal,"Information Technology (4 Years, Bachelor of Technology)",AI,OBC-NCL,Gender-Neutral,5774,9868
1,Indian Institute of Information Technology Bhopal,"Information Technology (4 Years, Bachelor of Technology)",AI,OBC-NCL(PwD),Gender-Neutral,501,501
1,Indian Institute of Information Technology Bhopal,"Information Technology (4 Years, Bachelor of Technology)",AI,SC,Gender-Neutral,5304,6103
1,Indian Institute of Information Technology Bhopal,"Information Technology (4 Years, Bachelor of Technology)",AI,ST,Gender-Neutral,2177,3862
1,Indian Institute of Information Technology Surat,"Computer Science and Engineering (4 Years, Bachelor of Technology)",AI,General,Gender-Neutral,5965,17293
1,Indian Institute of Information Technology Surat,"Computer Science and Engineering (4 Years, Bachelor of Technology)",AI,General PwD,Gender-Neutral,614,614
1,Indian Institute of Information Technology Surat,"Computer Science and Engineering (4 Years, Bachelor of Technology)",AI,OBC-NCL,Gender-Neutral,5151,8061
1,Indian Institute of Information Technology Surat,"Computer Science and Engineering (4 Years, Bachelor of Technology)",AI,OBC-NCL(PwD),Gender-Neutral,288,288
1,Indian Institute of Information Technology Surat,"Computer Science and Engineering (4 Years, Bachelor of Technology)",AI,SC,Gender-Neutral,715,3704
1,Indian Institute of Information Technology Surat,"Computer Science and Engineering (4 Years, Bachelor of Technology)",AI,ST,Gender-Neutral,824,2231
1,Indian Institute of Information Technology Surat,"Electronics and Communication Engineering (4 Years, Bachelor of Technology)",AI,General,Gender-Neutral,17842,24555
1,Indian Institute of Information Technology Surat,"Electronics and Communication Engineering (4 Years, Bachelor of Technology)",AI,General PwD,Gender-Neutral,1149,1149
1,Indian Institute of Information Technology Surat,"Electronics and Communication Engineering (4 Years, Bachelor of Technology)",AI,OBC-NCL,Gender-Neutral,7251,9624
1,Indian Institute of Information Technology Surat,"Electronics and Communication Engineering (4 Years, Bachelor of Technology)",AI,OBC-NCL(PwD),Gender-Neutral,719,719
1,Indian Institute of Information Technology Surat,"Electronics and Communication Engineering (4 Years, Bachelor of Technology)",AI,SC,Gender-Neutral,4074,5611
1,Indian Institute of Information Technology Surat,"Electronics and Communication Engineering (4 Years, Bachelor of Technology)",AI,ST,Gender-Neutral,1460,2889
1,"Assam University, Silchar","Agricultural Engineering (4 Years, Bachelor of Technology)",AI,General,Female-only (including Supernumerary),27789,32674
1,"Assam University, Silchar","Agricultural Engineering (4 Years, Bachelor of Technology)",AI,General,Gender-Neutral,38360,40468
1,"Assam University, Silchar","Agricultural Engineering (4 Years, Bachelor of Technology)",AI,General PwD,Gender-Neutral,1264,1264
1,"Assam University, Silchar","Agricultural Engineering (4 Years, Bachelor of Technology)",AI,OBC-NCL,Gender-Neutral,10207,11151
1,"Assam University, Silchar","Agricultural Engineering (4 Years, Bachelor of Technology)",AI,OBC-NCL,Female-only (including Supernumerary),15996,15996
1,"Assam University, Silchar","Agricultural Engineering (4 Years, Bachelor of Technology)",AI,SC,Gender-Neutral,6271,7122
1,"Assam University, Silchar","Agricultural Engineering (4 Years, Bachelor of Technology)",AI,ST,Gender-Neutral,3087,3087
1,"Assam University, Silchar","Agricultural Engineering (4 Years, Bachelor of Technology)",HS,General,Female-only (including Supernumerary),96935,96935
1,"Assam University, Silchar","Agricultural Engineering (4 Years, Bachelor of Technology)",HS,General,Gender-Neutral,75660,102659
1,"Assam University, Silchar","Agricultural Engineering (4 Years, Bachelor of Technology)",HS,OBC-NCL,Gender-Neutral,40129,47587
1,"Assam University, Silchar","Agricultural Engineering (4 Years, Bachelor of Technology)",HS,OBC-NCL,Female-only (including Supernumerary),46142,46142
1,"Assam University, Silchar","Agricultural Engineering (4 Years, Bachelor of Technology)",HS,SC,Female-only (including Supernumerary),10359,10359
1,"Assam University, Silchar","Agricultural Engineering (4 Years, Bachelor of Technology)",HS,SC,Gender-Neutral,11622,12732
1,"Assam University, Silchar","Agricultural Engineering (4 Years, Bachelor of Technology)",HS,ST,Gender-Neutral,4408,5291
1,"Assam University, Silchar","Computer Science and Engineering (4 Years, Bachelor of Technology)",AI,General,Female-only (including Supernumerary),31487,31968
1,"Assam University, Silchar","Computer Science and Engineering (4 Years, Bachelor of Technology)",AI,General,Gender-Neutral,19003,26563
1,"Assam University, Silchar","Computer Science and Engineering (4 Years, Bachelor of Technology)",AI,General PwD,Gender-Neutral,411,411
1,"Assam University, Silchar","Computer Science and Engineering (4 Years, Bachelor of Technology)",AI,OBC-NCL,Gender-Neutral,8309,9727
1,"Assam University, Silchar","Computer Science and Engineering (4 Years, Bachelor of Technology)",AI,OBC-NCL,Female-only (including Supernumerary),11361,11361
1,"Assam University, Silchar","Computer Science and Engineering (4 Years, Bachelor of Technology)",AI,SC,Gender-Neutral,2480,5645
1,"Assam University, Silchar","Computer Science and Engineering (4 Years, Bachelor of Technology)",AI,ST,Gender-Neutral,1668,1668
1,"Assam University, Silchar","Computer Science and Engineering (4 Years, Bachelor of Technology)",HS,General,Gender-Neutral,45148,70847
1,"Assam University, Silchar","Computer Science and Engineering (4 Years, Bachelor of Technology)",HS,General,Female-only (including Supernumerary),62860,62860
1,"Assam University, Silchar","Computer Science and Engineering (4 Years, Bachelor of Technology)",HS,OBC-NCL,Gender-Neutral,28129,38260
1,"Assam University, Silchar","Computer Science and Engineering (4 Years, Bachelor of Technology)",HS,OBC-NCL,Female-only (including Supernumerary),32012,32012
1,"Assam University, Silchar","Computer Science and Engineering (4 Years, Bachelor of Technology)",HS,SC,Gender-Neutral,7849,10558
1,"Assam University, Silchar","Computer Science and Engineering (4 Years, Bachelor of Technology)",HS,SC,Female-only (including Supernumerary),12430,12430
1,"Assam University, Silchar","Computer Science and Engineering (4 Years, Bachelor of Technology)",HS,ST,Gender-Neutral,3116,4069
1,"Assam University, Silchar","Electronics and Communication Engineering (4 Years, Bachelor of Technology)",AI,General,Gender-Neutral,28746,32488
1,"Assam University, Silchar","Electronics and Communication Engineering (4 Years, Bachelor of Technology)",AI,General,Female-only (including Supernumerary),33070,33237
1,"Assam University, Silchar","Electronics and Communication Engineering (4 Years, Bachelor of Technology)",AI,General PwD,Gender-Neutral,1532,1532
1,"Assam University, Silchar","Electronics and Communication Engineering (4 Years, Bachelor of Technology)",AI,OBC-NCL,Gender-Neutral,8972,10810
1,"Assam University, Silchar","Electronics and Communication Engineering (4 Years, Bachelor of Technology)",AI,OBC-NCL,Female-only (including Supernumerary),11764,11764
1,"Assam University, Silchar","Electronics and Communication Engineering (4 Years, Bachelor of Technology)",AI,SC,Gender-Neutral,4176,6401
1,"Assam University, Silchar","Electronics and Communication Engineering (4 Years, Bachelor of Technology)",AI,ST,Gender-Neutral,3393,3393
1,"Assam University, Silchar","Electronics and Communication Engineering (4 Years, Bachelor of Technology)",HS,General,Female-only (including Supernumerary),67542,84070
1,"Assam University, Silchar","Electronics and Communication Engineering (4 Years, Bachelor of Technology)",HS,General,Gender-Neutral,59726,83637
1,"Assam University, Silchar","Electronics and Communication Engineering (4 Years, Bachelor of Technology)",HS,General PwD,Gender-Neutral,2163,2163
1,"Assam University, Silchar","Electronics and Communication Engineering (4 Years, Bachelor of Technology)",HS,OBC-NCL,Female-only (including Supernumerary),42465,42465
1,"Assam University, Silchar","Electronics and Communication Engineering (4 Years, Bachelor of Technology)",HS,OBC-NCL,Gender-Neutral,28474,39766
1,"Assam University, Silchar","Electronics and Communication Engineering (4 Years, Bachelor of Technology)",HS,SC,Gender-Neutral,11609,13061
1,"Assam University, Silchar","Electronics and Communication Engineering (4 Years, Bachelor of Technology)",HS,ST,Gender-Neutral,4599,4613
1,"Birla Institute of Technology, Mesra, Ranchi","Architecture (5 Years, Bachelor of Architecture)",HS,General,Gender-Neutral,658,2966
1,"Birla Institute of Technology, Mesra, Ranchi","Architecture (5 Years, Bachelor of Architecture)",HS,SC,Gender-Neutral,288,774
1,"Birla Institute of Technology, Mesra, Ranchi","Architecture (5 Years, Bachelor of Architecture)",HS,ST,Gender-Neutral,196,257
1,"Birla Institute of Technology, Mesra, Ranchi","Architecture (5 Years, Bachelor of Architecture)",OS,General,Gender-Neutral,622,1150
1,"Birla Institute of Technology, Mesra, Ranchi","Architecture (5 Years, Bachelor of Architecture)",OS,General PwD,Gender-Neutral,15,15
1,"Birla Institute of Technology, Mesra, Ranchi","Architecture (5 Years, Bachelor of Architecture)",OS,SC,Gender-Neutral,191,204
1,"Birla Institute of Technology, Mesra, Ranchi","Architecture (5 Years, Bachelor of Architecture)",OS,ST,Gender-Neutral,68,68
1,"Birla Institute of Technology, Mesra, Ranchi","Bio Technology (4 Years, Bachelor of Technology)",HS,General,Gender-Neutral,40632,45622
1,"Birla Institute of Technology, Mesra, Ranchi","Bio Technology (4 Years, Bachelor of Technology)",HS,General PwD,Gender-Neutral,1510,2965
1,"Birla Institute of Technology, Mesra, Ranchi","Bio Technology (4 Years, Bachelor of Technology)",HS,SC,Gender-Neutral,11099,11510
1,"Birla Institute of Technology, Mesra, Ranchi","Bio Technology (4 Years, Bachelor of Technology)",HS,ST,Gender-Neutral,5391,13483
1,"Birla Institute of Technology, Mesra, Ranchi","Bio Technology (4 Years, Bachelor of Technology)",OS,General,Gender-Neutral,22651,30793
1,"Birla Institute of Technology, Mesra, Ranchi","Bio Technology (4 Years, Bachelor of Technology)",OS,General PwD,Gender-Neutral,870,870
1,"Birla Institute of Technology, Mesra, Ranchi","Bio Technology (4 Years, Bachelor of Technology)",OS,SC,Gender-Neutral,4661,5963
1,"Birla Institute of Technology, Mesra, Ranchi","Bio Technology (4 Years, Bachelor of Technology)",OS,ST,Gender-Neutral,2671,2815
1,"Birla Institute of Technology, Mesra, Ranchi","Chemical Engineering (4 Years, Bachelor of Technology)",HS,General,Gender-Neutral,24848,34604
1,"Birla Institute of Technology, Mesra, Ranchi","Chemical Engineering (4 Years, Bachelor of Technology)",HS,General PwD,Gender-Neutral,2350,2350
1,"Birla Institute of Technology, Mesra, Ranchi","Chemical Engineering (4 Years, Bachelor of Technology)",HS,SC,Gender-Neutral,7476,9910
1,"Birla Institute of Technology, Mesra, Ranchi","Chemical Engineering (4 Years, Bachelor of Technology)",HS,ST,Gender-Neutral,3801,8621
1,"Birla Institute of Technology, Mesra, Ranchi","Chemical Engineering (4 Years, Bachelor of Technology)",OS,General,Gender-Neutral,11362,23321
1,"Birla Institute of Technology, Mesra, Ranchi","Chemical Engineering (4 Years, Bachelor of Technology)",OS,General PwD,Gender-Neutral,1277,1277
1,"Birla Institute of Technology, Mesra, Ranchi","Chemical Engineering (4 Years, Bachelor of Technology)",OS,SC,Gender-Neutral,4153,5352
1,"Birla Institute of Technology, Mesra, Ranchi","Chemical Engineering (4 Years, Bachelor of Technology)",OS,ST,Gender-Neutral,2783,2905
1,"Birla Institute of Technology, Mesra, Ranchi","Chemical Engineering (Plastic and Polymer) (4 Years, Bachelor of Technology)",HS,General,Gender-Neutral,33386,42644
1,"Birla Institute of Technology, Mesra, Ranchi","Chemical Engineering (Plastic and Polymer) (4 Years, Bachelor of Technology)",HS,General PwD,Gender-Neutral,2428,2428
1,"Birla Institute of Technology, Mesra, Ranchi","Chemical Engineering (Plastic and Polymer) (4 Years, Bachelor of Technology)",HS,SC,Gender-Neutral,10076,12349
1,"Birla Institute of Technology, Mesra, Ranchi","Chemical Engineering (Plastic and Polymer) (4 Years, Bachelor of Technology)",HS,ST,Gender-Neutral,6394,12747
1,"Birla Institute of Technology, Mesra, Ranchi","Chemical Engineering (Plastic and Polymer) (4 Years, Bachelor of Technology)",OS,General,Gender-Neutral,22501,29483
1,"Birla Institute of Technology, Mesra, Ranchi","Chemical Engineering (Plastic and Polymer) (4 Years, Bachelor of Technology)",OS,General PwD,Gender-Neutral,2103,2103
1,"Birla Institute of Technology, Mesra, Ranchi","Chemical Engineering (Plastic and Polymer) (4 Years, Bachelor of Technology)",OS,SC,Gender-Neutral,6428,6944
1,"Birla Institute of Technology, Mesra, Ranchi","Chemical Engineering (Plastic and Polymer) (4 Years, Bachelor of Technology)",OS,ST,Gender-Neutral,3227,3623
1,"Birla Institute of Technology, Mesra, Ranchi","Civil Engineering (4 Years, Bachelor of Technology)",HS,General,Gender-Neutral,20991,33304
1,"Birla Institute of Technology, Mesra, Ranchi","Civil Engineering (4 Years, Bachelor of Technology)",HS,General PwD,Gender-Neutral,1513,1513
1,"Birla Institute of Technology, Mesra, Ranchi","Civil Engineering (4 Years, Bachelor of Technology)",HS,SC,Gender-Neutral,7279,9096
1,"Birla Institute of Technology, Mesra, Ranchi","Civil Engineering (4 Years, Bachelor of Technology)",HS,ST,Gender-Neutral,2107,4973
1,"Birla Institute of Technology, Mesra, Ranchi","Civil Engineering (4 Years, Bachelor of Technology)",OS,General,Gender-Neutral,16144,23372
1,"Birla Institute of Technology, Mesra, Ranchi","Civil Engineering (4 Years, Bachelor of Technology)",OS,General PwD,Gender-Neutral,1024,1024
1,"Birla Institute of Technology, Mesra, Ranchi","Civil Engineering (4 Years, Bachelor of Technology)",OS,SC,Gender-Neutral,2902,4683
1,"Birla Institute of Technology, Mesra, Ranchi","Civil Engineering (4 Years, Bachelor of Technology)",OS,SC PwD,Gender-Neutral,83,83
1,"Birla Institute of Technology, Mesra, Ranchi","Civil Engineering (4 Years, Bachelor of Technology)",OS,ST,Gender-Neutral,437,1169
1,"Birla Institute of Technology, Mesra, Ranchi","Computer Science and Engineering (4 Years, Bachelor of Technology)",HS,General,Gender-Neutral,4732,11618
1,"Birla Institute of Technology, Mesra, Ranchi","Computer Science and Engineering (4 Years, Bachelor of Technology)",HS,General PwD,Gender-Neutral,593,702
1,"Birla Institute of Technology, Mesra, Ranchi","Computer Science and Engineering (4 Years, Bachelor of Technology)",HS,SC,Gender-Neutral,2502,4752
1,"Birla Institute of Technology, Mesra, Ranchi","Computer Science and Engineering (4 Years, Bachelor of Technology)",HS,ST,Gender-Neutral,476,3447
1,"Birla Institute of Technology, Mesra, Ranchi","Computer Science and Engineering (4 Years, Bachelor of Technology)",HS,ST PwD,Gender-Neutral,49,49
1,"Birla Institute of Technology, Mesra, Ranchi","Computer Science and Engineering (4 Years, Bachelor of Technology)",OS,General,Gender-Neutral,5275,8930
1,"Birla Institute of Technology, Mesra, Ranchi","Computer Science and Engineering (4 Years, Bachelor of Technology)",OS,General PwD,Gender-Neutral,134,143
1,"Birla Institute of Technology, Mesra, Ranchi","Computer Science and Engineering (4 Years, Bachelor of Technology)",OS,SC,Gender-Neutral,1584,1984
1,"Birla Institute of Technology, Mesra, Ranchi","Computer Science and Engineering (4 Years, Bachelor of Technology)",OS,SC PwD,Gender-Neutral,25,25
1,"Birla Institute of Technology, Mesra, Ranchi","Computer Science and Engineering (4 Years, Bachelor of Technology)",OS,ST,Gender-Neutral,706,1871
1,"Birla Institute of Technology, Mesra, Ranchi","Electrical and Electronics Engineering (4 Years, Bachelor of Technology)",HS,General,Gender-Neutral,14924,24345
1,"Birla Institute of Technology, Mesra, Ranchi","Electrical and Electronics Engineering (4 Years, Bachelor of Technology)",HS,SC,Gender-Neutral,9404,9815
1,"Birla Institute of Technology, Mesra, Ranchi","Electrical and Electronics Engineering (4 Years, Bachelor of Technology)",HS,ST,Gender-Neutral,3215,7606
1,"Birla Institute of Technology, Mesra, Ranchi","Electrical and Electronics Engineering (4 Years, Bachelor of Technology)",OS,General,Gender-Neutral,4887,15773
1,"Birla Institute of Technology, Mesra, Ranchi","Electrical and Electronics Engineering (4 Years, Bachelor of Technology)",OS,SC,Gender-Neutral,3738,4486
1,"Birla Institute of Technology, Mesra, Ranchi","Electrical and Electronics Engineering (4 Years, Bachelor of Technology)",OS,ST,Gender-Neutral,1958,2210
1,"Birla Institute of Technology, Mesra, Ranchi","Electronics and Communication Engineering (4 Years, Bachelor of Technology)",HS,General,Gender-Neutral,13443,20955
1,"Birla Institute of Technology, Mesra, Ranchi","Electronics and Communication Engineering (4 Years, Bachelor of Technology)",HS,General PwD,Gender-Neutral,1529,1567
1,"Birla Institute of Technology, Mesra, Ranchi","Electronics and Communication Engineering (4 Years, Bachelor of Technology)",HS,SC,Gender-Neutral,5043,8277
1,"Birla Institute of Technology, Mesra, Ranchi","Electronics and Communication Engineering (4 Years, Bachelor of Technology)",HS,ST,Gender-Neutral,3503,7574
1,"Birla Institute of Technology, Mesra, Ranchi","Electronics and Communication Engineering (4 Years, Bachelor of Technology)",OS,General,Gender-Neutral,9230,13606
1,"Birla Institute of Technology, Mesra, Ranchi","Electronics and Communication Engineering (4 Years, Bachelor of Technology)",OS,General PwD,Gender-Neutral,353,568
1,"Birla Institute of Technology, Mesra, Ranchi","Electronics and Communication Engineering (4 Years, Bachelor of Technology)",OS,SC,Gender-Neutral,2608,4405
1,"Birla Institute of Technology, Mesra, Ranchi","Electronics and Communication Engineering (4 Years, Bachelor of Technology)",OS,ST,Gender-Neutral,779,2296
1,"Birla Institute of Technology, Mesra, Ranchi","Information Technology (4 Years, Bachelor of Technology)",HS,General,Gender-Neutral,12001,14868
1,"Birla Institute of Technology, Mesra, Ranchi","Information Technology (4 Years, Bachelor of Technology)",HS,General PwD,Gender-Neutral,1793,1793
1,"Birla Institute of Technology, Mesra, Ranchi","Information Technology (4 Years, Bachelor of Technology)",HS,SC,Gender-Neutral,5409,7574
1,"Birla Institute of Technology, Mesra, Ranchi","Information Technology (4 Years, Bachelor of Technology)",HS,ST,Gender-Neutral,4484,7109
1,"Birla Institute of Technology, Mesra, Ranchi","Information Technology (4 Years, Bachelor of Technology)",OS,General,Gender-Neutral,8962,10541
1,"Birla Institute of Technology, Mesra, Ranchi","Information Technology (4 Years, Bachelor of Technology)",OS,General PwD,Gender-Neutral,630,630
1,"Birla Institute of Technology, Mesra, Ranchi","Information Technology (4 Years, Bachelor of Technology)",OS,SC,Gender-Neutral,2462,3981
1,"Birla Institute of Technology, Mesra, Ranchi","Information Technology (4 Years, Bachelor of Technology)",OS,ST,Gender-Neutral,1935,2261
1,"Birla Institute of Technology, Mesra, Ranchi","Mechanical Engineering (4 Years, Bachelor of Technology)",HS,General,Gender-Neutral,21308,28495
1,"Birla Institute of Technology, Mesra, Ranchi","Mechanical Engineering (4 Years, Bachelor of Technology)",HS,SC,Gender-Neutral,5683,9392
1,"Birla Institute of Technology, Mesra, Ranchi","Mechanical Engineering (4 Years, Bachelor of Technology)",HS,ST,Gender-Neutral,1919,5832
1,"Birla Institute of Technology, Mesra, Ranchi","Mechanical Engineering (4 Years, Bachelor of Technology)",OS,General,Gender-Neutral,12818,18464
1,"Birla Institute of Technology, Mesra, Ranchi","Mechanical Engineering (4 Years, Bachelor of Technology)",OS,SC,Gender-Neutral,3271,4796
1,"Birla Institute of Technology, Mesra, Ranchi","Mechanical Engineering (4 Years, Bachelor of Technology)",OS,ST,Gender-Neutral,1677,2302
1,"Birla Institute of Technology, Mesra, Ranchi","Production Engineering (4 Years, Bachelor of Technology)",HS,General,Gender-Neutral,29407,40858
1,"Birla Institute of Technology, Mesra, Ranchi","Production Engineering (4 Years, Bachelor of Technology)",HS,SC,Gender-Neutral,10265,10779
1,"Birla Institute of Technology, Mesra, Ranchi","Production Engineering (4 Years, Bachelor of Technology)",HS,ST,Gender-Neutral,7672,10257
1,"Birla Institute of Technology, Mesra, Ranchi","Production Engineering (4 Years, Bachelor of Technology)",OS,General,Gender-Neutral,22572,29148
1,"Birla Institute of Technology, Mesra, Ranchi","Production Engineering (4 Years, Bachelor of Technology)",OS,SC,Gender-Neutral,5984,6536
1,"Birla Institute of Technology, Mesra, Ranchi","Production Engineering (4 Years, Bachelor of Technology)",OS,ST,Gender-Neutral,2505,4006
1,"Gurukula Kangri Vishwavidyalaya, Haridwar","Computer Science and Engineering (4 Years, Bachelor of Technology)",AI,General,Gender-Neutral,19678,31693
1,"Gurukula Kangri Vishwavidyalaya, Haridwar","Computer Science and Engineering (4 Years, Bachelor of Technology)",AI,General PwD,Gender-Neutral,575,1093
1,"Gurukula Kangri Vishwavidyalaya, Haridwar","Computer Science and Engineering (4 Years, Bachelor of Technology)",AI,OBC-NCL,Gender-Neutral,9714,11213
1,"Gurukula Kangri Vishwavidyalaya, Haridwar","Computer Science and Engineering (4 Years, Bachelor of Technology)",AI,OBC-NCL(PwD),Gender-Neutral,430,430
1,"Gurukula Kangri Vishwavidyalaya, Haridwar","Computer Science and Engineering (4 Years, Bachelor of Technology)",AI,SC,Gender-Neutral,6055,6999
1,"Gurukula Kangri Vishwavidyalaya, Haridwar","Computer Science and Engineering (4 Years, Bachelor of Technology)",AI,ST,Gender-Neutral,3528,4410
1,"Gurukula Kangri Vishwavidyalaya, Haridwar","Electrical Engineering (4 Years, Bachelor of Technology)",AI,General,Gender-Neutral,19349,37904
1,"Gurukula Kangri Vishwavidyalaya, Haridwar","Electrical Engineering (4 Years, Bachelor of Technology)",AI,General PwD,Gender-Neutral,1331,1384
1,"Gurukula Kangri Vishwavidyalaya, Haridwar","Electrical Engineering (4 Years, Bachelor of Technology)",AI,OBC-NCL,Gender-Neutral,9751,12068
1,"Gurukula Kangri Vishwavidyalaya, Haridwar","Electrical Engineering (4 Years, Bachelor of Technology)",AI,OBC-NCL(PwD),Gender-Neutral,843,903
1,"Gurukula Kangri Vishwavidyalaya, Haridwar","Electrical Engineering (4 Years, Bachelor of Technology)",AI,SC,Gender-Neutral,3670,6894
1,"Gurukula Kangri Vishwavidyalaya, Haridwar","Electrical Engineering (4 Years, Bachelor of Technology)",AI,ST,Gender-Neutral,1820,2970
1,"Gurukula Kangri Vishwavidyalaya, Haridwar","Electronics and Communication Engineering (4 Years, Bachelor of Technology)",AI,General,Gender-Neutral,30278,38061
1,"Gurukula Kangri Vishwavidyalaya, Haridwar","Electronics and Communication Engineering (4 Years, Bachelor of Technology)",AI,General PwD,Gender-Neutral,1848,1925
1,"Gurukula Kangri Vishwavidyalaya, Haridwar","Electronics and Communication Engineering (4 Years, Bachelor of Technology)",AI,OBC-NCL,Gender-Neutral,11078,12231
1,"Gurukula Kangri Vishwavidyalaya, Haridwar","Electronics and Communication Engineering (4 Years, Bachelor of Technology)",AI,OBC-NCL(PwD),Gender-Neutral,881,881
1,"Gurukula Kangri Vishwavidyalaya, Haridwar","Electronics and Communication Engineering (4 Years, Bachelor of Technology)",AI,SC,Gender-Neutral,4406,7444
1,"Gurukula Kangri Vishwavidyalaya, Haridwar","Electronics and Communication Engineering (4 Years, Bachelor of Technology)",AI,ST,Gender-Neutral,3194,4455
1,"Gurukula Kangri Vishwavidyalaya, Haridwar","Mechanical Engineering (4 Years, Bachelor of Technology)",AI,General,Gender-Neutral,27334,39147
1,"Gurukula Kangri Vishwavidyalaya, Haridwar","Mechanical Engineering (4 Years, Bachelor of Technology)",AI,General PwD,Gender-Neutral,1227,1613
1,"Gurukula Kangri Vishwavidyalaya, Haridwar","Mechanical Engineering (4 Years, Bachelor of Technology)",AI,OBC-NCL,Gender-Neutral,9853,12357
1,"Gurukula Kangri Vishwavidyalaya, Haridwar","Mechanical Engineering (4 Years, Bachelor of Technology)",AI,OBC-NCL(PwD),Gender-Neutral,937,937
1,"Gurukula Kangri Vishwavidyalaya, Haridwar","Mechanical Engineering (4 Years, Bachelor of Technology)",AI,SC,Gender-Neutral,3921,7270
1,"Gurukula Kangri Vishwavidyalaya, Haridwar","Mechanical Engineering (4 Years, Bachelor of Technology)",AI,ST,Gender-Neutral,1527,4011
1,"Indian Institute of Carpet Technology, Bhadohi","Carpet and Textile Technology (4 Years, Bachelor of Technology)",AI,General,Gender-Neutral,30474,42389
1,"Indian Institute of Carpet Technology, Bhadohi","Carpet and Textile Technology (4 Years, Bachelor of Technology)",AI,General PwD,Gender-Neutral,1764,2423
1,"Indian Institute of Carpet Technology, Bhadohi","Carpet and Textile Technology (4 Years, Bachelor of Technology)",AI,OBC-NCL,Gender-Neutral,11075,13403
1,"Indian Institute of Carpet Technology, Bhadohi","Carpet and Textile Technology (4 Years, Bachelor of Technology)",AI,OBC-NCL(PwD),Gender-Neutral,1038,1038
1,"Indian Institute of Carpet Technology, Bhadohi","Carpet and Textile Technology (4 Years, Bachelor of Technology)",AI,SC,Gender-Neutral,6751,8442
1,"Indian Institute of Carpet Technology, Bhadohi","Carpet and Textile Technology (4 Years, Bachelor of Technology)",AI,ST,Gender-Neutral,4848,4933
1,"Institute of Infrastructure, Technology, Research and Management-Ahmedabad","Civil Engineering (4 Years, Bachelor of Technology)",AI,General,Gender-Neutral,24113,29270
1,"Institute of Infrastructure, Technology, Research and Management-Ahmedabad","Civil Engineering (4 Years, Bachelor of Technology)",AI,OBC-NCL,Gender-Neutral,7721,10019
1,"Institute of Infrastructure, Technology, Research and Management-Ahmedabad","Civil Engineering (4 Years, Bachelor of Technology)",AI,OBC-NCL(PwD),Gender-Neutral,557,557
1,"Institute of Infrastructure, Technology, Research and Management-Ahmedabad","Civil Engineering (4 Years, Bachelor of Technology)",AI,SC,Gender-Neutral,3184,4749
1,"Institute of Infrastructure, Technology, Research and Management-Ahmedabad","Civil Engineering (4 Years, Bachelor of Technology)",AI,ST,Gender-Neutral,660,1641
1,"Institute of Infrastructure, Technology, Research and Management-Ahmedabad","Electrical Engineering (4 Years, Bachelor of Technology)",AI,General,Gender-Neutral,11424,26793
1,"Institute of Infrastructure, Technology, Research and Management-Ahmedabad","Electrical Engineering (4 Years, Bachelor of Technology)",AI,General PwD,Gender-Neutral,1188,1188
1,"Institute of Infrastructure, Technology, Research and Management-Ahmedabad","Electrical Engineering (4 Years, Bachelor of Technology)",AI,OBC-NCL,Gender-Neutral,7514,9712
1,"Institute of Infrastructure, Technology, Research and Management-Ahmedabad","Electrical Engineering (4 Years, Bachelor of Technology)",AI,SC,Gender-Neutral,3530,5261
1,"Institute of Infrastructure, Technology, Research and Management-Ahmedabad","Electrical Engineering (4 Years, Bachelor of Technology)",AI,ST,Gender-Neutral,1717,2287
1,"Institute of Infrastructure, Technology, Research and Management-Ahmedabad","Mechanical Engineering (4 Years, Bachelor of Technology)",AI,General,Gender-Neutral,12384,26386
1,"Institute of Infrastructure, Technology, Research and Management-Ahmedabad","Mechanical Engineering (4 Years, Bachelor of Technology)",AI,General PwD,Gender-Neutral,264,264
1,"Institute of Infrastructure, Technology, Research and Management-Ahmedabad","Mechanical Engineering (4 Years, Bachelor of Technology)",AI,OBC-NCL,Gender-Neutral,6998,9405
1,"Institute of Infrastructure, Technology, Research and Management-Ahmedabad","Mechanical Engineering (4 Years, Bachelor of Technology)",AI,SC,Gender-Neutral,4579,5875
1,"Institute of Infrastructure, Technology, Research and Management-Ahmedabad","Mechanical Engineering (4 Years, Bachelor of Technology)",AI,ST,Gender-Neutral,1532,2400
1,"Institute of Technology, Guru Ghasidas Vishwavidyalaya (A Central University), Bilaspur, (C.G.)","Chemical Engineering (4 Years, Bachelor of Technology)",AI,General,Gender-Neutral,28343,37514
1,"Institute of Technology, Guru Ghasidas Vishwavidyalaya (A Central University), Bilaspur, (C.G.)","Chemical Engineering (4 Years, Bachelor of Technology)",AI,General PwD,Gender-Neutral,1566,1752
1,"Institute of Technology, Guru Ghasidas Vishwavidyalaya (A Central University), Bilaspur, (C.G.)","Chemical Engineering (4 Years, Bachelor of Technology)",AI,OBC-NCL,Gender-Neutral,10069,12015
1,"Institute of Technology, Guru Ghasidas Vishwavidyalaya (A Central University), Bilaspur, (C.G.)","Chemical Engineering (4 Years, Bachelor of Technology)",AI,SC,Gender-Neutral,5599,6752
1,"Institute of Technology, Guru Ghasidas Vishwavidyalaya (A Central University), Bilaspur, (C.G.)","Chemical Engineering (4 Years, Bachelor of Technology)",AI,ST,Gender-Neutral,3256,4198
1,"Institute of Technology, Guru Ghasidas Vishwavidyalaya (A Central University), Bilaspur, (C.G.)","Civil Engineering (4 Years, Bachelor of Technology)",AI,General,Gender-Neutral,24385,35647
1,"Institute of Technology, Guru Ghasidas Vishwavidyalaya (A Central University), Bilaspur, (C.G.)","Civil Engineering (4 Years, Bachelor of Technology)",AI,General PwD,Gender-Neutral,1558,1558
1,"Institute of Technology, Guru Ghasidas Vishwavidyalaya (A Central University), Bilaspur, (C.G.)","Civil Engineering (4 Years, Bachelor of Technology)",AI,OBC-NCL,Gender-Neutral,10211,11984
1,"Institute of Technology, Guru Ghasidas Vishwavidyalaya (A Central University), Bilaspur, (C.G.)","Civil Engineering (4 Years, Bachelor of Technology)",AI,SC,Gender-Neutral,5165,5647
1,"Institute of Technology, Guru Ghasidas Vishwavidyalaya (A Central University), Bilaspur, (C.G.)","Civil Engineering (4 Years, Bachelor of Technology)",AI,SC PwD,Gender-Neutral,150,150
1,"Institute of Technology, Guru Ghasidas Vishwavidyalaya (A Central University), Bilaspur, (C.G.)","Civil Engineering (4 Years, Bachelor of Technology)",AI,ST,Gender-Neutral,1599,1856
1,"Institute of Technology, Guru Ghasidas Vishwavidyalaya (A Central University), Bilaspur, (C.G.)","Computer Science and Engineering (4 Years, Bachelor of Technology)",AI,General,Gender-Neutral,21548,31450
1,"Institute of Technology, Guru Ghasidas Vishwavidyalaya (A Central University), Bilaspur, (C.G.)","Computer Science and Engineering (4 Years, Bachelor of Technology)",AI,General PwD,Gender-Neutral,994,994
1,"Institute of Technology, Guru Ghasidas Vishwavidyalaya (A Central University), Bilaspur, (C.G.)","Computer Science and Engineering (4 Years, Bachelor of Technology)",AI,OBC-NCL,Gender-Neutral,10073,11333
1,"Institute of Technology, Guru Ghasidas Vishwavidyalaya (A Central University), Bilaspur, (C.G.)","Computer Science and Engineering (4 Years, Bachelor of Technology)",AI,SC,Gender-Neutral,4067,6659
1,"Institute of Technology, Guru Ghasidas Vishwavidyalaya (A Central University), Bilaspur, (C.G.)","Computer Science and Engineering (4 Years, Bachelor of Technology)",AI,ST,Gender-Neutral,3121,4256
1,"Institute of Technology, Guru Ghasidas Vishwavidyalaya (A Central University), Bilaspur, (C.G.)","Electronics and Communication Engineering (4 Years, Bachelor of Technology)",AI,General,Gender-Neutral,24721,35603
1,"Institute of Technology, Guru Ghasidas Vishwavidyalaya (A Central University), Bilaspur, (C.G.)","Electronics and Communication Engineering (4 Years, Bachelor of Technology)",AI,General PwD,Gender-Neutral,1921,1921
1,"Institute of Technology, Guru Ghasidas Vishwavidyalaya (A Central University), Bilaspur, (C.G.)","Electronics and Communication Engineering (4 Years, Bachelor of Technology)",AI,OBC-NCL,Gender-Neutral,10708,12388
1,"Institute of Technology, Guru Ghasidas Vishwavidyalaya (A Central University), Bilaspur, (C.G.)","Electronics and Communication Engineering (4 Years, Bachelor of Technology)",AI,OBC-NCL(PwD),Gender-Neutral,950,950
1,"Institute of Technology, Guru Ghasidas Vishwavidyalaya (A Central University), Bilaspur, (C.G.)","Electronics and Communication Engineering (4 Years, Bachelor of Technology)",AI,SC,Gender-Neutral,6443,7549
1,"Institute of Technology, Guru Ghasidas Vishwavidyalaya (A Central University), Bilaspur, (C.G.)","Electronics and Communication Engineering (4 Years, Bachelor of Technology)",AI,ST,Gender-Neutral,2425,4270
1,"Institute of Technology, Guru Ghasidas Vishwavidyalaya (A Central University), Bilaspur, (C.G.)","Industrial and Production Engineering (4 Years, Bachelor of Technology)",AI,General,Gender-Neutral,38910,41658
1,"Institute of Technology, Guru Ghasidas Vishwavidyalaya (A Central University), Bilaspur, (C.G.)","Industrial and Production Engineering (4 Years, Bachelor of Technology)",AI,General PwD,Gender-Neutral,2224,2224
1,"Institute of Technology, Guru Ghasidas Vishwavidyalaya (A Central University), Bilaspur, (C.G.)","Industrial and Production Engineering (4 Years, Bachelor of Technology)",AI,OBC-NCL,Gender-Neutral,12013,13323
1,"Institute of Technology, Guru Ghasidas Vishwavidyalaya (A Central University), Bilaspur, (C.G.)","Industrial and Production Engineering (4 Years, Bachelor of Technology)",AI,OBC-NCL(PwD),Gender-Neutral,1009,1009
1,"Institute of Technology, Guru Ghasidas Vishwavidyalaya (A Central University), Bilaspur, (C.G.)","Industrial and Production Engineering (4 Years, Bachelor of Technology)",AI,SC,Gender-Neutral,6229,8125
1,"Institute of Technology, Guru Ghasidas Vishwavidyalaya (A Central University), Bilaspur, (C.G.)","Industrial and Production Engineering (4 Years, Bachelor of Technology)",AI,ST,Gender-Neutral,3306,4797
1,"Institute of Technology, Guru Ghasidas Vishwavidyalaya (A Central University), Bilaspur, (C.G.)","Information Technology (4 Years, Bachelor of Technology)",AI,General,Gender-Neutral,25991,36081
1,"Institute of Technology, Guru Ghasidas Vishwavidyalaya (A Central University), Bilaspur, (C.G.)","Information Technology (4 Years, Bachelor of Technology)",AI,General PwD,Gender-Neutral,1067,1067
1,"Institute of Technology, Guru Ghasidas Vishwavidyalaya (A Central University), Bilaspur, (C.G.)","Information Technology (4 Years, Bachelor of Technology)",AI,OBC-NCL,Gender-Neutral,10876,12282
1,"Institute of Technology, Guru Ghasidas Vishwavidyalaya (A Central University), Bilaspur, (C.G.)","Information Technology (4 Years, Bachelor of Technology)",AI,OBC-NCL(PwD),Gender-Neutral,904,904
1,"Institute of Technology, Guru Ghasidas Vishwavidyalaya (A Central University), Bilaspur, (C.G.)","Information Technology (4 Years, Bachelor of Technology)",AI,SC,Gender-Neutral,6056,7669
1,"Institute of Technology, Guru Ghasidas Vishwavidyalaya (A Central University), Bilaspur, (C.G.)","Information Technology (4 Years, Bachelor of Technology)",AI,ST,Gender-Neutral,4384,4578
1,"Institute of Technology, Guru Ghasidas Vishwavidyalaya (A Central University), Bilaspur, (C.G.)","Mechanical Engineering (4 Years, Bachelor of Technology)",AI,General,Gender-Neutral,27578,38284
1,"Institute of Technology, Guru Ghasidas Vishwavidyalaya (A Central University), Bilaspur, (C.G.)","Mechanical Engineering (4 Years, Bachelor of Technology)",AI,General PwD,Gender-Neutral,980,980
1,"Institute of Technology, Guru Ghasidas Vishwavidyalaya (A Central University), Bilaspur, (C.G.)","Mechanical Engineering (4 Years, Bachelor of Technology)",AI,OBC-NCL,Gender-Neutral,10085,12363
1,"Institute of Technology, Guru Ghasidas Vishwavidyalaya (A Central University), Bilaspur, (C.G.)","Mechanical Engineering (4 Years, Bachelor of Technology)",AI,OBC-NCL(PwD),Gender-Neutral,741,741
1,"Institute of Technology, Guru Ghasidas Vishwavidyalaya (A Central University), Bilaspur, (C.G.)","Mechanical Engineering (4 Years, Bachelor of Technology)",AI,SC,Gender-Neutral,5999,7172
1,"Institute of Technology, Guru Ghasidas Vishwavidyalaya (A Central University), Bilaspur, (C.G.)","Mechanical Engineering (4 Years, Bachelor of Technology)",AI,ST,Gender-Neutral,2792,3421
1,"J.K. Institute of Applied Physics & Technology, Department of Electronics & Communication, University of Allahabad- Allahabad","Computer Science and Engineering (4 Years, Bachelor of Technology)",AI,General,Gender-Neutral,6272,25849
1,"J.K. Institute of Applied Physics & Technology, Department of Electronics & Communication, University of Allahabad- Allahabad","Computer Science and Engineering (4 Years, Bachelor of Technology)",AI,General PwD,Gender-Neutral,355,1108
1,"J.K. Institute of Applied Physics & Technology, Department of Electronics & Communication, University of Allahabad- Allahabad","Computer Science and Engineering (4 Years, Bachelor of Technology)",AI,OBC-NCL,Gender-Neutral,6257,9429
1,"J.K. Institute of Applied Physics & Technology, Department of Electronics & Communication, University of Allahabad- Allahabad","Computer Science and Engineering (4 Years, Bachelor of Technology)",AI,OBC-NCL(PwD),Gender-Neutral,620,620
1,"J.K. Institute of Applied Physics & Technology, Department of Electronics & Communication, University of Allahabad- Allahabad","Computer Science and Engineering (4 Years, Bachelor of Technology)",AI,SC,Gender-Neutral,3633,5311
1,"J.K. Institute of Applied Physics & Technology, Department of Electronics & Communication, University of Allahabad- Allahabad","Computer Science and Engineering (4 Years, Bachelor of Technology)",AI,ST,Gender-Neutral,2157,2879
1,"J.K. Institute of Applied Physics & Technology, Department of Electronics & Communication, University of Allahabad- Allahabad","Electronics and Communication Engineering (4 Years, Bachelor of Technology)",AI,General,Gender-Neutral,25922,29937
1,"J.K. Institute of Applied Physics & Technology, Department of Electronics & Communication, University of Allahabad- Allahabad","Electronics and Communication Engineering (4 Years, Bachelor of Technology)",AI,General PwD,Gender-Neutral,1370,1370
1,"J.K. Institute of Applied Physics & Technology, Department of Electronics & Communication, University of Allahabad- Allahabad","Electronics and Communication Engineering (4 Years, Bachelor of Technology)",AI,OBC-NCL,Gender-Neutral,8745,10524
1,"J.K. Institute of Applied Physics & Technology, Department of Electronics & Communication, University of Allahabad- Allahabad","Electronics and Communication Engineering (4 Years, Bachelor of Technology)",AI,OBC-NCL(PwD),Gender-Neutral,729,729
1,"J.K. Institute of Applied Physics & Technology, Department of Electronics & Communication, University of Allahabad- Allahabad","Electronics and Communication Engineering (4 Years, Bachelor of Technology)",AI,SC,Gender-Neutral,3573,6472
1,"J.K. Institute of Applied Physics & Technology, Department of Electronics & Communication, University of Allahabad- Allahabad","Electronics and Communication Engineering (4 Years, Bachelor of Technology)",AI,ST,Gender-Neutral,1451,3569
1,"National Institute of Electronics and Information Technology, Aurangabad (Maharashtra)","Electronics System Engineering (4 Years, Bachelor of Technology)",AI,General,Gender-Neutral,16842,29857
1,"National Institute of Electronics and Information Technology, Aurangabad (Maharashtra)","Electronics System Engineering (4 Years, Bachelor of Technology)",AI,General PwD,Gender-Neutral,1369,1948
1,"National Institute of Electronics and Information Technology, Aurangabad (Maharashtra)","Electronics System Engineering (4 Years, Bachelor of Technology)",AI,OBC-NCL,Gender-Neutral,8284,10546
1,"National Institute of Electronics and Information Technology, Aurangabad (Maharashtra)","Electronics System Engineering (4 Years, Bachelor of Technology)",AI,OBC-NCL(PwD),Gender-Neutral,928,928
1,"National Institute of Electronics and Information Technology, Aurangabad (Maharashtra)","Electronics System Engineering (4 Years, Bachelor of Technology)",AI,SC,Gender-Neutral,3821,6078
1,"National Institute of Electronics and Information Technology, Aurangabad (Maharashtra)","Electronics System Engineering (4 Years, Bachelor of Technology)",AI,ST,Gender-Neutral,3011,3562
1,"National Institute of Foundry & Forge Technology, Hatia, Ranchi","Manufacturing Engineering (4 Years, Bachelor of Technology)",AI,General,Gender-Neutral,29063,40518
1,"National Institute of Foundry & Forge Technology, Hatia, Ranchi","Manufacturing Engineering (4 Years, Bachelor of Technology)",AI,General PwD,Gender-Neutral,2019,2019
1,"National Institute of Foundry & Forge Technology, Hatia, Ranchi","Manufacturing Engineering (4 Years, Bachelor of Technology)",AI,OBC-NCL,Gender-Neutral,10496,12987
1,"National Institute of Foundry & Forge Technology, Hatia, Ranchi","Manufacturing Engineering (4 Years, Bachelor of Technology)",AI,OBC-NCL(PwD),Gender-Neutral,987,987
1,"National Institute of Foundry & Forge Technology, Hatia, Ranchi","Manufacturing Engineering (4 Years, Bachelor of Technology)",AI,SC,Gender-Neutral,7103,8113
1,"National Institute of Foundry & Forge Technology, Hatia, Ranchi","Manufacturing Engineering (4 Years, Bachelor of Technology)",AI,ST,Gender-Neutral,4895,4970
1,"National Institute of Foundry & Forge Technology, Hatia, Ranchi","Metallurgy and Materials Engineering (4 Years, Bachelor of Technology)",AI,General,Gender-Neutral,31144,37887
1,"National Institute of Foundry & Forge Technology, Hatia, Ranchi","Metallurgy and Materials Engineering (4 Years, Bachelor of Technology)",AI,General PwD,Gender-Neutral,1250,1250
1,"National Institute of Foundry & Forge Technology, Hatia, Ranchi","Metallurgy and Materials Engineering (4 Years, Bachelor of Technology)",AI,OBC-NCL,Gender-Neutral,9601,11840
1,"National Institute of Foundry & Forge Technology, Hatia, Ranchi","Metallurgy and Materials Engineering (4 Years, Bachelor of Technology)",AI,OBC-NCL(PwD),Gender-Neutral,956,956
1,"National Institute of Foundry & Forge Technology, Hatia, Ranchi","Metallurgy and Materials Engineering (4 Years, Bachelor of Technology)",AI,SC,Gender-Neutral,6427,7797
1,"National Institute of Foundry & Forge Technology, Hatia, Ranchi","Metallurgy and Materials Engineering (4 Years, Bachelor of Technology)",AI,ST,Gender-Neutral,3083,3761
1,Sant Longowal Institute of Engineering and Technology,"Chemical Engineering (4 Years, Bachelor of Technology)",AI,General,Gender-Neutral,30301,36660
1,Sant Longowal Institute of Engineering and Technology,"Chemical Engineering (4 Years, Bachelor of Technology)",AI,General PwD,Gender-Neutral,1623,1623
1,Sant Longowal Institute of Engineering and Technology,"Chemical Engineering (4 Years, Bachelor of Technology)",AI,OBC-NCL,Gender-Neutral,10058,11851
1,Sant Longowal Institute of Engineering and Technology,"Chemical Engineering (4 Years, Bachelor of Technology)",AI,OBC-NCL(PwD),Gender-Neutral,916,916
1,Sant Longowal Institute of Engineering and Technology,"Chemical Engineering (4 Years, Bachelor of Technology)",AI,SC,Gender-Neutral,6794,6860
1,Sant Longowal Institute of Engineering and Technology,"Chemical Engineering (4 Years, Bachelor of Technology)",AI,ST,Gender-Neutral,4286,4424
1,Sant Longowal Institute of Engineering and Technology,"Computer Science and Engineering (4 Years, Bachelor of Technology)",AI,General,Gender-Neutral,14265,30515
1,Sant Longowal Institute of Engineering and Technology,"Computer Science and Engineering (4 Years, Bachelor of Technology)",AI,General PwD,Gender-Neutral,1591,1591
1,Sant Longowal Institute of Engineering and Technology,"Computer Science and Engineering (4 Years, Bachelor of Technology)",AI,OBC-NCL,Gender-Neutral,9510,10692
1,Sant Longowal Institute of Engineering and Technology,"Computer Science and Engineering (4 Years, Bachelor of Technology)",AI,OBC-NCL(PwD),Gender-Neutral,766,766
1,Sant Longowal Institute of Engineering and Technology,"Computer Science and Engineering (4 Years, Bachelor of Technology)",AI,SC,Gender-Neutral,4643,6651
1,Sant Longowal Institute of Engineering and Technology,"Computer Science and Engineering (4 Years, Bachelor of Technology)",AI,ST,Gender-Neutral,3717,4236
1,Sant Longowal Institute of Engineering and Technology,"Electrical Engineering (4 Years, Bachelor of Technology)",AI,General,Gender-Neutral,26712,33536
1,Sant Longowal Institute of Engineering and Technology,"Electrical Engineering (4 Years, Bachelor of Technology)",AI,General PwD,Gender-Neutral,1571,1571
1,Sant Longowal Institute of Engineering and Technology,"Electrical Engineering (4 Years, Bachelor of Technology)",AI,OBC-NCL,Gender-Neutral,8794,12078
1,Sant Longowal Institute of Engineering and Technology,"Electrical Engineering (4 Years, Bachelor of Technology)",AI,SC,Gender-Neutral,6068,6790
1,Sant Longowal Institute of Engineering and Technology,"Electrical Engineering (4 Years, Bachelor of Technology)",AI,ST,Gender-Neutral,3265,3704
1,Sant Longowal Institute of Engineering and Technology,"Electronics and Communication Engineering (4 Years, Bachelor of Technology)",AI,General,Gender-Neutral,27023,32235
1,Sant Longowal Institute of Engineering and Technology,"Electronics and Communication Engineering (4 Years, Bachelor of Technology)",AI,General PwD,Gender-Neutral,2251,2251
1,Sant Longowal Institute of Engineering and Technology,"Electronics and Communication Engineering (4 Years, Bachelor of Technology)",AI,OBC-NCL,Gender-Neutral,9676,11147
1,Sant Longowal Institute of Engineering and Technology,"Electronics and Communication Engineering (4 Years, Bachelor of Technology)",AI,SC,Gender-Neutral,6640,6767
1,Sant Longowal Institute of Engineering and Technology,"Electronics and Communication Engineering (4 Years, Bachelor of Technology)",AI,ST,Gender-Neutral,4483,4504
1,Sant Longowal Institute of Engineering and Technology,"Food Technology (4 Years, Bachelor of Technology)",AI,General,Gender-Neutral,31324,42204
1,Sant Longowal Institute of Engineering and Technology,"Food Technology (4 Years, Bachelor of Technology)",AI,OBC-NCL,Gender-Neutral,11412,13524
1,Sant Longowal Institute of Engineering and Technology,"Food Technology (4 Years, Bachelor of Technology)",AI,OBC-NCL(PwD),Gender-Neutral,1056,1056
1,Sant Longowal Institute of Engineering and Technology,"Food Technology (4 Years, Bachelor of Technology)",AI,SC,Gender-Neutral,6179,8239
1,Sant Longowal Institute of Engineering and Technology,"Food Technology (4 Years, Bachelor of Technology)",AI,ST,Gender-Neutral,3670,4966
1,Sant Longowal Institute of Engineering and Technology,"Instrumentation and Control Engineering (4 Years, Bachelor of Technology)",AI,General,Gender-Neutral,28677,38847
1,Sant Longowal Institute of Engineering and Technology,"Instrumentation and Control Engineering (4 Years, Bachelor of Technology)",AI,OBC-NCL,Gender-Neutral,12390,12762
1,Sant Longowal Institute of Engineering and Technology,"Instrumentation and Control Engineering (4 Years, Bachelor of Technology)",AI,SC,Gender-Neutral,7311,8007
1,Sant Longowal Institute of Engineering and Technology,"Instrumentation and Control Engineering (4 Years, Bachelor of Technology)",AI,ST,Gender-Neutral,4836,4845
1,Sant Longowal Institute of Engineering and Technology,"Mechanical Engineering (Manuacturing Engineering) (4 Years, Bachelor of Technology)",AI,General,Gender-Neutral,28904,35173
1,Sant Longowal Institute of Engineering and Technology,"Mechanical Engineering (Manuacturing Engineering) (4 Years, Bachelor of Technology)",AI,General PwD,Gender-Neutral,1639,1639
1,Sant Longowal Institute of Engineering and Technology,"Mechanical Engineering (Manuacturing Engineering) (4 Years, Bachelor of Technology)",AI,OBC-NCL,Gender-Neutral,11060,12299
1,Sant Longowal Institute of Engineering and Technology,"Mechanical Engineering (Manuacturing Engineering) (4 Years, Bachelor of Technology)",AI,SC,Gender-Neutral,5948,6904
1,Sant Longowal Institute of Engineering and Technology,"Mechanical Engineering (Manuacturing Engineering) (4 Years, Bachelor of Technology)",AI,ST,Gender-Neutral,2125,4196
1,Sant Longowal Institute of Engineering and Technology,"Mechanical Engineering (Welding Technology) (4 Years, Bachelor of Technology)",AI,General,Gender-Neutral,34233,38419
1,Sant Longowal Institute of Engineering and Technology,"Mechanical Engineering (Welding Technology) (4 Years, Bachelor of Technology)",AI,General PwD,Gender-Neutral,1859,1859
1,Sant Longowal Institute of Engineering and Technology,"Mechanical Engineering (Welding Technology) (4 Years, Bachelor of Technology)",AI,OBC-NCL,Gender-Neutral,12098,12803
1,Sant Longowal Institute of Engineering and Technology,"Mechanical Engineering (Welding Technology) (4 Years, Bachelor of Technology)",AI,SC,Gender-Neutral,6220,7695
1,Sant Longowal Institute of Engineering and Technology,"Mechanical Engineering (Welding Technology) (4 Years, Bachelor of Technology)",AI,ST,Gender-Neutral,3106,4130
1,"Mizoram University, Aizawl","Architecture (5 Years, Bachelor of Architecture)",AI,General,Gender-Neutral,1453,1736
1,"Mizoram University, Aizawl","Architecture (5 Years, Bachelor of Architecture)",AI,General PwD,Gender-Neutral,126,126
1,"Mizoram University, Aizawl","Architecture (5 Years, Bachelor of Architecture)",AI,SC,Gender-Neutral,201,275
1,"Mizoram University, Aizawl","Architecture (5 Years, Bachelor of Architecture)",AI,ST,Gender-Neutral,126,153
1,"Mizoram University, Aizawl","Civil Engineering (4 Years, Bachelor of Technology)",AI,General,Gender-Neutral,35084,38291
1,"Mizoram University, Aizawl","Civil Engineering (4 Years, Bachelor of Technology)",AI,General PwD,Gender-Neutral,1847,1847
1,"Mizoram University, Aizawl","Civil Engineering (4 Years, Bachelor of Technology)",AI,SC,Gender-Neutral,6309,6970
1,"Mizoram University, Aizawl","Civil Engineering (4 Years, Bachelor of Technology)",AI,ST,Gender-Neutral,1947,3059
1,"Mizoram University, Aizawl","Computer Engineering (4 Years, Bachelor of Technology)",AI,General,Gender-Neutral,4827,35707
1,"Mizoram University, Aizawl","Computer Engineering (4 Years, Bachelor of Technology)",AI,General PwD,Gender-Neutral,1245,1245
1,"Mizoram University, Aizawl","Computer Engineering (4 Years, Bachelor of Technology)",AI,SC,Gender-Neutral,3594,7091
1,"Mizoram University, Aizawl","Computer Engineering (4 Years, Bachelor of Technology)",AI,ST,Gender-Neutral,4206,4855
1,"Mizoram University, Aizawl","Electrical Engineering (4 Years, Bachelor of Technology)",AI,General,Gender-Neutral,31216,37495
1,"Mizoram University, Aizawl","Electrical Engineering (4 Years, Bachelor of Technology)",AI,General PwD,Gender-Neutral,1755,1755
1,"Mizoram University, Aizawl","Electrical Engineering (4 Years, Bachelor of Technology)",AI,SC,Gender-Neutral,6330,6949
1,"Mizoram University, Aizawl","Electrical Engineering (4 Years, Bachelor of Technology)",AI,ST,Gender-Neutral,3898,4400
1,"Mizoram University, Aizawl","Electronics and Communication Engineering (4 Years, Bachelor of Technology)",AI,General,Gender-Neutral,36215,38230
1,"Mizoram University, Aizawl","Electronics and Communication Engineering (4 Years, Bachelor of Technology)",AI,General PwD,Gender-Neutral,2303,2303
1,"Mizoram University, Aizawl","Electronics and Communication Engineering (4 Years, Bachelor of Technology)",AI,SC,Gender-Neutral,7366,7575
1,"Mizoram University, Aizawl","Electronics and Communication Engineering (4 Years, Bachelor of Technology)",AI,ST,Gender-Neutral,4271,4537
1,"Mizoram University, Aizawl","Information Technology (4 Years, Bachelor of Technology)",AI,General,Gender-Neutral,32528,37107
1,"Mizoram University, Aizawl","Information Technology (4 Years, Bachelor of Technology)",AI,General PwD,Gender-Neutral,1926,1926
1,"Mizoram University, Aizawl","Information Technology (4 Years, Bachelor of Technology)",AI,SC,Gender-Neutral,7008,7836
1,"Mizoram University, Aizawl","Information Technology (4 Years, Bachelor of Technology)",AI,ST,Gender-Neutral,3520,4820
1,"School of Engineering, Tezpur University, Napaam, Tezpur","Civil Engineering (4 Years, Bachelor of Technology)",AI,General,Gender-Neutral,30167,37665
1,"School of Engineering, Tezpur University, Napaam, Tezpur","Civil Engineering (4 Years, Bachelor of Technology)",AI,General PwD,Gender-Neutral,456,456
1,"School of Engineering, Tezpur University, Napaam, Tezpur","Civil Engineering (4 Years, Bachelor of Technology)",AI,OBC-NCL,Gender-Neutral,10431,12036
1,"School of Engineering, Tezpur University, Napaam, Tezpur","Civil Engineering (4 Years, Bachelor of Technology)",AI,SC,Gender-Neutral,1496,5769
1,"School of Engineering, Tezpur University, Napaam, Tezpur","Civil Engineering (4 Years, Bachelor of Technology)",AI,ST,Gender-Neutral,1248,1918
1,"School of Engineering, Tezpur University, Napaam, Tezpur","Computer Science and Engineering (4 Years, Bachelor of Technology)",AI,General,Gender-Neutral,25369,30560
1,"School of Engineering, Tezpur University, Napaam, Tezpur","Computer Science and Engineering (4 Years, Bachelor of Technology)",AI,General PwD,Gender-Neutral,1130,1130
1,"School of Engineering, Tezpur University, Napaam, Tezpur","Computer Science and Engineering (4 Years, Bachelor of Technology)",AI,OBC-NCL,Gender-Neutral,9704,10476
1,"School of Engineering, Tezpur University, Napaam, Tezpur","Computer Science and Engineering (4 Years, Bachelor of Technology)",AI,SC,Gender-Neutral,5790,6655
1,"School of Engineering, Tezpur University, Napaam, Tezpur","Computer Science and Engineering (4 Years, Bachelor of Technology)",AI,ST,Gender-Neutral,3412,3412
1,"School of Engineering, Tezpur University, Napaam, Tezpur","Electrical Engineering (4 Years, Bachelor of Technology)",AI,General,Gender-Neutral,27169,37391
1,"School of Engineering, Tezpur University, Napaam, Tezpur","Electrical Engineering (4 Years, Bachelor of Technology)",AI,OBC-NCL,Gender-Neutral,9313,9776
1,"School of Engineering, Tezpur University, Napaam, Tezpur","Electrical Engineering (4 Years, Bachelor of Technology)",AI,OBC-NCL(PwD),Gender-Neutral,884,884
1,"School of Engineering, Tezpur University, Napaam, Tezpur","Electrical Engineering (4 Years, Bachelor of Technology)",AI,SC,Gender-Neutral,4814,6980
1,"School of Engineering, Tezpur University, Napaam, Tezpur","Electrical Engineering (4 Years, Bachelor of Technology)",AI,ST,Gender-Neutral,3606,3606
1,"School of Engineering, Tezpur University, Napaam, Tezpur","Electronics and Communication Engineering (4 Years, Bachelor of Technology)",AI,General,Gender-Neutral,31604,34937
1,"School of Engineering, Tezpur University, Napaam, Tezpur","Electronics and Communication Engineering (4 Years, Bachelor of Technology)",AI,OBC-NCL,Gender-Neutral,10492,11595
1,"School of Engineering, Tezpur University, Napaam, Tezpur","Electronics and Communication Engineering (4 Years, Bachelor of Technology)",AI,OBC-NCL(PwD),Gender-Neutral,980,980
1,"School of Engineering, Tezpur University, Napaam, Tezpur","Electronics and Communication Engineering (4 Years, Bachelor of Technology)",AI,SC,Gender-Neutral,4151,7684
1,"School of Engineering, Tezpur University, Napaam, Tezpur","Electronics and Communication Engineering (4 Years, Bachelor of Technology)",AI,ST,Gender-Neutral,2590,3504
1,"School of Engineering, Tezpur University, Napaam, Tezpur","Food Engineering and Technology (4 Years, Bachelor of Technology)",AI,General,Gender-Neutral,39236,42436
1,"School of Engineering, Tezpur University, Napaam, Tezpur","Food Engineering and Technology (4 Years, Bachelor of Technology)",AI,General PwD,Gender-Neutral,956,956
1,"School of Engineering, Tezpur University, Napaam, Tezpur","Food Engineering and Technology (4 Years, Bachelor of Technology)",AI,OBC-NCL,Gender-Neutral,12187,13186
1,"School of Engineering, Tezpur University, Napaam, Tezpur","Food Engineering and Technology (4 Years, Bachelor of Technology)",AI,SC,Gender-Neutral,7175,8057
1,"School of Engineering, Tezpur University, Napaam, Tezpur","Food Engineering and Technology (4 Years, Bachelor of Technology)",AI,ST,Gender-Neutral,4837,4837
1,"School of Engineering, Tezpur University, Napaam, Tezpur","Mechanical Engineering (4 Years, Bachelor of Technology)",AI,General,Gender-Neutral,29740,37845
1,"School of Engineering, Tezpur University, Napaam, Tezpur","Mechanical Engineering (4 Years, Bachelor of Technology)",AI,OBC-NCL,Gender-Neutral,10009,11795
1,"School of Engineering, Tezpur University, Napaam, Tezpur","Mechanical Engineering (4 Years, Bachelor of Technology)",AI,SC,Gender-Neutral,1586,6289
1,"School of Engineering, Tezpur University, Napaam, Tezpur","Mechanical Engineering (4 Years, Bachelor of Technology)",AI,ST,Gender-Neutral,3394,3920
1,"School of Planning & Architecture, Bhopal","Architecture (5 Years, Bachelor of Architecture)",AI,General,Gender-Neutral,262,689
1,"School of Planning & Architecture, Bhopal","Architecture (5 Years, Bachelor of Architecture)",AI,General PwD,Gender-Neutral,4,63
1,"School of Planning & Architecture, Bhopal","Architecture (5 Years, Bachelor of Architecture)",AI,OBC-NCL,Gender-Neutral,155,398
1,"School of Planning & Architecture, Bhopal","Architecture (5 Years, Bachelor of Architecture)",AI,OBC-NCL(PwD),Gender-Neutral,47,47
1,"School of Planning & Architecture, Bhopal","Architecture (5 Years, Bachelor of Architecture)",AI,SC,Gender-Neutral,54,113
1,"School of Planning & Architecture, Bhopal","Architecture (5 Years, Bachelor of Architecture)",AI,SC PwD,Gender-Neutral,20,20
1,"School of Planning & Architecture, Bhopal","Architecture (5 Years, Bachelor of Architecture)",AI,ST,Gender-Neutral,19,61
1,"School of Planning & Architecture, Bhopal","Planning (4 Years, Bachelor of Planning)",AI,General,Gender-Neutral,1034,1523
1,"School of Planning & Architecture, Bhopal","Planning (4 Years, Bachelor of Planning)",AI,General PwD,Gender-Neutral,228,228
1,"School of Planning & Architecture, Bhopal","Planning (4 Years, Bachelor of Planning)",AI,OBC-NCL,Gender-Neutral,542,700
1,"School of Planning & Architecture, Bhopal","Planning (4 Years, Bachelor of Planning)",AI,SC,Gender-Neutral,121,269
1,"School of Planning & Architecture, Bhopal","Planning (4 Years, Bachelor of Planning)",AI,ST,Gender-Neutral,148,150
1,"School of Planning & Architecture, New Delhi","Architecture (5 Years, Bachelor of Architecture)",AI,General,Gender-Neutral,7,414
1,"School of Planning & Architecture, New Delhi","Architecture (5 Years, Bachelor of Architecture)",AI,General PwD,Gender-Neutral,9,14
1,"School of Planning & Architecture, New Delhi","Architecture (5 Years, Bachelor of Architecture)",AI,OBC-NCL,Gender-Neutral,79,205
1,"School of Planning & Architecture, New Delhi","Architecture (5 Years, Bachelor of Architecture)",AI,OBC-NCL(PwD),Gender-Neutral,10,10
1,"School of Planning & Architecture, New Delhi","Architecture (5 Years, Bachelor of Architecture)",AI,SC,Gender-Neutral,23,52
1,"School of Planning & Architecture, New Delhi","Architecture (5 Years, Bachelor of Architecture)",AI,SC PwD,Gender-Neutral,6,6
1,"School of Planning & Architecture, New Delhi","Architecture (5 Years, Bachelor of Architecture)",AI,ST,Gender-Neutral,9,34
1,"School of Planning & Architecture, New Delhi","Architecture (5 Years, Bachelor of Architecture)",AI,ST PwD,Gender-Neutral,1,1
1,"School of Planning & Architecture, New Delhi","Planning (4 Years, Bachelor of Planning)",AI,General,Gender-Neutral,555,978
1,"School of Planning & Architecture, New Delhi","Planning (4 Years, Bachelor of Planning)",AI,General PwD,Gender-Neutral,44,44
1,"School of Planning & Architecture, New Delhi","Planning (4 Years, Bachelor of Planning)",AI,OBC-NCL,Gender-Neutral,229,485
1,"School of Planning & Architecture, New Delhi","Planning (4 Years, Bachelor of Planning)",AI,SC,Gender-Neutral,53,101
1,"School of Planning & Architecture, New Delhi","Planning (4 Years, Bachelor of Planning)",AI,ST,Gender-Neutral,36,100
1,School of Planning & Architecture: Vijayawada,"Architecture (5 Years, Bachelor of Architecture)",AI,General,Gender-Neutral,465,1022
1,School of Planning & Architecture: Vijayawada,"Architecture (5 Years, Bachelor of Architecture)",AI,General PwD,Gender-Neutral,35,58
1,School of Planning & Architecture: Vijayawada,"Architecture (5 Years, Bachelor of Architecture)",AI,OBC-NCL,Gender-Neutral,251,442
1,School of Planning & Architecture: Vijayawada,"Architecture (5 Years, Bachelor of Architecture)",AI,OBC-NCL(PwD),Gender-Neutral,71,71
1,School of Planning & Architecture: Vijayawada,"Architecture (5 Years, Bachelor of Architecture)",AI,SC,Gender-Neutral,91,180
1,School of Planning & Architecture: Vijayawada,"Architecture (5 Years, Bachelor of Architecture)",AI,SC PwD,Gender-Neutral,15,15
1,School of Planning & Architecture: Vijayawada,"Architecture (5 Years, Bachelor of Architecture)",AI,ST,Gender-Neutral,56,106
1,School of Planning & Architecture: Vijayawada,"Planning (4 Years, Bachelor of Planning)",AI,General,Gender-Neutral,1195,1710
1,School of Planning & Architecture: Vijayawada,"Planning (4 Years, Bachelor of Planning)",AI,General PwD,Gender-Neutral,119,119
1,School of Planning & Architecture: Vijayawada,"Planning (4 Years, Bachelor of Planning)",AI,OBC-NCL,Gender-Neutral,457,688
1,School of Planning & Architecture: Vijayawada,"Planning (4 Years, Bachelor of Planning)",AI,SC,Gender-Neutral,261,308
1,School of Planning & Architecture: Vijayawada,"Planning (4 Years, Bachelor of Planning)",AI,ST,Gender-Neutral,165,179
1,"Shri Mata Vaishno Devi University, Katra, Jammu & Kashmir","Architecture (5 Years, Bachelor of Architecture)",AI,General,Gender-Neutral,1366,1936
1,"Shri Mata Vaishno Devi University, Katra, Jammu & Kashmir","Architecture (5 Years, Bachelor of Architecture)",AI,General PwD,Gender-Neutral,137,156
1,"Shri Mata Vaishno Devi University, Katra, Jammu & Kashmir","Civil Engineering (4 Years, Bachelor of Technology)",AI,General,Gender-Neutral,35292,40231
1,"Shri Mata Vaishno Devi University, Katra, Jammu & Kashmir","Civil Engineering (4 Years, Bachelor of Technology)",AI,General PwD,Gender-Neutral,824,1152
1,"Shri Mata Vaishno Devi University, Katra, Jammu & Kashmir","Computer Science and Engineering (4 Years, Bachelor of Technology)",AI,General,Gender-Neutral,16615,34386
1,"Shri Mata Vaishno Devi University, Katra, Jammu & Kashmir","Computer Science and Engineering (4 Years, Bachelor of Technology)",AI,General PwD,Gender-Neutral,1253,1253
1,"Shri Mata Vaishno Devi University, Katra, Jammu & Kashmir","Electrical Engineering (4 Years, Bachelor of Technology)",AI,General,Gender-Neutral,27660,39082
1,"Shri Mata Vaishno Devi University, Katra, Jammu & Kashmir","Electrical Engineering (4 Years, Bachelor of Technology)",AI,General PwD,Gender-Neutral,1801,1951
1,"Shri Mata Vaishno Devi University, Katra, Jammu & Kashmir","Electronics and Communication Engineering (4 Years, Bachelor of Technology)",AI,General,Gender-Neutral,31308,39452
1,"Shri Mata Vaishno Devi University, Katra, Jammu & Kashmir","Electronics and Communication Engineering (4 Years, Bachelor of Technology)",AI,General PwD,Gender-Neutral,1875,1875
1,"Shri Mata Vaishno Devi University, Katra, Jammu & Kashmir","Mechanical Engineering (4 Years, Bachelor of Technology)",AI,General,Gender-Neutral,31132,40057
1,"Shri Mata Vaishno Devi University, Katra, Jammu & Kashmir","Mechanical Engineering (4 Years, Bachelor of Technology)",AI,General PwD,Gender-Neutral,1583,1583
1,"Indian Institute of Engineering Science and Technology, Shibpur","Aerospace Engineering (4 Years, Bachelor of Technology)",HS,General,Gender-Neutral,3729,20377
1,"Indian Institute of Engineering Science and Technology, Shibpur","Aerospace Engineering (4 Years, Bachelor of Technology)",HS,General,Female-only (including Supernumerary),23511,23511
1,"Indian Institute of Engineering Science and Technology, Shibpur","Aerospace Engineering (4 Years, Bachelor of Technology)",HS,General PwD,Gender-Neutral,545,545
1,"Indian Institute of Engineering Science and Technology, Shibpur","Aerospace Engineering (4 Years, Bachelor of Technology)",HS,OBC-NCL,Female-only (including Supernumerary),22409,22409
1,"Indian Institute of Engineering Science and Technology, Shibpur","Aerospace Engineering (4 Years, Bachelor of Technology)",HS,OBC-NCL,Gender-Neutral,10995,14249
1,"Indian Institute of Engineering Science and Technology, Shibpur","Aerospace Engineering (4 Years, Bachelor of Technology)",HS,SC,Gender-Neutral,1710,1807
1,"Indian Institute of Engineering Science and Technology, Shibpur","Aerospace Engineering (4 Years, Bachelor of Technology)",HS,SC,Female-only (including Supernumerary),3767,3767
1,"Indian Institute of Engineering Science and Technology, Shibpur","Aerospace Engineering (4 Years, Bachelor of Technology)",HS,ST,Gender-Neutral,1928,1928
1,"Indian Institute of Engineering Science and Technology, Shibpur","Aerospace Engineering (4 Years, Bachelor of Technology)",OS,General,Gender-Neutral,3295,11395
1,"Indian Institute of Engineering Science and Technology, Shibpur","Aerospace Engineering (4 Years, Bachelor of Technology)",OS,General,Female-only (including Supernumerary),9283,9283
1,"Indian Institute of Engineering Science and Technology, Shibpur","Aerospace Engineering (4 Years, Bachelor of Technology)",OS,General PwD,Gender-Neutral,484,484
1,"Indian Institute of Engineering Science and Technology, Shibpur","Aerospace Engineering (4 Years, Bachelor of Technology)",OS,OBC-NCL,Gender-Neutral,2502,3371
1,"Indian Institute of Engineering Science and Technology, Shibpur","Aerospace Engineering (4 Years, Bachelor of Technology)",OS,OBC-NCL,Female-only (including Supernumerary),7816,7816
1,"Indian Institute of Engineering Science and Technology, Shibpur","Aerospace Engineering (4 Years, Bachelor of Technology)",OS,OBC-NCL(PwD),Gender-Neutral,481,481
1,"Indian Institute of Engineering Science and Technology, Shibpur","Aerospace Engineering (4 Years, Bachelor of Technology)",OS,SC,Gender-Neutral,793,1365
1,"Indian Institute of Engineering Science and Technology, Shibpur","Aerospace Engineering (4 Years, Bachelor of Technology)",OS,ST,Gender-Neutral,584,1160
1,"Indian Institute of Engineering Science and Technology, Shibpur","Architecture, Town and Regional Planning (5 Years, Bachelor of Architecture)",HS,General,Gender-Neutral,940,1372
1,"Indian Institute of Engineering Science and Technology, Shibpur","Architecture, Town and Regional Planning (5 Years, Bachelor of Architecture)",HS,General,Female-only (including Supernumerary),690,690
1,"Indian Institute of Engineering Science and Technology, Shibpur","Architecture, Town and Regional Planning (5 Years, Bachelor of Architecture)",HS,OBC-NCL,Gender-Neutral,282,863
1,"Indian Institute of Engineering Science and Technology, Shibpur","Architecture, Town and Regional Planning (5 Years, Bachelor of Architecture)",HS,SC,Gender-Neutral,41,94
1,"Indian Institute of Engineering Science and Technology, Shibpur","Architecture, Town and Regional Planning (5 Years, Bachelor of Architecture)",HS,ST,Gender-Neutral,423,423
1,"Indian Institute of Engineering Science and Technology, Shibpur","Architecture, Town and Regional Planning (5 Years, Bachelor of Architecture)",OS,General,Female-only (including Supernumerary),1026,1026
1,"Indian Institute of Engineering Science and Technology, Shibpur","Architecture, Town and Regional Planning (5 Years, Bachelor of Architecture)",OS,General,Gender-Neutral,901,1376
1,"Indian Institute of Engineering Science and Technology, Shibpur","Architecture, Town and Regional Planning (5 Years, Bachelor of Architecture)",OS,General PwD,Gender-Neutral,19,19
1,"Indian Institute of Engineering Science and Technology, Shibpur","Architecture, Town and Regional Planning (5 Years, Bachelor of Architecture)",OS,OBC-NCL,Gender-Neutral,492,535
1,"Indian Institute of Engineering Science and Technology, Shibpur","Architecture, Town and Regional Planning (5 Years, Bachelor of Architecture)",OS,SC,Gender-Neutral,215,237
1,"Indian Institute of Engineering Science and Technology, Shibpur","Architecture, Town and Regional Planning (5 Years, Bachelor of Architecture)",OS,ST,Gender-Neutral,124,124
1,"Indian Institute of Engineering Science and Technology, Shibpur","Civil Engineering (4 Years, Bachelor of Technology)",HS,General,Female-only (including Supernumerary),14708,25973
1,"Indian Institute of Engineering Science and Technology, Shibpur","Civil Engineering (4 Years, Bachelor of Technology)",HS,General,Gender-Neutral,18696,25038
1,"Indian Institute of Engineering Science and Technology, Shibpur","Civil Engineering (4 Years, Bachelor of Technology)",HS,General PwD,Gender-Neutral,321,881
1,"Indian Institute of Engineering Science and Technology, Shibpur","Civil Engineering (4 Years, Bachelor of Technology)",HS,OBC-NCL,Gender-Neutral,12158,23441
1,"Indian Institute of Engineering Science and Technology, Shibpur","Civil Engineering (4 Years, Bachelor of Technology)",HS,OBC-NCL,Female-only (including Supernumerary),20761,27194
1,"Indian Institute of Engineering Science and Technology, Shibpur","Civil Engineering (4 Years, Bachelor of Technology)",HS,SC,Gender-Neutral,2564,3192
1,"Indian Institute of Engineering Science and Technology, Shibpur","Civil Engineering (4 Years, Bachelor of Technology)",HS,SC,Female-only (including Supernumerary),3976,5028
1,"Indian Institute of Engineering Science and Technology, Shibpur","Civil Engineering (4 Years, Bachelor of Technology)",HS,ST,Female-only (including Supernumerary),14547,14547
1,"Indian Institute of Engineering Science and Technology, Shibpur","Civil Engineering (4 Years, Bachelor of Technology)",HS,ST,Gender-Neutral,4789,6109
1,"Indian Institute of Engineering Science and Technology, Shibpur","Civil Engineering (4 Years, Bachelor of Technology)",OS,General,Gender-Neutral,16713,23442
1,"Indian Institute of Engineering Science and Technology, Shibpur","Civil Engineering (4 Years, Bachelor of Technology)",OS,General,Female-only (including Supernumerary),10017,26658
1,"Indian Institute of Engineering Science and Technology, Shibpur","Civil Engineering (4 Years, Bachelor of Technology)",OS,General PwD,Gender-Neutral,1443,1478
1,"Indian Institute of Engineering Science and Technology, Shibpur","Civil Engineering (4 Years, Bachelor of Technology)",OS,OBC-NCL,Female-only (including Supernumerary),10968,12656
1,"Indian Institute of Engineering Science and Technology, Shibpur","Civil Engineering (4 Years, Bachelor of Technology)",OS,OBC-NCL,Gender-Neutral,6267,7372
1,"Indian Institute of Engineering Science and Technology, Shibpur","Civil Engineering (4 Years, Bachelor of Technology)",OS,SC,Female-only (including Supernumerary),4352,4352
1,"Indian Institute of Engineering Science and Technology, Shibpur","Civil Engineering (4 Years, Bachelor of Technology)",OS,SC,Gender-Neutral,2327,4071
1,"Indian Institute of Engineering Science and Technology, Shibpur","Civil Engineering (4 Years, Bachelor of Technology)",OS,ST,Gender-Neutral,1074,1781
1,"Indian Institute of Engineering Science and Technology, Shibpur","Computer Science and Engineering (4 Years, Bachelor of Technology)",HS,General,Gender-Neutral,2118,7585
1,"Indian Institute of Engineering Science and Technology, Shibpur","Computer Science and Engineering (4 Years, Bachelor of Technology)",HS,General,Female-only (including Supernumerary),10413,11343
1,"Indian Institute of Engineering Science and Technology, Shibpur","Computer Science and Engineering (4 Years, Bachelor of Technology)",HS,General PwD,Gender-Neutral,155,155
1,"Indian Institute of Engineering Science and Technology, Shibpur","Computer Science and Engineering (4 Years, Bachelor of Technology)",HS,OBC-NCL,Female-only (including Supernumerary),9468,13845
1,"Indian Institute of Engineering Science and Technology, Shibpur","Computer Science and Engineering (4 Years, Bachelor of Technology)",HS,OBC-NCL,Gender-Neutral,2525,5379
1,"Indian Institute of Engineering Science and Technology, Shibpur","Computer Science and Engineering (4 Years, Bachelor of Technology)",HS,SC,Female-only (including Supernumerary),978,978
1,"Indian Institute of Engineering Science and Technology, Shibpur","Computer Science and Engineering (4 Years, Bachelor of Technology)",HS,SC,Gender-Neutral,299,903
1,"Indian Institute of Engineering Science and Technology, Shibpur","Computer Science and Engineering (4 Years, Bachelor of Technology)",HS,ST,Gender-Neutral,553,1587
1,"Indian Institute of Engineering Science and Technology, Shibpur","Computer Science and Engineering (4 Years, Bachelor of Technology)",OS,General,Female-only (including Supernumerary),8082,10678
1,"Indian Institute of Engineering Science and Technology, Shibpur","Computer Science and Engineering (4 Years, Bachelor of Technology)",OS,General,Gender-Neutral,6363,10405
1,"Indian Institute of Engineering Science and Technology, Shibpur","Computer Science and Engineering (4 Years, Bachelor of Technology)",OS,General PwD,Female-only (including Supernumerary),399,399
1,"Indian Institute of Engineering Science and Technology, Shibpur","Computer Science and Engineering (4 Years, Bachelor of Technology)",OS,OBC-NCL,Female-only (including Supernumerary),6509,6509
1,"Indian Institute of Engineering Science and Technology, Shibpur","Computer Science and Engineering (4 Years, Bachelor of Technology)",OS,OBC-NCL,Gender-Neutral,2557,3437
1,"Indian Institute of Engineering Science and Technology, Shibpur","Computer Science and Engineering (4 Years, Bachelor of Technology)",OS,OBC-NCL(PwD),Gender-Neutral,110,110
1,"Indian Institute of Engineering Science and Technology, Shibpur","Computer Science and Engineering (4 Years, Bachelor of Technology)",OS,SC,Female-only (including Supernumerary),3442,3442
1,"Indian Institute of Engineering Science and Technology, Shibpur","Computer Science and Engineering (4 Years, Bachelor of Technology)",OS,SC,Gender-Neutral,826,2087
1,"Indian Institute of Engineering Science and Technology, Shibpur","Computer Science and Engineering (4 Years, Bachelor of Technology)",OS,ST,Gender-Neutral,820,1105
1,"Indian Institute of Engineering Science and Technology, Shibpur","Computer Science and Engineering (4 Years, Bachelor of Technology)",OS,ST,Female-only (including Supernumerary),2483,2483
1,"Indian Institute of Engineering Science and Technology, Shibpur","Electrical Engineering (4 Years, Bachelor of Technology)",HS,General,Female-only (including Supernumerary),10393,17521
1,"Indian Institute of Engineering Science and Technology, Shibpur","Electrical Engineering (4 Years, Bachelor of Technology)",HS,General,Gender-Neutral,9829,15720
1,"Indian Institute of Engineering Science and Technology, Shibpur","Electrical Engineering (4 Years, Bachelor of Technology)",HS,General PwD,Gender-Neutral,258,258
1,"Indian Institute of Engineering Science and Technology, Shibpur","Electrical Engineering (4 Years, Bachelor of Technology)",HS,OBC-NCL,Gender-Neutral,7753,10809
1,"Indian Institute of Engineering Science and Technology, Shibpur","Electrical Engineering (4 Years, Bachelor of Technology)",HS,OBC-NCL,Female-only (including Supernumerary),10129,20151
1,"Indian Institute of Engineering Science and Technology, Shibpur","Electrical Engineering (4 Years, Bachelor of Technology)",HS,SC,Gender-Neutral,938,1855
1,"Indian Institute of Engineering Science and Technology, Shibpur","Electrical Engineering (4 Years, Bachelor of Technology)",HS,SC PwD,Gender-Neutral,105,105
1,"Indian Institute of Engineering Science and Technology, Shibpur","Electrical Engineering (4 Years, Bachelor of Technology)",HS,ST,Gender-Neutral,3991,4450
1,"Indian Institute of Engineering Science and Technology, Shibpur","Electrical Engineering (4 Years, Bachelor of Technology)",HS,ST,Female-only (including Supernumerary),5392,5392
1,"Indian Institute of Engineering Science and Technology, Shibpur","Electrical Engineering (4 Years, Bachelor of Technology)",OS,General,Female-only (including Supernumerary),18990,21406
1,"Indian Institute of Engineering Science and Technology, Shibpur","Electrical Engineering (4 Years, Bachelor of Technology)",OS,General,Gender-Neutral,4524,16695
1,"Indian Institute of Engineering Science and Technology, Shibpur","Electrical Engineering (4 Years, Bachelor of Technology)",OS,General PwD,Gender-Neutral,1261,1261
1,"Indian Institute of Engineering Science and Technology, Shibpur","Electrical Engineering (4 Years, Bachelor of Technology)",OS,OBC-NCL,Female-only (including Supernumerary),10036,10785
1,"Indian Institute of Engineering Science and Technology, Shibpur","Electrical Engineering (4 Years, Bachelor of Technology)",OS,OBC-NCL,Gender-Neutral,5313,6449
1,"Indian Institute of Engineering Science and Technology, Shibpur","Electrical Engineering (4 Years, Bachelor of Technology)",OS,OBC-NCL(PwD),Gender-Neutral,479,479
1,"Indian Institute of Engineering Science and Technology, Shibpur","Electrical Engineering (4 Years, Bachelor of Technology)",OS,SC,Female-only (including Supernumerary),4613,4613
1,"Indian Institute of Engineering Science and Technology, Shibpur","Electrical Engineering (4 Years, Bachelor of Technology)",OS,SC,Gender-Neutral,1550,3634
1,"Indian Institute of Engineering Science and Technology, Shibpur","Electrical Engineering (4 Years, Bachelor of Technology)",OS,ST,Gender-Neutral,1204,1657
1,"Indian Institute of Engineering Science and Technology, Shibpur","Electronics and Telecommunication Engineering (4 Years, Bachelor of Technology)",HS,General,Female-only (including Supernumerary),17868,18675
1,"Indian Institute of Engineering Science and Technology, Shibpur","Electronics and Telecommunication Engineering (4 Years, Bachelor of Technology)",HS,General,Gender-Neutral,4354,10889
1,"Indian Institute of Engineering Science and Technology, Shibpur","Electronics and Telecommunication Engineering (4 Years, Bachelor of Technology)",HS,General PwD,Gender-Neutral,407,407
1,"Indian Institute of Engineering Science and Technology, Shibpur","Electronics and Telecommunication Engineering (4 Years, Bachelor of Technology)",HS,OBC-NCL,Gender-Neutral,7960,10745
1,"Indian Institute of Engineering Science and Technology, Shibpur","Electronics and Telecommunication Engineering (4 Years, Bachelor of Technology)",HS,OBC-NCL,Female-only (including Supernumerary),16845,16845
1,"Indian Institute of Engineering Science and Technology, Shibpur","Electronics and Telecommunication Engineering (4 Years, Bachelor of Technology)",HS,OBC-NCL(PwD),Gender-Neutral,245,245
1,"Indian Institute of Engineering Science and Technology, Shibpur","Electronics and Telecommunication Engineering (4 Years, Bachelor of Technology)",HS,SC,Female-only (including Supernumerary),1781,1781
1,"Indian Institute of Engineering Science and Technology, Shibpur","Electronics and Telecommunication Engineering (4 Years, Bachelor of Technology)",HS,SC,Gender-Neutral,303,1378
1,"Indian Institute of Engineering Science and Technology, Shibpur","Electronics and Telecommunication Engineering (4 Years, Bachelor of Technology)",HS,ST,Gender-Neutral,2179,3954
1,"Indian Institute of Engineering Science and Technology, Shibpur","Electronics and Telecommunication Engineering (4 Years, Bachelor of Technology)",OS,General,Gender-Neutral,9610,14288
1,"Indian Institute of Engineering Science and Technology, Shibpur","Electronics and Telecommunication Engineering (4 Years, Bachelor of Technology)",OS,General,Female-only (including Supernumerary),18313,19291
1,"Indian Institute of Engineering Science and Technology, Shibpur","Electronics and Telecommunication Engineering (4 Years, Bachelor of Technology)",OS,General PwD,Gender-Neutral,1132,1132
1,"Indian Institute of Engineering Science and Technology, Shibpur","Electronics and Telecommunication Engineering (4 Years, Bachelor of Technology)",OS,OBC-NCL,Female-only (including Supernumerary),9274,9274
1,"Indian Institute of Engineering Science and Technology, Shibpur","Electronics and Telecommunication Engineering (4 Years, Bachelor of Technology)",OS,OBC-NCL,Gender-Neutral,3950,5432
1,"Indian Institute of Engineering Science and Technology, Shibpur","Electronics and Telecommunication Engineering (4 Years, Bachelor of Technology)",OS,SC,Gender-Neutral,2205,4015
1,"Indian Institute of Engineering Science and Technology, Shibpur","Electronics and Telecommunication Engineering (4 Years, Bachelor of Technology)",OS,ST,Gender-Neutral,2264,2406
1,"Indian Institute of Engineering Science and Technology, Shibpur","Information Technology (4 Years, Bachelor of Technology)",HS,General,Gender-Neutral,12734,17573
1,"Indian Institute of Engineering Science and Technology, Shibpur","Information Technology (4 Years, Bachelor of Technology)",HS,General,Female-only (including Supernumerary),16349,21098
1,"Indian Institute of Engineering Science and Technology, Shibpur","Information Technology (4 Years, Bachelor of Technology)",HS,General PwD,Gender-Neutral,370,370
1,"Indian Institute of Engineering Science and Technology, Shibpur","Information Technology (4 Years, Bachelor of Technology)",HS,OBC-NCL,Gender-Neutral,7017,15557
1,"Indian Institute of Engineering Science and Technology, Shibpur","Information Technology (4 Years, Bachelor of Technology)",HS,OBC-NCL,Female-only (including Supernumerary),14713,15616
1,"Indian Institute of Engineering Science and Technology, Shibpur","Information Technology (4 Years, Bachelor of Technology)",HS,SC,Gender-Neutral,1031,2656
1,"Indian Institute of Engineering Science and Technology, Shibpur","Information Technology (4 Years, Bachelor of Technology)",HS,SC,Female-only (including Supernumerary),3905,3905
1,"Indian Institute of Engineering Science and Technology, Shibpur","Information Technology (4 Years, Bachelor of Technology)",HS,ST,Gender-Neutral,2754,3565
1,"Indian Institute of Engineering Science and Technology, Shibpur","Information Technology (4 Years, Bachelor of Technology)",OS,General,Female-only (including Supernumerary),12107,12579
1,"Indian Institute of Engineering Science and Technology, Shibpur","Information Technology (4 Years, Bachelor of Technology)",OS,General,Gender-Neutral,10868,13632
1,"Indian Institute of Engineering Science and Technology, Shibpur","Information Technology (4 Years, Bachelor of Technology)",OS,General PwD,Gender-Neutral,1007,1007
1,"Indian Institute of Engineering Science and Technology, Shibpur","Information Technology (4 Years, Bachelor of Technology)",OS,OBC-NCL,Female-only (including Supernumerary),7786,7786
1,"Indian Institute of Engineering Science and Technology, Shibpur","Information Technology (4 Years, Bachelor of Technology)",OS,OBC-NCL,Gender-Neutral,3709,4866
1,"Indian Institute of Engineering Science and Technology, Shibpur","Information Technology (4 Years, Bachelor of Technology)",OS,OBC-NCL(PwD),Gender-Neutral,410,410
1,"Indian Institute of Engineering Science and Technology, Shibpur","Information Technology (4 Years, Bachelor of Technology)",OS,SC,Female-only (including Supernumerary),4061,4061
1,"Indian Institute of Engineering Science and Technology, Shibpur","Information Technology (4 Years, Bachelor of Technology)",OS,SC,Gender-Neutral,2723,4141
1,"Indian Institute of Engineering Science and Technology, Shibpur","Information Technology (4 Years, Bachelor of Technology)",OS,ST,Female-only (including Supernumerary),4039,4039
1,"Indian Institute of Engineering Science and Technology, Shibpur","Information Technology (4 Years, Bachelor of Technology)",OS,ST,Gender-Neutral,2134,2146
1,"Indian Institute of Engineering Science and Technology, Shibpur","Mechanical Engineering (4 Years, Bachelor of Technology)",HS,General,Gender-Neutral,8319,18560
1,"Indian Institute of Engineering Science and Technology, Shibpur","Mechanical Engineering (4 Years, Bachelor of Technology)",HS,General,Female-only (including Supernumerary),20706,22936
1,"Indian Institute of Engineering Science and Technology, Shibpur","Mechanical Engineering (4 Years, Bachelor of Technology)",HS,OBC-NCL,Gender-Neutral,4144,12108
1,"Indian Institute of Engineering Science and Technology, Shibpur","Mechanical Engineering (4 Years, Bachelor of Technology)",HS,OBC-NCL,Female-only (including Supernumerary),20391,20391
1,"Indian Institute of Engineering Science and Technology, Shibpur","Mechanical Engineering (4 Years, Bachelor of Technology)",HS,SC,Gender-Neutral,414,2538
1,"Indian Institute of Engineering Science and Technology, Shibpur","Mechanical Engineering (4 Years, Bachelor of Technology)",HS,ST,Gender-Neutral,1207,1327
1,"Indian Institute of Engineering Science and Technology, Shibpur","Mechanical Engineering (4 Years, Bachelor of Technology)",HS,ST,Female-only (including Supernumerary),23636,23636
1,"Indian Institute of Engineering Science and Technology, Shibpur","Mechanical Engineering (4 Years, Bachelor of Technology)",OS,General,Female-only (including Supernumerary),22335,24954
1,"Indian Institute of Engineering Science and Technology, Shibpur","Mechanical Engineering (4 Years, Bachelor of Technology)",OS,General,Gender-Neutral,9196,15798
1,"Indian Institute of Engineering Science and Technology, Shibpur","Mechanical Engineering (4 Years, Bachelor of Technology)",OS,OBC-NCL,Female-only (including Supernumerary),10822,11560
1,"Indian Institute of Engineering Science and Technology, Shibpur","Mechanical Engineering (4 Years, Bachelor of Technology)",OS,OBC-NCL,Gender-Neutral,4488,6027
1,"Indian Institute of Engineering Science and Technology, Shibpur","Mechanical Engineering (4 Years, Bachelor of Technology)",OS,SC,Female-only (including Supernumerary),3450,3450
1,"Indian Institute of Engineering Science and Technology, Shibpur","Mechanical Engineering (4 Years, Bachelor of Technology)",OS,SC,Gender-Neutral,1952,3718
1,"Indian Institute of Engineering Science and Technology, Shibpur","Mechanical Engineering (4 Years, Bachelor of Technology)",OS,ST,Gender-Neutral,753,1708
1,"Indian Institute of Engineering Science and Technology, Shibpur","Metallurgy and Materials Engineering (4 Years, Bachelor of Technology)",HS,General,Gender-Neutral,20850,27215
1,"Indian Institute of Engineering Science and Technology, Shibpur","Metallurgy and Materials Engineering (4 Years, Bachelor of Technology)",HS,General,Female-only (including Supernumerary),24981,24981
1,"Indian Institute of Engineering Science and Technology, Shibpur","Metallurgy and Materials Engineering (4 Years, Bachelor of Technology)",HS,General PwD,Gender-Neutral,1308,1308
1,"Indian Institute of Engineering Science and Technology, Shibpur","Metallurgy and Materials Engineering (4 Years, Bachelor of Technology)",HS,OBC-NCL,Female-only (including Supernumerary),25036,25036
1,"Indian Institute of Engineering Science and Technology, Shibpur","Metallurgy and Materials Engineering (4 Years, Bachelor of Technology)",HS,OBC-NCL,Gender-Neutral,18694,25506
1,"Indian Institute of Engineering Science and Technology, Shibpur","Metallurgy and Materials Engineering (4 Years, Bachelor of Technology)",HS,SC,Gender-Neutral,3569,4178
1,"Indian Institute of Engineering Science and Technology, Shibpur","Metallurgy and Materials Engineering (4 Years, Bachelor of Technology)",HS,SC,Female-only (including Supernumerary),5035,5035
1,"Indian Institute of Engineering Science and Technology, Shibpur","Metallurgy and Materials Engineering (4 Years, Bachelor of Technology)",HS,ST,Gender-Neutral,7367,7367
1,"Indian Institute of Engineering Science and Technology, Shibpur","Metallurgy and Materials Engineering (4 Years, Bachelor of Technology)",OS,General,Female-only (including Supernumerary),26541,26630
1,"Indian Institute of Engineering Science and Technology, Shibpur","Metallurgy and Materials Engineering (4 Years, Bachelor of Technology)",OS,General,Gender-Neutral,18360,27982
1,"Indian Institute of Engineering Science and Technology, Shibpur","Metallurgy and Materials Engineering (4 Years, Bachelor of Technology)",OS,OBC-NCL,Gender-Neutral,7669,8291
1,"Indian Institute of Engineering Science and Technology, Shibpur","Metallurgy and Materials Engineering (4 Years, Bachelor of Technology)",OS,OBC-NCL,Female-only (including Supernumerary),13427,13427
1,"Indian Institute of Engineering Science and Technology, Shibpur","Metallurgy and Materials Engineering (4 Years, Bachelor of Technology)",OS,SC,Gender-Neutral,4482,5277
1,"Indian Institute of Engineering Science and Technology, Shibpur","Metallurgy and Materials Engineering (4 Years, Bachelor of Technology)",OS,ST,Gender-Neutral,3969,4161
1,"Indian Institute of Engineering Science and Technology, Shibpur","Mining Engineering (4 Years, Bachelor of Technology)",HS,General,Female-only (including Supernumerary),31409,31409
1,"Indian Institute of Engineering Science and Technology, Shibpur","Mining Engineering (4 Years, Bachelor of Technology)",HS,General,Gender-Neutral,21516,29337
1,"Indian Institute of Engineering Science and Technology, Shibpur","Mining Engineering (4 Years, Bachelor of Technology)",HS,OBC-NCL,Gender-Neutral,17765,25621
1,"Indian Institute of Engineering Science and Technology, Shibpur","Mining Engineering (4 Years, Bachelor of Technology)",HS,OBC-NCL,Female-only (including Supernumerary),29058,29058
1,"Indian Institute of Engineering Science and Technology, Shibpur","Mining Engineering (4 Years, Bachelor of Technology)",HS,SC,Gender-Neutral,4432,4996
1,"Indian Institute of Engineering Science and Technology, Shibpur","Mining Engineering (4 Years, Bachelor of Technology)",HS,SC,Female-only (including Supernumerary),6627,6627
1,"Indian Institute of Engineering Science and Technology, Shibpur","Mining Engineering (4 Years, Bachelor of Technology)",HS,ST,Gender-Neutral,8313,8941
1,"Indian Institute of Engineering Science and Technology, Shibpur","Mining Engineering (4 Years, Bachelor of Technology)",OS,General,Female-only (including Supernumerary),30863,35251
1,"Indian Institute of Engineering Science and Technology, Shibpur","Mining Engineering (4 Years, Bachelor of Technology)",OS,General,Gender-Neutral,25271,28427
1,"Indian Institute of Engineering Science and Technology, Shibpur","Mining Engineering (4 Years, Bachelor of Technology)",OS,OBC-NCL,Female-only (including Supernumerary),13653,13653
1,"Indian Institute of Engineering Science and Technology, Shibpur","Mining Engineering (4 Years, Bachelor of Technology)",OS,OBC-NCL,Gender-Neutral,7201,7985
1,"Indian Institute of Engineering Science and Technology, Shibpur","Mining Engineering (4 Years, Bachelor of Technology)",OS,SC,Gender-Neutral,4928,5701
1,"Indian Institute of Engineering Science and Technology, Shibpur","Mining Engineering (4 Years, Bachelor of Technology)",OS,ST,Gender-Neutral,2479,2479
1,HNB Garhwal University Srinagar (Garhwal),"Computer Science and Engineering (4 Years, Bachelor of Technology)",AI,General,Female-only (including Supernumerary),13717,28050
1,HNB Garhwal University Srinagar (Garhwal),"Computer Science and Engineering (4 Years, Bachelor of Technology)",AI,General,Gender-Neutral,26781,32172
1,HNB Garhwal University Srinagar (Garhwal),"Computer Science and Engineering (4 Years, Bachelor of Technology)",AI,General PwD,Gender-Neutral,1743,1743
1,HNB Garhwal University Srinagar (Garhwal),"Computer Science and Engineering (4 Years, Bachelor of Technology)",AI,OBC-NCL,Gender-Neutral,9836,10354
1,HNB Garhwal University Srinagar (Garhwal),"Computer Science and Engineering (4 Years, Bachelor of Technology)",AI,OBC-NCL,Female-only (including Supernumerary),13109,13534
1,HNB Garhwal University Srinagar (Garhwal),"Computer Science and Engineering (4 Years, Bachelor of Technology)",AI,SC,Gender-Neutral,6657,6717
1,HNB Garhwal University Srinagar (Garhwal),"Computer Science and Engineering (4 Years, Bachelor of Technology)",AI,SC,Female-only (including Supernumerary),6742,6742
1,HNB Garhwal University Srinagar (Garhwal),"Computer Science and Engineering (4 Years, Bachelor of Technology)",AI,ST,Gender-Neutral,2545,2545
1,HNB Garhwal University Srinagar (Garhwal),"Electrical and Instrumentation Engineering (4 Years, Bachelor of Technology)",AI,General,Female-only (including Supernumerary),32645,40650
1,HNB Garhwal University Srinagar (Garhwal),"Electrical and Instrumentation Engineering (4 Years, Bachelor of Technology)",AI,General,Gender-Neutral,27218,39681
1,HNB Garhwal University Srinagar (Garhwal),"Electrical and Instrumentation Engineering (4 Years, Bachelor of Technology)",AI,General PwD,Gender-Neutral,2076,2076
1,HNB Garhwal University Srinagar (Garhwal),"Electrical and Instrumentation Engineering (4 Years, Bachelor of Technology)",AI,OBC-NCL,Gender-Neutral,12134,12793
1,HNB Garhwal University Srinagar (Garhwal),"Electrical and Instrumentation Engineering (4 Years, Bachelor of Technology)",AI,OBC-NCL,Female-only (including Supernumerary),15936,15936
1,HNB Garhwal University Srinagar (Garhwal),"Electrical and Instrumentation Engineering (4 Years, Bachelor of Technology)",AI,SC,Female-only (including Supernumerary),7857,7857
1,HNB Garhwal University Srinagar (Garhwal),"Electrical and Instrumentation Engineering (4 Years, Bachelor of Technology)",AI,SC,Gender-Neutral,7882,7937
1,HNB Garhwal University Srinagar (Garhwal),"Electrical and Instrumentation Engineering (4 Years, Bachelor of Technology)",AI,ST,Gender-Neutral,4801,4801
1,HNB Garhwal University Srinagar (Garhwal),"Electronics and Communication Engineering (4 Years, Bachelor of Technology)",AI,General,Gender-Neutral,28878,35873
1,HNB Garhwal University Srinagar (Garhwal),"Electronics and Communication Engineering (4 Years, Bachelor of Technology)",AI,General,Female-only (including Supernumerary),38569,39210
1,HNB Garhwal University Srinagar (Garhwal),"Electronics and Communication Engineering (4 Years, Bachelor of Technology)",AI,General PwD,Gender-Neutral,2099,2099
1,HNB Garhwal University Srinagar (Garhwal),"Electronics and Communication Engineering (4 Years, Bachelor of Technology)",AI,OBC-NCL,Female-only (including Supernumerary),15159,15289
1,HNB Garhwal University Srinagar (Garhwal),"Electronics and Communication Engineering (4 Years, Bachelor of Technology)",AI,OBC-NCL,Gender-Neutral,12159,12477
1,HNB Garhwal University Srinagar (Garhwal),"Electronics and Communication Engineering (4 Years, Bachelor of Technology)",AI,SC,Gender-Neutral,7623,7725
1,HNB Garhwal University Srinagar (Garhwal),"Electronics and Communication Engineering (4 Years, Bachelor of Technology)",AI,SC,Female-only (including Supernumerary),8227,8227
1,HNB Garhwal University Srinagar (Garhwal),"Electronics and Communication Engineering (4 Years, Bachelor of Technology)",AI,ST,Gender-Neutral,3707,3707
1,HNB Garhwal University Srinagar (Garhwal),"Information Technology (4 Years, Bachelor of Technology)",AI,General,Female-only (including Supernumerary),34471,37798
1,HNB Garhwal University Srinagar (Garhwal),"Information Technology (4 Years, Bachelor of Technology)",AI,General,Gender-Neutral,31556,36005
1,HNB Garhwal University Srinagar (Garhwal),"Information Technology (4 Years, Bachelor of Technology)",AI,OBC-NCL,Female-only (including Supernumerary),14435,14435
1,HNB Garhwal University Srinagar (Garhwal),"Information Technology (4 Years, Bachelor of Technology)",AI,OBC-NCL,Gender-Neutral,11175,11367
1,HNB Garhwal University Srinagar (Garhwal),"Information Technology (4 Years, Bachelor of Technology)",AI,OBC-NCL(PwD),Gender-Neutral,901,901
1,HNB Garhwal University Srinagar (Garhwal),"Information Technology (4 Years, Bachelor of Technology)",AI,SC,Gender-Neutral,7481,7808
1,HNB Garhwal University Srinagar (Garhwal),"Information Technology (4 Years, Bachelor of Technology)",AI,ST,Gender-Neutral,4119,4119
1,HNB Garhwal University Srinagar (Garhwal),"Mechanical Engineering (4 Years, Bachelor of Technology)",AI,General,Female-only (including Supernumerary),39758,40372
1,HNB Garhwal University Srinagar (Garhwal),"Mechanical Engineering (4 Years, Bachelor of Technology)",AI,General,Gender-Neutral,30741,38976
1,HNB Garhwal University Srinagar (Garhwal),"Mechanical Engineering (4 Years, Bachelor of Technology)",AI,General PwD,Gender-Neutral,1641,1641
1,HNB Garhwal University Srinagar (Garhwal),"Mechanical Engineering (4 Years, Bachelor of Technology)",AI,OBC-NCL,Gender-Neutral,11012,12502
1,HNB Garhwal University Srinagar (Garhwal),"Mechanical Engineering (4 Years, Bachelor of Technology)",AI,OBC-NCL,Female-only (including Supernumerary),15382,15382
1,HNB Garhwal University Srinagar (Garhwal),"Mechanical Engineering (4 Years, Bachelor of Technology)",AI,SC,Gender-Neutral,4098,4098
1,HNB Garhwal University Srinagar (Garhwal),"Mechanical Engineering (4 Years, Bachelor of Technology)",AI,SC,Female-only (including Supernumerary),7298,7298
1,HNB Garhwal University Srinagar (Garhwal),"Mechanical Engineering (4 Years, Bachelor of Technology)",AI,ST,Gender-Neutral,3531,3531
1,"International Institute of Information Technology, Naya Raipur","Computer Science and Engineering (4 Years, Bachelor of Technology)",AI,General,Gender-Neutral,13491,17876
1,"International Institute of Information Technology, Naya Raipur","Computer Science and Engineering (4 Years, Bachelor of Technology)",AI,General PwD,Gender-Neutral,1213,1213
1,"International Institute of Information Technology, Naya Raipur","Computer Science and Engineering (4 Years, Bachelor of Technology)",AI,OBC-NCL,Gender-Neutral,4444,6967
1,"International Institute of Information Technology, Naya Raipur","Computer Science and Engineering (4 Years, Bachelor of Technology)",AI,SC,Gender-Neutral,2477,4708
1,"International Institute of Information Technology, Naya Raipur","Computer Science and Engineering (4 Years, Bachelor of Technology)",AI,ST,Gender-Neutral,987,2326
1,"International Institute of Information Technology, Naya Raipur","Electronics and Communication Engineering (4 Years, Bachelor of Technology)",AI,General,Gender-Neutral,14042,23030
1,"International Institute of Information Technology, Naya Raipur","Electronics and Communication Engineering (4 Years, Bachelor of Technology)",AI,OBC-NCL,Gender-Neutral,5986,8896
1,"International Institute of Information Technology, Naya Raipur","Electronics and Communication Engineering (4 Years, Bachelor of Technology)",AI,SC,Gender-Neutral,3257,4934
1,"International Institute of Information Technology, Naya Raipur","Electronics and Communication Engineering (4 Years, Bachelor of Technology)",AI,ST,Gender-Neutral,2956,3122
1,University of Hyderabad,"Computer Science (5 Years, Integrated Master of Technology)",AI,General,Gender-Neutral,4257,11455
1,University of Hyderabad,"Computer Science (5 Years, Integrated Master of Technology)",AI,General PwD,Gender-Neutral,174,174
1,University of Hyderabad,"Computer Science (5 Years, Integrated Master of Technology)",AI,OBC-NCL,Gender-Neutral,3309,5103
1,University of Hyderabad,"Computer Science (5 Years, Integrated Master of Technology)",AI,SC,Gender-Neutral,287,2443
1,University of Hyderabad,"Computer Science (5 Years, Integrated Master of Technology)",AI,ST,Gender-Neutral,268,268
1,"Punjab Engineering College, Chandigarh","Aerospace Engineering (4 Years, Bachelor of Technology)",HS,General,Gender-Neutral,1699,28025
1,"Punjab Engineering College, Chandigarh","Aerospace Engineering (4 Years, Bachelor of Technology)",HS,General PwD,Gender-Neutral,3004,3004
1,"Punjab Engineering College, Chandigarh","Aerospace Engineering (4 Years, Bachelor of Technology)",HS,SC,Gender-Neutral,1680,5684
1,"Punjab Engineering College, Chandigarh","Aerospace Engineering (4 Years, Bachelor of Technology)",OS,General,Gender-Neutral,4900,11561
1,"Punjab Engineering College, Chandigarh","Aerospace Engineering (4 Years, Bachelor of Technology)",OS,General PwD,Gender-Neutral,259,259
1,"Punjab Engineering College, Chandigarh","Aerospace Engineering (4 Years, Bachelor of Technology)",OS,SC,Gender-Neutral,1153,1843
1,"Punjab Engineering College, Chandigarh","Aerospace Engineering (4 Years, Bachelor of Technology)",OS,SC PwD,Gender-Neutral,159,159
1,"Punjab Engineering College, Chandigarh","Aerospace Engineering (4 Years, Bachelor of Technology)",OS,ST,Gender-Neutral,1170,1300
1,"Punjab Engineering College, Chandigarh","Civil Engineering (4 Years, Bachelor of Technology)",HS,General,Gender-Neutral,19498,37191
1,"Punjab Engineering College, Chandigarh","Civil Engineering (4 Years, Bachelor of Technology)",HS,SC,Gender-Neutral,5818,11420
1,"Punjab Engineering College, Chandigarh","Civil Engineering (4 Years, Bachelor of Technology)",OS,General,Gender-Neutral,9922,23783
1,"Punjab Engineering College, Chandigarh","Civil Engineering (4 Years, Bachelor of Technology)",OS,General PwD,Gender-Neutral,327,1137
1,"Punjab Engineering College, Chandigarh","Civil Engineering (4 Years, Bachelor of Technology)",OS,SC,Gender-Neutral,2027,4123
1,"Punjab Engineering College, Chandigarh","Civil Engineering (4 Years, Bachelor of Technology)",OS,SC PwD,Gender-Neutral,98,98
1,"Punjab Engineering College, Chandigarh","Civil Engineering (4 Years, Bachelor of Technology)",OS,ST,Gender-Neutral,1290,1540
1,"Punjab Engineering College, Chandigarh","Computer Science and Engineering (4 Years, Bachelor of Technology)",HS,General,Gender-Neutral,1958,10908
1,"Punjab Engineering College, Chandigarh","Computer Science and Engineering (4 Years, Bachelor of Technology)",HS,General PwD,Gender-Neutral,569,1573
1,"Punjab Engineering College, Chandigarh","Computer Science and Engineering (4 Years, Bachelor of Technology)",HS,SC,Gender-Neutral,450,1137
1,"Punjab Engineering College, Chandigarh","Computer Science and Engineering (4 Years, Bachelor of Technology)",OS,General,Gender-Neutral,2511,6627
1,"Punjab Engineering College, Chandigarh","Computer Science and Engineering (4 Years, Bachelor of Technology)",OS,General PwD,Gender-Neutral,241,262
1,"Punjab Engineering College, Chandigarh","Computer Science and Engineering (4 Years, Bachelor of Technology)",OS,SC,Gender-Neutral,214,1645
1,"Punjab Engineering College, Chandigarh","Computer Science and Engineering (4 Years, Bachelor of Technology)",OS,SC PwD,Gender-Neutral,234,234
1,"Punjab Engineering College, Chandigarh","Computer Science and Engineering (4 Years, Bachelor of Technology)",OS,ST,Gender-Neutral,1697,2063
1,"Punjab Engineering College, Chandigarh","Electrical Engineering (4 Years, Bachelor of Technology)",HS,General,Gender-Neutral,11387,27145
1,"Punjab Engineering College, Chandigarh","Electrical Engineering (4 Years, Bachelor of Technology)",HS,SC,Gender-Neutral,3001,8724
1,"Punjab Engineering College, Chandigarh","Electrical Engineering (4 Years, Bachelor of Technology)",OS,General,Gender-Neutral,12432,17058
1,"Punjab Engineering College, Chandigarh","Electrical Engineering (4 Years, Bachelor of Technology)",OS,General PwD,Gender-Neutral,895,1178
1,"Punjab Engineering College, Chandigarh","Electrical Engineering (4 Years, Bachelor of Technology)",OS,SC,Gender-Neutral,1098,3626
1,"Punjab Engineering College, Chandigarh","Electrical Engineering (4 Years, Bachelor of Technology)",OS,ST,Gender-Neutral,711,1197
1,"Punjab Engineering College, Chandigarh","Electronics and Communication Engineering (4 Years, Bachelor of Technology)",HS,General,Gender-Neutral,9277,15341
1,"Punjab Engineering College, Chandigarh","Electronics and Communication Engineering (4 Years, Bachelor of Technology)",HS,General PwD,Gender-Neutral,894,2827
1,"Punjab Engineering College, Chandigarh","Electronics and Communication Engineering (4 Years, Bachelor of Technology)",HS,SC,Gender-Neutral,1209,2423
1,"Punjab Engineering College, Chandigarh","Electronics and Communication Engineering (4 Years, Bachelor of Technology)",OS,General,Gender-Neutral,7787,11829
1,"Punjab Engineering College, Chandigarh","Electronics and Communication Engineering (4 Years, Bachelor of Technology)",OS,General PwD,Gender-Neutral,1000,1354
1,"Punjab Engineering College, Chandigarh","Electronics and Communication Engineering (4 Years, Bachelor of Technology)",OS,SC,Gender-Neutral,2159,3319
1,"Punjab Engineering College, Chandigarh","Electronics and Communication Engineering (4 Years, Bachelor of Technology)",OS,ST,Gender-Neutral,2108,2304
1,"Punjab Engineering College, Chandigarh","Materials and Metallurgical Engineering (4 Years, Bachelor of Technology)",HS,General,Gender-Neutral,40604,48717
1,"Punjab Engineering College, Chandigarh","Materials and Metallurgical Engineering (4 Years, Bachelor of Technology)",HS,SC,Gender-Neutral,13085,16235
1,"Punjab Engineering College, Chandigarh","Materials and Metallurgical Engineering (4 Years, Bachelor of Technology)",OS,General,Gender-Neutral,25296,31264
1,"Punjab Engineering College, Chandigarh","Materials and Metallurgical Engineering (4 Years, Bachelor of Technology)",OS,General PwD,Gender-Neutral,2127,2127
1,"Punjab Engineering College, Chandigarh","Materials and Metallurgical Engineering (4 Years, Bachelor of Technology)",OS,SC,Gender-Neutral,4426,6064
1,"Punjab Engineering College, Chandigarh","Materials and Metallurgical Engineering (4 Years, Bachelor of Technology)",OS,ST,Gender-Neutral,4246,4246
1,"Punjab Engineering College, Chandigarh","Mechanical Engineering (4 Years, Bachelor of Technology)",HS,General,Gender-Neutral,7259,26839
1,"Punjab Engineering College, Chandigarh","Mechanical Engineering (4 Years, Bachelor of Technology)",HS,General PwD,Gender-Neutral,2489,2489
1,"Punjab Engineering College, Chandigarh","Mechanical Engineering (4 Years, Bachelor of Technology)",HS,SC,Gender-Neutral,3387,9673
1,"Punjab Engineering College, Chandigarh","Mechanical Engineering (4 Years, Bachelor of Technology)",OS,General,Gender-Neutral,8076,17148
1,"Punjab Engineering College, Chandigarh","Mechanical Engineering (4 Years, Bachelor of Technology)",OS,General PwD,Gender-Neutral,1221,1221
1,"Punjab Engineering College, Chandigarh","Mechanical Engineering (4 Years, Bachelor of Technology)",OS,SC,Gender-Neutral,3281,3707
1,"Punjab Engineering College, Chandigarh","Mechanical Engineering (4 Years, Bachelor of Technology)",OS,ST,Gender-Neutral,1719,1944
1,"Punjab Engineering College, Chandigarh","Production and Industrial Engineering (4 Years, Bachelor of Technology)",HS,General,Gender-Neutral,30988,40456
1,"Punjab Engineering College, Chandigarh","Production and Industrial Engineering (4 Years, Bachelor of Technology)",HS,SC,Gender-Neutral,12052,16075
1,"Punjab Engineering College, Chandigarh","Production and Industrial Engineering (4 Years, Bachelor of Technology)",OS,General,Gender-Neutral,20904,26782
1,"Punjab Engineering College, Chandigarh","Production and Industrial Engineering (4 Years, Bachelor of Technology)",OS,General PwD,Gender-Neutral,1719,1719
1,"Punjab Engineering College, Chandigarh","Production and Industrial Engineering (4 Years, Bachelor of Technology)",OS,SC,Gender-Neutral,4757,6248
1,"Punjab Engineering College, Chandigarh","Production and Industrial Engineering (4 Years, Bachelor of Technology)",OS,ST,Gender-Neutral,3007,3007
1,"Jawaharlal Nehru University, Delhi","Computer Science and Engineering (5 Years, Bachelor and Master of Technology (Dual Degree))",AI,General,Gender-Neutral,7983,13764
1,"Jawaharlal Nehru University, Delhi","Computer Science and Engineering (5 Years, Bachelor and Master of Technology (Dual Degree))",AI,General PwD,Gender-Neutral,333,333
1,"Jawaharlal Nehru University, Delhi","Computer Science and Engineering (5 Years, Bachelor and Master of Technology (Dual Degree))",AI,OBC-NCL,Gender-Neutral,3438,6437
1,"Jawaharlal Nehru University, Delhi","Computer Science and Engineering (5 Years, Bachelor and Master of Technology (Dual Degree))",AI,OBC-NCL(PwD),Gender-Neutral,183,183
1,"Jawaharlal Nehru University, Delhi","Computer Science and Engineering (5 Years, Bachelor and Master of Technology (Dual Degree))",AI,SC,Gender-Neutral,680,2939
1,"Jawaharlal Nehru University, Delhi","Computer Science and Engineering (5 Years, Bachelor and Master of Technology (Dual Degree))",AI,ST,Gender-Neutral,378,1994
1,"Jawaharlal Nehru University, Delhi","Electronics and Communication Engineering (5 Years, Bachelor and Master of Technology (Dual Degree))",AI,General,Gender-Neutral,6639,19543
1,"Jawaharlal Nehru University, Delhi","Electronics and Communication Engineering (5 Years, Bachelor and Master of Technology (Dual Degree))",AI,General PwD,Gender-Neutral,919,919
1,"Jawaharlal Nehru University, Delhi","Electronics and Communication Engineering (5 Years, Bachelor and Master of Technology (Dual Degree))",AI,OBC-NCL,Gender-Neutral,6472,8281
1,"Jawaharlal Nehru University, Delhi","Electronics and Communication Engineering (5 Years, Bachelor and Master of Technology (Dual Degree))",AI,OBC-NCL(PwD),Gender-Neutral,468,468
1,"Jawaharlal Nehru University, Delhi","Electronics and Communication Engineering (5 Years, Bachelor and Master of Technology (Dual Degree))",AI,SC,Gender-Neutral,2823,3987
1,"Jawaharlal Nehru University, Delhi","Electronics and Communication Engineering (5 Years, Bachelor and Master of Technology (Dual Degree))",AI,ST,Gender-Neutral,1503,2569
1,"International Institute of Information Technology, Bhubaneswar","Computer Engineering (4 Years, Bachelor of Technology)",AI,General,Gender-Neutral,13890,22780
1,"International Institute of Information Technology, Bhubaneswar","Computer Science and Engineering (4 Years, Bachelor of Technology)",AI,General,Gender-Neutral,8376,17606
1,"International Institute of Information Technology, Bhubaneswar","Electrical and Electronics Engineering (4 Years, Bachelor of Technology)",AI,General,Gender-Neutral,10965,26853
1,"International Institute of Information Technology, Bhubaneswar","Electronics and Telecommunication Engineering (4 Years, Bachelor of Technology)",AI,General,Gender-Neutral,17391,26385
1,"International Institute of Information Technology, Bhubaneswar","Information Technology (4 Years, Bachelor of Technology)",AI,General,Gender-Neutral,8706,23152
